1,0.0535,0.2762,0.0,33,8
2,0.0535,0.2762,0.0,33,33,8,8
3,0.0535,0.2762,0.0,33,33,33,8,8,8
1,0.0535,0.2762,0.0,33,8
2,0.0535,0.2762,0.0,33,33,8,8
3,0.0535,0.2762,0.0,33,33,33,8,8,8
4,0.0535,0.2762,0.0,33,33,33,33,8,8,8,8
5,0.0535,0.2762,0.0,33,33,33,33,33,8,8,8,8,8
6,0.0535,0.2762,0.0,33,33,33,33,33,33,8,8,8,8,8,8
7,0.0535,0.2762,0.0,33,33,33,33,33,33,33,8,8,8,8,8,8,8
8,0.0535,0.2762,0.0,33,33,33,33,33,33,33,33,8,8,8,8,8,8,8,8
9,0.0535,0.2762,0.0,33,33,33,33,33,33,33,33,33,8,8,8,8,8,8,8,8,8
10,0.0535,0.2762,0.0,33,33,33,33,33,33,33,33,33,33,8,8,8,8,8,8,8,8,8,8
11,0.0803,0.2613,0.0,33,33,33,33,33,33,33,33,33,33,33,8,8,8,8,8,8,7,7,7,7,7
12,0.0998,0.2514,0.006,33,33,33,33,33,33,33,33,33,33,57,57,8,7,7,7,7,7,7,7,7,7,8,8
13,0.0948,0.2555,0.0139,33,33,33,33,33,33,33,33,57,57,57,57,57,7,7,7,7,7,7,7,7,8,8,8,8,8
14,0.0863,0.2614,0.0206,33,33,33,33,33,33,57,57,57,57,57,57,57,57,7,7,7,7,7,7,8,8,8,8,8,8,8,8
15,0.0719,0.2708,0.0289,33,33,33,57,57,57,57,57,57,57,57,57,57,57,57,8,7,7,8,8,8,8,8,8,8,8,8,8,8,8
16,0.0659,0.275,0.0338,33,57,57,57,57,57,57,57,57,57,57,57,57,57,57,57,8,8,8,8,8,8,8,8,8,8,8,8,8,8,8,8
17,0.0673,0.2758,0.0376,57,57,57,57,57,57,57,57,57,57,57,57,57,57,57,69,69,8,8,8,8,8,8,8,8,8,8,8,8,8,8,8,8,8
18,0.5014,0.2827,0.16,57,75,75,75,75,75,75,75,75,75,75,75,75,75,75,81,81,81,4,5,5,4,4,4,4,4,4,4,4,4,4,4,4,15,15,15
19,0.4963,0.3036,0.1891,57,75,75,75,75,75,75,75,75,75,75,75,75,75,75,81,81,81,81,4,5,4,4,4,4,4,4,4,4,4,4,4,4,4,15,15,15,15
20,0.4916,0.3224,0.2154,57,75,75,75,75,75,75,75,75,75,75,75,75,75,75,81,81,81,81,81,4,4,4,4,4,4,4,4,4,4,4,4,4,4,4,15,15,15,15,15
21,0.4351,0.362,0.2707,57,75,75,75,75,75,75,75,75,75,75,75,75,75,81,81,81,81,81,81,81,4,5,5,4,4,4,4,4,4,4,4,4,4,4,15,15,15,15,15,15,15
22,0.4233,0.3765,0.2908,57,75,75,75,75,75,75,75,75,75,75,75,75,75,81,81,81,81,81,81,81,81,4,5,5,4,4,4,4,4,4,4,4,4,4,4,15,15,15,15,15,15,15,15
23,0.4225,0.3896,0.3092,57,75,75,75,75,75,75,75,75,75,75,75,75,75,81,81,81,81,81,81,81,81,81,4,5,4,4,4,4,4,4,4,4,4,4,4,4,15,15,15,15,15,15,15,15,15
24,0.4217,0.4017,0.326,57,75,75,75,75,75,75,75,75,75,75,75,75,75,81,81,81,81,81,81,81,81,81,81,4,4,4,4,4,4,4,4,4,4,4,4,4,4,15,15,15,15,15,15,15,15,15,15
25,0.377,0.4319,0.368,57,75,75,75,75,75,75,75,75,75,75,75,75,81,81,81,81,81,81,81,81,81,81,81,81,4,5,5,4,4,4,4,4,4,4,4,4,4,15,15,15,15,15,15,15,15,15,15,15,15
26,0.378,0.4414,0.3813,57,75,75,75,75,75,75,75,75,75,75,75,75,81,81,81,81,81,81,81,81,81,81,81,81,81,4,5,4,4,4,4,4,4,4,4,4,4,4,15,15,15,15,15,15,15,15,15,15,15,15,15
27,0.3789,0.4502,0.3936,57,75,75,75,75,75,75,75,75,75,75,75,75,81,81,81,81,81,81,81,81,81,81,81,81,81,81,4,4,4,4,4,4,4,4,4,4,4,4,4,15,15,15,15,15,15,15,15,15,15,15,15,15,15
28,0.3405,0.4754,0.4287,57,75,75,75,75,75,75,75,75,75,75,75,81,81,81,81,81,81,81,81,81,81,81,81,81,81,81,81,4,5,5,4,4,4,4,4,4,4,4,4,15,15,15,15,15,15,15,15,15,15,15,15,15,15,15,15
29,0.3427,0.4824,0.4385,57,75,75,75,75,75,75,75,75,75,75,75,81,81,81,81,81,81,81,81,81,81,81,81,81,81,81,81,81,4,5,4,4,4,4,4,4,4,4,4,4,15,15,15,15,15,15,15,15,15,15,15,15,15,15,15,15,15
30,0.3447,0.489,0.4477,57,75,75,75,75,75,75,75,75,75,75,75,81,81,81,81,81,81,81,81,81,81,81,81,81,81,81,81,81,81,4,4,4,4,4,4,4,4,4,4,4,4,15,15,15,15,15,15,15,15,15,15,15,15,15,15,15,15,15,15
1,0.0535,0.2762,0.0,33,8
1,0.0535,0.2762,0.0,33,8
2,0.0535,0.2762,0.0,33,33,8,8
3,0.0535,0.2762,0.0,33,33,33,8,8,8
4,0.0535,0.2762,0.0,33,33,33,33,8,8,8,8
5,0.0535,0.2762,0.0,33,33,33,33,33,8,8,8,8,8
6,0.0535,0.2762,0.0,33,33,33,33,33,33,8,8,8,8,8,8
7,0.0535,0.2762,0.0,33,33,33,33,33,33,33,8,8,8,8,8,8,8
8,0.0535,0.2762,0.0,33,33,33,33,33,33,33,33,8,8,8,8,8,8,8,8
9,0.0535,0.2762,0.0,33,33,33,33,33,33,33,33,33,8,8,8,8,8,8,8,8,8
10,0.0535,0.2762,0.0,33,33,33,33,33,33,33,33,33,33,8,8,8,8,8,8,8,8,8,8
11,0.0803,0.2613,0.0,33,33,33,33,33,33,33,33,33,33,33,8,8,8,8,8,8,7,7,7,7,7
12,0.0998,0.2514,0.006,33,33,33,33,33,33,33,33,33,33,57,57,8,7,7,7,7,7,7,7,7,7,8,8
13,0.0948,0.2555,0.0139,33,33,33,33,33,33,33,33,57,57,57,57,57,7,7,7,7,7,7,7,7,8,8,8,8,8
14,0.0863,0.2614,0.0206,33,33,33,33,33,33,57,57,57,57,57,57,57,57,7,7,7,7,7,7,8,8,8,8,8,8,8,8
15,0.0719,0.2708,0.0289,33,33,33,57,57,57,57,57,57,57,57,57,57,57,57,8,7,7,8,8,8,8,8,8,8,8,8,8,8,8
16,0.0659,0.275,0.0338,33,57,57,57,57,57,57,57,57,57,57,57,57,57,57,57,8,8,8,8,8,8,8,8,8,8,8,8,8,8,8,8
17,0.0673,0.2758,0.0376,57,57,57,57,57,57,57,57,57,57,57,57,57,57,57,69,69,8,8,8,8,8,8,8,8,8,8,8,8,8,8,8,8,8
18,0.5014,0.2827,0.16,57,75,75,75,75,75,75,75,75,75,75,75,75,75,75,81,81,81,4,5,5,4,4,4,4,4,4,4,4,4,4,4,4,15,15,15
19,0.4963,0.3036,0.1891,57,75,75,75,75,75,75,75,75,75,75,75,75,75,75,81,81,81,81,4,5,4,4,4,4,4,4,4,4,4,4,4,4,4,15,15,15,15
20,0.4916,0.3224,0.2154,57,75,75,75,75,75,75,75,75,75,75,75,75,75,75,81,81,81,81,81,4,4,4,4,4,4,4,4,4,4,4,4,4,4,4,15,15,15,15,15
21,0.4351,0.362,0.2707,57,75,75,75,75,75,75,75,75,75,75,75,75,75,81,81,81,81,81,81,81,4,5,5,4,4,4,4,4,4,4,4,4,4,4,15,15,15,15,15,15,15
22,0.4233,0.3765,0.2908,57,75,75,75,75,75,75,75,75,75,75,75,75,75,81,81,81,81,81,81,81,81,4,5,5,4,4,4,4,4,4,4,4,4,4,4,15,15,15,15,15,15,15,15
23,0.4225,0.3896,0.3092,57,75,75,75,75,75,75,75,75,75,75,75,75,75,81,81,81,81,81,81,81,81,81,4,5,4,4,4,4,4,4,4,4,4,4,4,4,15,15,15,15,15,15,15,15,15
24,0.4217,0.4017,0.326,57,75,75,75,75,75,75,75,75,75,75,75,75,75,81,81,81,81,81,81,81,81,81,81,4,4,4,4,4,4,4,4,4,4,4,4,4,4,15,15,15,15,15,15,15,15,15,15
25,0.377,0.4319,0.368,57,75,75,75,75,75,75,75,75,75,75,75,75,81,81,81,81,81,81,81,81,81,81,81,81,4,5,5,4,4,4,4,4,4,4,4,4,4,15,15,15,15,15,15,15,15,15,15,15,15
26,0.378,0.4414,0.3813,57,75,75,75,75,75,75,75,75,75,75,75,75,81,81,81,81,81,81,81,81,81,81,81,81,81,4,5,4,4,4,4,4,4,4,4,4,4,4,15,15,15,15,15,15,15,15,15,15,15,15,15
27,0.3789,0.4502,0.3936,57,75,75,75,75,75,75,75,75,75,75,75,75,81,81,81,81,81,81,81,81,81,81,81,81,81,81,4,4,4,4,4,4,4,4,4,4,4,4,4,15,15,15,15,15,15,15,15,15,15,15,15,15,15
28,0.3405,0.4754,0.4287,57,75,75,75,75,75,75,75,75,75,75,75,81,81,81,81,81,81,81,81,81,81,81,81,81,81,81,81,4,5,5,4,4,4,4,4,4,4,4,4,15,15,15,15,15,15,15,15,15,15,15,15,15,15,15,15
29,0.3427,0.4824,0.4385,57,75,75,75,75,75,75,75,75,75,75,75,81,81,81,81,81,81,81,81,81,81,81,81,81,81,81,81,81,4,5,4,4,4,4,4,4,4,4,4,4,15,15,15,15,15,15,15,15,15,15,15,15,15,15,15,15,15
30,0.3447,0.489,0.4477,57,75,75,75,75,75,75,75,75,75,75,75,81,81,81,81,81,81,81,81,81,81,81,81,81,81,81,81,81,81,4,4,4,4,4,4,4,4,4,4,4,4,15,15,15,15,15,15,15,15,15,15,15,15,15,15,15,15,15,15
1,0.0535,0.2762,0.0,33,8
2,0.0535,0.2762,0.0,33,33,8,8
3,0.0535,0.2762,0.0,33,33,33,8,8,8
4,0.0535,0.2762,0.0,33,33,33,33,8,8,8,8
5,0.0535,0.2762,0.0,33,33,33,33,33,8,8,8,8,8
6,0.0535,0.2762,0.0,33,33,33,33,33,33,8,8,8,8,8,8
7,0.0535,0.2762,0.0,33,33,33,33,33,33,33,8,8,8,8,8,8,8
8,0.0535,0.2762,0.0,33,33,33,33,33,33,33,33,8,8,8,8,8,8,8,8
9,0.0535,0.2762,0.0,33,33,33,33,33,33,33,33,33,8,8,8,8,8,8,8,8,8
10,0.0535,0.2762,0.0,33,33,33,33,33,33,33,33,33,33,8,8,8,8,8,8,8,8,8,8
11,0.0803,0.2613,0.0,33,33,33,33,33,33,33,33,33,33,33,8,8,8,8,8,8,7,7,7,7,7
12,0.0998,0.2514,0.006,33,33,33,33,33,33,33,33,33,33,57,57,8,7,7,7,7,7,7,7,7,7,8,8
13,0.0948,0.2555,0.0139,33,33,33,33,33,33,33,33,57,57,57,57,57,7,7,7,7,7,7,7,7,8,8,8,8,8
14,0.0863,0.2614,0.0206,33,33,33,33,33,33,57,57,57,57,57,57,57,57,7,7,7,7,7,7,8,8,8,8,8,8,8,8
15,0.0719,0.2708,0.0289,33,33,33,57,57,57,57,57,57,57,57,57,57,57,57,8,7,7,8,8,8,8,8,8,8,8,8,8,8,8
16,0.0659,0.275,0.0338,33,57,57,57,57,57,57,57,57,57,57,57,57,57,57,57,8,8,8,8,8,8,8,8,8,8,8,8,8,8,8,8
17,0.0673,0.2758,0.0376,57,57,57,57,57,57,57,57,57,57,57,57,57,57,57,69,69,8,8,8,8,8,8,8,8,8,8,8,8,8,8,8,8,8
18,0.5014,0.2827,0.16,57,75,75,75,75,75,75,75,75,75,75,75,75,75,75,81,81,81,4,5,5,4,4,4,4,4,4,4,4,4,4,4,4,15,15,15
19,0.4963,0.3036,0.1891,57,75,75,75,75,75,75,75,75,75,75,75,75,75,75,81,81,81,81,4,5,4,4,4,4,4,4,4,4,4,4,4,4,4,15,15,15,15
20,0.4916,0.3224,0.2154,57,75,75,75,75,75,75,75,75,75,75,75,75,75,75,81,81,81,81,81,4,4,4,4,4,4,4,4,4,4,4,4,4,4,4,15,15,15,15,15
21,0.4351,0.362,0.2707,57,75,75,75,75,75,75,75,75,75,75,75,75,75,81,81,81,81,81,81,81,4,5,5,4,4,4,4,4,4,4,4,4,4,4,15,15,15,15,15,15,15
22,0.4233,0.3765,0.2908,57,75,75,75,75,75,75,75,75,75,75,75,75,75,81,81,81,81,81,81,81,81,4,5,5,4,4,4,4,4,4,4,4,4,4,4,15,15,15,15,15,15,15,15
23,0.4225,0.3896,0.3092,57,75,75,75,75,75,75,75,75,75,75,75,75,75,81,81,81,81,81,81,81,81,81,4,5,4,4,4,4,4,4,4,4,4,4,4,4,15,15,15,15,15,15,15,15,15
24,0.4217,0.4017,0.326,57,75,75,75,75,75,75,75,75,75,75,75,75,75,81,81,81,81,81,81,81,81,81,81,4,4,4,4,4,4,4,4,4,4,4,4,4,4,15,15,15,15,15,15,15,15,15,15
25,0.377,0.4319,0.368,57,75,75,75,75,75,75,75,75,75,75,75,75,81,81,81,81,81,81,81,81,81,81,81,81,4,5,5,4,4,4,4,4,4,4,4,4,4,15,15,15,15,15,15,15,15,15,15,15,15
26,0.378,0.4414,0.3813,57,75,75,75,75,75,75,75,75,75,75,75,75,81,81,81,81,81,81,81,81,81,81,81,81,81,4,5,4,4,4,4,4,4,4,4,4,4,4,15,15,15,15,15,15,15,15,15,15,15,15,15
27,0.3789,0.4502,0.3936,57,75,75,75,75,75,75,75,75,75,75,75,75,81,81,81,81,81,81,81,81,81,81,81,81,81,81,4,4,4,4,4,4,4,4,4,4,4,4,4,15,15,15,15,15,15,15,15,15,15,15,15,15,15
28,0.3405,0.4754,0.4287,57,75,75,75,75,75,75,75,75,75,75,75,81,81,81,81,81,81,81,81,81,81,81,81,81,81,81,81,4,5,5,4,4,4,4,4,4,4,4,4,15,15,15,15,15,15,15,15,15,15,15,15,15,15,15,15
29,0.3427,0.4824,0.4385,57,75,75,75,75,75,75,75,75,75,75,75,81,81,81,81,81,81,81,81,81,81,81,81,81,81,81,81,81,4,5,4,4,4,4,4,4,4,4,4,4,15,15,15,15,15,15,15,15,15,15,15,15,15,15,15,15,15
30,0.3447,0.489,0.4477,57,75,75,75,75,75,75,75,75,75,75,75,81,81,81,81,81,81,81,81,81,81,81,81,81,81,81,81,81,81,4,4,4,4,4,4,4,4,4,4,4,4,15,15,15,15,15,15,15,15,15,15,15,15,15,15,15,15,15,15
