3,0.1434,0.4599,0.0,51,45,33,5,7,8
6,0.1329,0.4631,0.0,51,45,33,33,45,33,5,7,8,5,7,8
9,0.1246,0.4679,0.0,45,45,33,51,45,33,51,45,33,5,7,8,5,7,8,5,7,8
12,0.1278,0.481,0.0266,51,57,69,51,63,69,33,69,75,51,69,75,5,6,8,5,6,8,5,8,8,5,8,8
15,0.1408,0.5182,0.0637,51,75,75,51,75,75,33,75,75,51,75,69,51,75,75,5,8,8,5,8,8,5,8,8,5,8,8,5,8,8
18,0.4745,0.5306,0.1402,57,75,75,75,75,75,75,75,75,75,75,75,75,75,81,75,75,81,2,4,4,5,4,4,5,4,4,5,4,4,5,4,15,5,4,15
21,0.3931,0.6658,0.2876,57,75,81,75,75,81,75,75,81,75,75,81,75,75,81,75,75,81,75,75,81,2,5,15,5,5,15,5,4,15,5,4,15,5,4,15,5,4,15,5,4,15
24,0.4653,0.6629,0.2877,57,75,81,75,75,81,75,75,81,75,75,81,75,75,81,75,75,81,75,75,81,75,75,81,2,3,15,5,3,15,5,3,15,5,3,15,5,3,15,5,3,15,5,3,15,5,3,15
27,0.5265,0.6705,0.2877,33,75,81,75,75,81,75,75,81,75,75,81,75,75,81,75,75,81,75,75,81,75,75,81,75,75,81,1,3,15,4,3,15,4,3,15,4,3,15,4,3,15,4,3,15,4,3,15,4,3,15,4,3,15
30,0.548,0.6674,0.2877,57,75,81,75,75,81,75,75,81,75,75,81,75,75,81,75,75,81,75,75,81,75,75,81,75,75,81,75,75,81,1,3,15,4,3,15,4,3,15,4,3,15,3,3,15,3,3,15,3,3,15,3,3,15,3,3,15,3,3,15
