2,0.03,0.1488,0.0,33,39,8,8
4,0.03,0.1488,0.0,33,39,33,39,8,8,8,8
6,0.03,0.1488,0.0,33,39,33,39,33,39,8,8,8,8,8,8
8,0.03,0.1488,0.0,33,39,33,39,33,39,33,39,8,8,8,8,8,8,8,8
10,0.03,0.1488,0.0,33,33,33,33,33,33,33,33,33,39,8,8,8,8,8,8,8,8,8,8
12,0.0372,0.1569,0.023,33,63,33,57,33,69,33,69,33,69,33,69,8,8,8,8,8,8,8,8,8,8,7,8
14,0.0446,0.1528,0.0218,33,63,33,63,33,63,33,63,33,63,33,63,33,63,8,8,8,8,8,8,7,8,7,8,7,8,7,8
16,0.0384,0.1563,0.033,33,63,33,63,33,63,57,63,57,63,57,63,57,63,57,63,8,8,8,8,8,8,8,8,8,8,8,8,8,8,8,8
18,0.0457,0.1518,0.0302,57,57,57,57,57,57,57,57,57,57,57,57,57,57,57,75,57,75,8,8,8,7,8,7,8,7,8,7,8,7,8,7,8,8,8,8
20,0.0417,0.1559,0.0384,57,57,57,57,57,57,57,57,57,75,57,75,57,75,57,75,57,75,57,75,8,8,8,8,8,8,8,7,8,8,8,8,8,8,8,8,8,8,8,8
22,0.0435,0.1571,0.0431,57,57,57,57,57,75,57,75,57,75,57,75,57,75,57,75,57,75,57,75,57,75,8,7,8,7,8,8,8,8,8,8,8,8,8,8,8,8,8,8,8,8,8,8
24,0.0534,0.1555,0.047,57,75,57,75,57,75,57,75,57,75,57,75,57,75,57,75,57,75,57,75,57,75,57,75,8,8,8,8,8,8,8,8,8,8,8,7,8,7,8,7,8,7,8,7,8,7,8,7
26,0.0957,0.1391,0.047,57,75,57,75,57,75,57,75,57,75,57,75,57,75,57,75,57,75,57,75,57,75,57,75,57,75,8,6,8,6,8,6,8,6,8,6,8,6,8,6,8,6,8,6,8,6,7,6,7,6,7,6
28,0.1154,0.1304,0.047,57,75,57,75,57,75,57,75,57,75,57,75,57,75,57,75,57,75,57,75,57,75,57,75,57,75,57,75,8,6,7,6,7,6,7,6,7,6,7,6,7,6,7,6,7,6,7,6,7,6,7,6,7,6,7,6
30,0.3364,0.32,0.3478,57,81,75,81,75,81,75,81,75,81,75,81,75,81,75,81,75,81,75,81,75,81,75,81,75,81,81,81,81,81,4,12,4,12,4,12,4,12,4,12,4,12,4,12,4,12,4,12,4,12,4,12,4,12,4,12,15,12,15,12
2,0.03,0.1488,0.0,33,39,8,8
4,0.03,0.1488,0.0,33,39,33,39,8,8,8,8
6,0.03,0.1488,0.0,33,39,33,39,33,39,8,8,8,8,8,8
8,0.03,0.1488,0.0,33,39,33,39,33,39,33,39,8,8,8,8,8,8,8,8
10,0.03,0.1488,0.0,33,33,33,33,33,33,33,33,33,39,8,8,8,8,8,8,8,8,8,8
12,0.0372,0.1569,0.023,33,63,33,57,33,69,33,69,33,69,33,69,8,8,8,8,8,8,8,8,8,8,7,8
14,0.0446,0.1528,0.0218,33,63,33,63,33,63,33,63,33,63,33,63,33,63,8,8,8,8,8,8,7,8,7,8,7,8,7,8
16,0.0384,0.1563,0.033,33,63,33,63,33,63,57,63,57,63,57,63,57,63,57,63,8,8,8,8,8,8,8,8,8,8,8,8,8,8,8,8
18,0.0457,0.1518,0.0302,57,57,57,57,57,57,57,57,57,57,57,57,57,57,57,75,57,75,8,8,8,7,8,7,8,7,8,7,8,7,8,7,8,8,8,8
20,0.0417,0.1559,0.0384,57,57,57,57,57,57,57,57,57,75,57,75,57,75,57,75,57,75,57,75,8,8,8,8,8,8,8,7,8,8,8,8,8,8,8,8,8,8,8,8
22,0.0435,0.1571,0.0431,57,57,57,57,57,75,57,75,57,75,57,75,57,75,57,75,57,75,57,75,57,75,8,7,8,7,8,8,8,8,8,8,8,8,8,8,8,8,8,8,8,8,8,8
24,0.0534,0.1555,0.047,57,75,57,75,57,75,57,75,57,75,57,75,57,75,57,75,57,75,57,75,57,75,57,75,8,8,8,8,8,8,8,8,8,8,8,7,8,7,8,7,8,7,8,7,8,7,8,7
26,0.0957,0.1391,0.047,57,75,57,75,57,75,57,75,57,75,57,75,57,75,57,75,57,75,57,75,57,75,57,75,57,75,8,6,8,6,8,6,8,6,8,6,8,6,8,6,8,6,8,6,8,6,7,6,7,6,7,6
28,0.1154,0.1304,0.047,57,75,57,75,57,75,57,75,57,75,57,75,57,75,57,75,57,75,57,75,57,75,57,75,57,75,57,75,8,6,7,6,7,6,7,6,7,6,7,6,7,6,7,6,7,6,7,6,7,6,7,6,7,6,7,6
30,0.3364,0.32,0.3478,57,81,75,81,75,81,75,81,75,81,75,81,75,81,75,81,75,81,75,81,75,81,75,81,75,81,81,81,81,81,4,12,4,12,4,12,4,12,4,12,4,12,4,12,4,12,4,12,4,12,4,12,4,12,4,12,15,12,15,12
