2,0.0883,0.4698,0.0,33,39,5,8
4,0.096,0.476,0.0,33,39,51,39,5,8,5,8
6,0.0934,0.474,0.0,33,39,51,39,51,39,5,8,5,8,5,8
8,0.096,0.476,0.0,33,39,51,39,51,39,51,39,5,8,5,8,5,8,5,8
10,0.1049,0.4781,0.0203,33,63,51,33,51,63,51,75,51,75,5,8,5,6,5,8,5,8,5,8
12,0.1095,0.4842,0.0277,33,63,51,75,51,75,51,75,51,75,51,75,5,8,5,8,5,8,5,8,5,8,5,8
14,0.095,0.4753,0.0005,33,33,51,33,51,33,51,33,51,33,51,33,51,51,5,8,5,8,5,8,5,8,5,8,5,8,5,8
16,0.1901,0.5253,0.1216,33,69,51,69,51,69,51,69,51,69,51,81,51,81,51,81,5,6,5,5,5,5,5,5,5,5,5,12,5,12,5,12
18,0.2142,0.5643,0.195,33,69,51,69,51,69,51,81,51,81,51,81,51,81,51,81,51,81,5,5,5,5,5,5,5,12,5,12,5,12,5,12,5,12,5,12
20,0.2295,0.6104,0.279,33,81,51,81,51,81,51,81,51,81,51,81,51,81,51,81,51,81,51,81,5,12,5,12,5,12,5,12,5,12,5,12,5,12,5,12,5,12,5,12
22,0.2508,0.6114,0.279,33,81,51,81,51,81,51,81,51,81,51,81,51,81,51,81,51,81,51,81,51,81,3,12,5,12,5,12,5,12,5,12,5,12,5,12,5,12,5,12,5,12,4,12
24,0.2957,0.6104,0.279,33,81,51,81,51,81,51,81,51,81,51,81,51,81,51,81,51,81,51,81,51,81,51,81,3,12,5,12,5,12,5,12,5,12,4,12,4,12,4,12,4,12,4,12,4,12,4,12
26,0.3407,0.6113,0.279,33,81,51,81,51,81,51,81,51,81,51,81,51,81,51,81,51,81,51,81,51,81,51,81,51,81,3,12,4,12,4,12,4,12,4,12,4,12,4,12,4,12,4,12,4,12,4,12,4,12,4,12
28,0.3581,0.6104,0.279,33,81,51,81,51,81,51,81,51,81,51,81,51,81,51,81,51,81,51,81,51,81,51,81,51,81,51,81,3,12,4,12,4,12,4,12,4,12,4,12,4,12,4,12,4,12,4,12,3,12,3,12,3,12,3,12
30,0.3707,0.6111,0.279,33,81,51,81,51,81,51,81,51,81,51,81,51,81,51,81,51,81,51,81,51,81,51,81,51,81,51,81,51,81,3,12,4,12,4,12,4,12,4,12,4,12,4,12,3,12,3,12,3,12,3,12,3,12,3,12,3,12,3,12
2,0.0883,0.4698,0.0,33,39,5,8
4,0.096,0.476,0.0,33,39,51,39,5,8,5,8
6,0.0934,0.474,0.0,33,39,51,39,51,39,5,8,5,8,5,8
8,0.096,0.476,0.0,33,39,51,39,51,39,51,39,5,8,5,8,5,8,5,8
10,0.1049,0.4781,0.0203,33,63,51,33,51,63,51,75,51,75,5,8,5,6,5,8,5,8,5,8
12,0.1095,0.4842,0.0277,33,63,51,75,51,75,51,75,51,75,51,75,5,8,5,8,5,8,5,8,5,8,5,8
14,0.095,0.4753,0.0005,33,33,51,33,51,33,51,33,51,33,51,33,51,51,5,8,5,8,5,8,5,8,5,8,5,8,5,8
16,0.1901,0.5253,0.1216,33,69,51,69,51,69,51,69,51,69,51,81,51,81,51,81,5,6,5,5,5,5,5,5,5,5,5,12,5,12,5,12
18,0.2142,0.5643,0.195,33,69,51,69,51,69,51,81,51,81,51,81,51,81,51,81,51,81,5,5,5,5,5,5,5,12,5,12,5,12,5,12,5,12,5,12
20,0.2295,0.6104,0.279,33,81,51,81,51,81,51,81,51,81,51,81,51,81,51,81,51,81,51,81,5,12,5,12,5,12,5,12,5,12,5,12,5,12,5,12,5,12,5,12
22,0.2508,0.6114,0.279,33,81,51,81,51,81,51,81,51,81,51,81,51,81,51,81,51,81,51,81,51,81,3,12,5,12,5,12,5,12,5,12,5,12,5,12,5,12,5,12,5,12,4,12
24,0.2957,0.6104,0.279,33,81,51,81,51,81,51,81,51,81,51,81,51,81,51,81,51,81,51,81,51,81,51,81,3,12,5,12,5,12,5,12,5,12,4,12,4,12,4,12,4,12,4,12,4,12,4,12
26,0.3407,0.6113,0.279,33,81,51,81,51,81,51,81,51,81,51,81,51,81,51,81,51,81,51,81,51,81,51,81,51,81,3,12,4,12,4,12,4,12,4,12,4,12,4,12,4,12,4,12,4,12,4,12,4,12,4,12
28,0.3581,0.6104,0.279,33,81,51,81,51,81,51,81,51,81,51,81,51,81,51,81,51,81,51,81,51,81,51,81,51,81,51,81,3,12,4,12,4,12,4,12,4,12,4,12,4,12,4,12,4,12,4,12,3,12,3,12,3,12,3,12
30,0.3707,0.6111,0.279,33,81,51,81,51,81,51,81,51,81,51,81,51,81,51,81,51,81,51,81,51,81,51,81,51,81,51,81,51,81,3,12,4,12,4,12,4,12,4,12,4,12,4,12,3,12,3,12,3,12,3,12,3,12,3,12,3,12,3,12
