2,0.0768,0.2571,0.0,45,33,7,8
4,0.075,0.2565,0.0,45,33,45,33,7,8,7,8
6,0.0756,0.2567,0.0,45,33,45,33,45,33,7,8,7,8,7,8
8,0.075,0.2565,0.0,45,33,45,33,45,33,45,33,7,8,7,8,7,8,7,8
10,0.0754,0.2566,0.0,45,33,45,33,45,33,45,33,45,33,7,8,7,8,7,8,7,8,7,8
12,0.0793,0.2536,0.0,45,33,45,33,45,33,45,33,45,33,45,33,7,8,7,8,7,8,7,8,7,8,7,7
14,0.0882,0.2513,0.0129,45,33,45,33,45,57,39,57,45,57,45,57,45,57,7,7,7,7,7,8,7,8,7,8,7,8,7,8
16,0.0953,0.2512,0.018,33,57,51,57,51,57,51,57,51,57,51,57,51,57,51,57,6,8,7,8,7,8,7,8,7,8,7,8,6,8,6,8
18,0.5508,0.3112,0.1619,57,75,75,75,75,75,75,75,75,75,75,75,75,75,75,81,75,81,3,4,5,4,5,4,4,4,4,4,4,4,4,4,4,15,4,15
20,0.54,0.3674,0.2216,57,75,75,75,75,75,75,75,75,75,75,75,75,81,75,81,75,81,75,81,3,4,4,4,4,4,4,4,4,4,4,4,4,15,4,15,4,15,4,15
22,0.483,0.435,0.3006,57,75,75,75,75,75,75,75,75,81,75,81,75,81,75,81,75,81,75,81,75,81,3,4,5,4,4,4,4,4,4,15,4,15,4,15,4,15,4,15,4,15,4,15
24,0.4388,0.5038,0.3665,57,75,75,75,75,81,75,81,75,81,75,81,75,81,75,81,75,81,75,81,75,81,75,81,3,4,5,4,5,15,4,15,4,15,4,15,4,15,4,15,4,15,4,15,4,15,4,15
26,0.4309,0.5323,0.3966,57,75,75,81,75,81,75,81,75,81,75,81,75,81,75,81,75,81,75,81,75,81,75,81,75,81,3,4,5,15,4,15,4,15,4,15,4,15,4,15,4,15,4,15,4,15,4,15,4,15,4,15
28,0.426,0.5566,0.4225,57,81,75,81,75,81,75,81,75,81,75,81,75,81,75,81,75,81,75,81,75,81,75,81,75,81,75,81,3,15,4,15,4,15,4,15,4,15,4,15,4,15,4,15,4,15,4,15,4,15,4,15,4,15,3,15
30,0.4331,0.5518,0.4228,57,81,75,81,75,81,75,81,75,81,75,81,75,81,75,81,75,81,75,81,75,81,75,81,75,81,75,81,75,81,3,15,4,15,4,15,4,15,4,15,4,15,4,15,4,15,4,15,3,15,3,15,3,15,3,15,3,15,3,15
2,0.0768,0.2571,0.0,45,33,7,8
4,0.075,0.2565,0.0,45,33,45,33,7,8,7,8
6,0.0756,0.2567,0.0,45,33,45,33,45,33,7,8,7,8,7,8
8,0.075,0.2565,0.0,45,33,45,33,45,33,45,33,7,8,7,8,7,8,7,8
10,0.0754,0.2566,0.0,45,33,45,33,45,33,45,33,45,33,7,8,7,8,7,8,7,8,7,8
12,0.0793,0.2536,0.0,45,33,45,33,45,33,45,33,45,33,45,33,7,8,7,8,7,8,7,8,7,8,7,7
14,0.0882,0.2513,0.0129,45,33,45,33,45,57,39,57,45,57,45,57,45,57,7,7,7,7,7,8,7,8,7,8,7,8,7,8
16,0.0953,0.2512,0.018,33,57,51,57,51,57,51,57,51,57,51,57,51,57,51,57,6,8,7,8,7,8,7,8,7,8,7,8,6,8,6,8
18,0.5508,0.3112,0.1619,57,75,75,75,75,75,75,75,75,75,75,75,75,75,75,81,75,81,3,4,5,4,5,4,4,4,4,4,4,4,4,4,4,15,4,15
20,0.54,0.3674,0.2216,57,75,75,75,75,75,75,75,75,75,75,75,75,81,75,81,75,81,75,81,3,4,4,4,4,4,4,4,4,4,4,4,4,15,4,15,4,15,4,15
22,0.483,0.435,0.3006,57,75,75,75,75,75,75,75,75,81,75,81,75,81,75,81,75,81,75,81,75,81,3,4,5,4,4,4,4,4,4,15,4,15,4,15,4,15,4,15,4,15,4,15
24,0.4388,0.5038,0.3665,57,75,75,75,75,81,75,81,75,81,75,81,75,81,75,81,75,81,75,81,75,81,75,81,3,4,5,4,5,15,4,15,4,15,4,15,4,15,4,15,4,15,4,15,4,15,4,15
26,0.4309,0.5323,0.3966,57,75,75,81,75,81,75,81,75,81,75,81,75,81,75,81,75,81,75,81,75,81,75,81,75,81,3,4,5,15,4,15,4,15,4,15,4,15,4,15,4,15,4,15,4,15,4,15,4,15,4,15
28,0.426,0.5566,0.4225,57,81,75,81,75,81,75,81,75,81,75,81,75,81,75,81,75,81,75,81,75,81,75,81,75,81,75,81,3,15,4,15,4,15,4,15,4,15,4,15,4,15,4,15,4,15,4,15,4,15,4,15,4,15,3,15
30,0.4331,0.5518,0.4228,57,81,75,81,75,81,75,81,75,81,75,81,75,81,75,81,75,81,75,81,75,81,75,81,75,81,75,81,75,81,3,15,4,15,4,15,4,15,4,15,4,15,4,15,4,15,4,15,3,15,3,15,3,15,3,15,3,15,3,15
