2,0.0357,0.2025,0.0,69,39,6,8
4,0.0506,0.1835,0.0,69,33,57,39,6,8,6,8
6,0.0456,0.1898,0.0,69,33,57,39,69,39,6,8,6,8,6,8
8,0.0506,0.1835,0.0,69,33,57,39,69,39,69,39,6,8,6,8,6,8,6,8
10,0.0476,0.1873,0.0,69,33,57,39,69,39,69,39,69,39,6,8,6,8,6,8,6,8,6,8
12,0.05,0.193,0.0074,69,57,57,57,69,57,69,57,69,57,69,57,6,8,6,8,6,8,6,8,6,8,6,8
14,0.0524,0.1895,0.0074,69,57,57,57,69,57,69,57,69,57,69,57,69,57,6,8,6,8,6,8,6,8,6,8,6,8,6,8
16,0.051,0.1915,0.0074,69,57,57,57,69,57,69,57,69,57,69,57,69,57,69,57,6,8,6,8,6,8,6,8,6,8,6,8,6,8,6,8
18,0.0668,0.1849,0.0194,69,57,57,57,69,57,69,57,69,75,69,75,69,75,69,75,69,75,6,7,6,7,6,7,6,7,6,8,6,8,6,8,6,8,6,8
20,0.0652,0.1923,0.0289,69,75,57,75,69,75,69,75,69,75,69,75,69,75,69,75,69,75,69,75,6,8,6,8,6,8,6,8,6,8,6,8,6,8,6,8,6,8,6,8
22,0.0845,0.1757,0.0231,57,57,69,57,69,57,69,75,69,75,69,75,69,75,69,75,69,75,69,75,69,75,6,7,6,6,6,6,6,7,6,7,6,7,6,7,6,7,6,7,6,7,6,7
24,0.086,0.1799,0.0289,57,75,69,75,69,75,69,75,69,75,69,75,69,75,69,75,69,75,69,75,69,75,69,75,6,7,6,7,6,7,6,7,6,7,6,7,6,7,6,7,6,7,6,7,6,7,6,6
26,0.1029,0.1667,0.0256,57,57,69,57,69,75,69,75,69,75,69,75,69,75,69,75,69,75,69,75,69,75,69,75,69,75,6,6,6,6,6,6,6,6,6,6,6,6,6,6,6,6,6,6,6,6,6,6,6,6,6,6
28,0.1234,0.167,0.0289,57,75,69,75,69,75,69,75,69,75,69,75,69,75,69,75,69,75,69,75,69,75,69,75,69,75,69,75,6,6,6,6,6,6,6,6,6,6,6,6,6,6,6,6,6,6,6,6,6,6,6,5,6,5,6,5
30,0.1887,0.1618,0.0295,57,75,69,75,69,75,69,75,69,75,69,75,69,75,69,75,69,75,69,75,69,75,69,75,69,75,69,75,75,75,6,5,6,5,6,5,6,5,6,5,6,5,6,5,6,5,6,5,6,5,6,5,6,5,6,5,6,5,6,5
2,0.0357,0.2025,0.0,69,39,6,8
4,0.0506,0.1835,0.0,69,33,57,39,6,8,6,8
6,0.0456,0.1898,0.0,69,33,57,39,69,39,6,8,6,8,6,8
8,0.0506,0.1835,0.0,69,33,57,39,69,39,69,39,6,8,6,8,6,8,6,8
10,0.0476,0.1873,0.0,69,33,57,39,69,39,69,39,69,39,6,8,6,8,6,8,6,8,6,8
12,0.05,0.193,0.0074,69,57,57,57,69,57,69,57,69,57,69,57,6,8,6,8,6,8,6,8,6,8,6,8
14,0.0524,0.1895,0.0074,69,57,57,57,69,57,69,57,69,57,69,57,69,57,6,8,6,8,6,8,6,8,6,8,6,8,6,8
16,0.051,0.1915,0.0074,69,57,57,57,69,57,69,57,69,57,69,57,69,57,69,57,6,8,6,8,6,8,6,8,6,8,6,8,6,8,6,8
18,0.0668,0.1849,0.0194,69,57,57,57,69,57,69,57,69,75,69,75,69,75,69,75,69,75,6,7,6,7,6,7,6,7,6,8,6,8,6,8,6,8,6,8
20,0.0652,0.1923,0.0289,69,75,57,75,69,75,69,75,69,75,69,75,69,75,69,75,69,75,69,75,6,8,6,8,6,8,6,8,6,8,6,8,6,8,6,8,6,8,6,8
22,0.0845,0.1757,0.0231,57,57,69,57,69,57,69,75,69,75,69,75,69,75,69,75,69,75,69,75,69,75,6,7,6,6,6,6,6,7,6,7,6,7,6,7,6,7,6,7,6,7,6,7
24,0.086,0.1799,0.0289,57,75,69,75,69,75,69,75,69,75,69,75,69,75,69,75,69,75,69,75,69,75,69,75,6,7,6,7,6,7,6,7,6,7,6,7,6,7,6,7,6,7,6,7,6,7,6,6
26,0.1029,0.1667,0.0256,57,57,69,57,69,75,69,75,69,75,69,75,69,75,69,75,69,75,69,75,69,75,69,75,69,75,6,6,6,6,6,6,6,6,6,6,6,6,6,6,6,6,6,6,6,6,6,6,6,6,6,6
28,0.1234,0.167,0.0289,57,75,69,75,69,75,69,75,69,75,69,75,69,75,69,75,69,75,69,75,69,75,69,75,69,75,69,75,6,6,6,6,6,6,6,6,6,6,6,6,6,6,6,6,6,6,6,6,6,6,6,5,6,5,6,5
30,0.1887,0.1618,0.0295,57,75,69,75,69,75,69,75,69,75,69,75,69,75,69,75,69,75,69,75,69,75,69,75,69,75,69,75,75,75,6,5,6,5,6,5,6,5,6,5,6,5,6,5,6,5,6,5,6,5,6,5,6,5,6,5,6,5,6,5
