3,0.1256,0.5065,0.0,69,51,33,6,5,8
6,0.1394,0.4928,0.0,69,51,33,69,51,33,6,5,8,6,5,8
9,0.1316,0.4954,0.0,69,51,33,69,51,33,69,51,33,6,5,8,6,5,8,6,5,8
12,0.1301,0.4982,0.0,69,51,33,69,51,33,69,51,33,69,51,33,6,5,8,6,5,8,6,5,8,6,5,8
15,0.1355,0.5018,0.0151,75,51,51,69,51,51,69,51,51,69,51,75,69,51,75,6,5,8,6,5,8,6,5,8,6,5,8,6,5,8
18,0.1417,0.5009,0.0177,75,51,75,69,51,75,69,51,75,69,51,75,69,51,75,69,51,75,6,5,8,6,5,8,6,5,8,6,5,8,6,5,8,6,5,8
21,0.3161,0.6286,0.1569,57,75,75,81,75,75,81,75,75,81,75,75,81,75,75,81,75,81,81,75,81,4,5,5,8,5,4,8,5,4,8,5,4,8,5,4,8,5,15,8,5,15
24,0.2883,0.6862,0.2334,57,75,75,81,75,75,81,75,75,81,75,81,81,75,81,81,75,81,81,75,81,81,75,81,4,5,5,8,5,4,8,5,4,8,5,15,8,5,15,8,5,15,8,5,15,8,5,15
27,0.2702,0.7289,0.293,57,75,75,81,75,81,81,75,81,81,75,81,81,75,81,81,75,81,81,75,81,81,75,81,81,75,81,4,5,5,8,5,15,8,5,15,8,5,15,8,5,15,8,5,15,8,5,15,8,5,15,8,5,15
30,0.2836,0.7482,0.3185,57,75,81,81,75,81,81,75,81,81,75,81,81,75,81,81,75,81,81,75,81,81,75,81,81,75,81,81,75,81,4,5,15,8,5,15,8,5,15,8,5,15,8,5,15,8,5,15,8,5,15,8,4,15,8,4,15,8,4,15
