2,0.1033,0.3007,0.0,69,33,6,8
4,0.0961,0.2962,0.0,69,33,57,33,6,8,6,8
6,0.0985,0.2977,0.0,69,33,57,33,69,33,6,8,6,8,6,8
8,0.0961,0.2962,0.0,69,33,57,33,69,33,69,33,6,8,6,8,6,8,6,8
10,0.0976,0.2971,0.0,69,33,57,33,69,33,69,33,69,33,6,8,6,8,6,8,6,8,6,8
12,0.1059,0.2964,0.018,57,57,69,57,69,57,69,57,69,57,69,57,6,8,6,8,6,8,6,8,6,8,6,8
14,0.1044,0.2956,0.018,57,57,69,57,69,57,69,57,69,57,69,57,69,57,6,8,6,8,6,8,6,8,6,8,6,8,6,8
16,0.1046,0.2971,0.0207,57,57,69,57,69,57,69,57,69,57,69,75,69,75,69,75,6,8,6,8,6,8,6,8,6,8,6,8,6,8,6,8
18,0.1074,0.2995,0.0228,57,57,69,57,69,57,69,75,69,75,69,75,69,75,69,75,69,75,6,8,6,8,6,8,6,8,6,8,6,8,6,8,6,8,6,8
20,0.1098,0.3019,0.0251,57,75,69,75,69,75,69,75,69,75,69,75,69,75,69,75,69,75,69,75,6,8,6,8,6,8,6,8,6,8,6,8,6,8,6,8,6,8,6,8
22,0.1085,0.3046,0.0275,57,75,69,75,69,75,69,75,69,75,69,75,69,75,69,75,75,75,75,75,75,75,6,8,6,8,6,8,6,8,6,8,6,8,6,8,6,8,6,8,6,8,6,8
24,0.1073,0.3068,0.0295,57,75,69,75,69,75,69,75,69,75,69,75,75,75,75,75,75,75,75,75,75,75,75,75,6,8,6,8,6,8,6,8,6,8,6,8,6,8,6,8,6,8,6,8,6,8,6,8
26,0.1063,0.3087,0.0311,57,75,69,75,69,75,69,75,75,75,75,75,75,75,75,75,75,75,75,75,75,75,75,75,75,75,6,8,6,8,6,8,6,8,6,8,6,8,6,8,6,8,6,8,6,8,6,8,6,8,6,8
28,0.1098,0.3019,0.0251,57,75,57,75,57,75,57,75,57,75,57,75,57,75,57,75,57,75,57,75,57,75,57,75,57,75,57,75,6,8,6,8,6,8,6,8,6,8,6,8,6,8,6,8,6,8,6,8,6,8,6,8,6,8,6,8
30,0.3556,0.4588,0.1899,57,75,81,75,81,75,81,75,81,75,81,75,81,75,81,75,81,75,81,75,81,75,81,75,81,75,81,81,81,81,4,4,8,4,8,4,8,4,8,4,8,4,8,4,8,4,8,4,8,4,8,4,8,4,8,4,8,15,8,15
2,0.1033,0.3007,0.0,69,33,6,8
4,0.0961,0.2962,0.0,69,33,57,33,6,8,6,8
6,0.0985,0.2977,0.0,69,33,57,33,69,33,6,8,6,8,6,8
8,0.0961,0.2962,0.0,69,33,57,33,69,33,69,33,6,8,6,8,6,8,6,8
10,0.0976,0.2971,0.0,69,33,57,33,69,33,69,33,69,33,6,8,6,8,6,8,6,8,6,8
12,0.1059,0.2964,0.018,57,57,69,57,69,57,69,57,69,57,69,57,6,8,6,8,6,8,6,8,6,8,6,8
14,0.1044,0.2956,0.018,57,57,69,57,69,57,69,57,69,57,69,57,69,57,6,8,6,8,6,8,6,8,6,8,6,8,6,8
16,0.1046,0.2971,0.0207,57,57,69,57,69,57,69,57,69,57,69,75,69,75,69,75,6,8,6,8,6,8,6,8,6,8,6,8,6,8,6,8
18,0.1074,0.2995,0.0228,57,57,69,57,69,57,69,75,69,75,69,75,69,75,69,75,69,75,6,8,6,8,6,8,6,8,6,8,6,8,6,8,6,8,6,8
20,0.1098,0.3019,0.0251,57,75,69,75,69,75,69,75,69,75,69,75,69,75,69,75,69,75,69,75,6,8,6,8,6,8,6,8,6,8,6,8,6,8,6,8,6,8,6,8
22,0.1085,0.3046,0.0275,57,75,69,75,69,75,69,75,69,75,69,75,69,75,69,75,75,75,75,75,75,75,6,8,6,8,6,8,6,8,6,8,6,8,6,8,6,8,6,8,6,8,6,8
24,0.1073,0.3068,0.0295,57,75,69,75,69,75,69,75,69,75,69,75,75,75,75,75,75,75,75,75,75,75,75,75,6,8,6,8,6,8,6,8,6,8,6,8,6,8,6,8,6,8,6,8,6,8,6,8
26,0.1063,0.3087,0.0311,57,75,69,75,69,75,69,75,75,75,75,75,75,75,75,75,75,75,75,75,75,75,75,75,75,75,6,8,6,8,6,8,6,8,6,8,6,8,6,8,6,8,6,8,6,8,6,8,6,8,6,8
28,0.1098,0.3019,0.0251,57,75,57,75,57,75,57,75,57,75,57,75,57,75,57,75,57,75,57,75,57,75,57,75,57,75,57,75,6,8,6,8,6,8,6,8,6,8,6,8,6,8,6,8,6,8,6,8,6,8,6,8,6,8,6,8
30,0.3556,0.4588,0.1899,57,75,81,75,81,75,81,75,81,75,81,75,81,75,81,75,81,75,81,75,81,75,81,75,81,75,81,81,81,81,4,4,8,4,8,4,8,4,8,4,8,4,8,4,8,4,8,4,8,4,8,4,8,4,8,4,8,15,8,15
