2,0.1687,0.5721,0.0,51,33,5,8
4,0.1403,0.5846,0.0,51,33,51,33,5,8,5,8
6,0.1308,0.5888,0.0,51,33,51,33,33,33,5,8,5,8,5,8
8,0.1403,0.5846,0.0,51,33,51,33,51,33,51,33,5,8,5,8,5,8,5,8
10,0.146,0.5821,0.0,51,33,51,33,51,33,51,33,51,33,5,8,5,8,5,8,5,8,5,8
12,0.1403,0.5846,0.0,51,33,51,33,51,33,51,33,51,33,51,33,5,8,5,8,5,8,5,8,5,8,5,8
14,0.1443,0.5828,0.0,51,33,51,33,51,33,51,33,51,33,51,33,51,33,5,8,5,8,5,8,5,8,5,8,5,8,5,8
16,0.134,0.5871,0.0113,51,33,51,33,51,33,51,51,51,51,51,51,51,51,51,51,5,7,5,7,5,7,5,8,5,8,5,8,5,8,5,8
18,0.3811,0.65,0.1399,57,75,75,75,75,75,75,75,75,75,75,75,75,81,75,81,75,81,2,4,5,4,5,4,5,4,5,4,5,4,5,15,5,15,5,15
20,0.3642,0.7155,0.2284,57,75,75,75,75,75,75,75,75,81,75,81,75,81,75,81,75,81,75,81,2,4,5,4,5,4,5,4,5,15,5,15,5,15,5,15,5,15,5,15
22,0.3297,0.7681,0.3008,57,75,75,75,75,81,75,81,75,81,75,81,75,81,75,81,75,81,75,81,75,81,2,4,5,4,5,15,5,15,5,15,5,15,5,15,5,15,5,15,5,15,5,15
24,0.32,0.8129,0.3611,57,81,75,81,75,81,75,81,75,81,75,81,75,81,75,81,75,81,75,81,75,81,75,81,2,15,5,15,5,15,5,15,5,15,5,15,5,15,5,15,5,15,5,15,5,15,5,15
26,0.326,0.812,0.3611,33,81,75,81,75,81,75,81,75,81,75,81,75,81,75,81,75,81,75,81,75,81,75,81,75,81,1,15,5,15,5,15,5,15,5,15,5,15,5,15,5,15,4,15,4,15,4,15,4,15,4,15
28,0.3788,0.8125,0.3611,33,81,75,81,75,81,75,81,75,81,75,81,75,81,75,81,75,81,75,81,75,81,75,81,75,81,75,81,1,15,5,15,5,15,4,15,4,15,4,15,4,15,4,15,4,15,4,15,4,15,4,15,4,15,4,15
30,0.3967,0.8125,0.3612,57,81,75,81,75,81,75,81,75,81,75,81,75,81,75,81,75,81,75,81,75,81,75,81,75,81,75,81,75,81,1,15,4,15,4,15,4,15,4,15,4,15,4,15,4,15,4,15,4,15,4,15,4,15,4,15,4,15,3,15
2,0.1687,0.5721,0.0,51,33,5,8
4,0.1403,0.5846,0.0,51,33,51,33,5,8,5,8
6,0.1308,0.5888,0.0,51,33,51,33,33,33,5,8,5,8,5,8
8,0.1403,0.5846,0.0,51,33,51,33,51,33,51,33,5,8,5,8,5,8,5,8
10,0.146,0.5821,0.0,51,33,51,33,51,33,51,33,51,33,5,8,5,8,5,8,5,8,5,8
12,0.1403,0.5846,0.0,51,33,51,33,51,33,51,33,51,33,51,33,5,8,5,8,5,8,5,8,5,8,5,8
14,0.1443,0.5828,0.0,51,33,51,33,51,33,51,33,51,33,51,33,51,33,5,8,5,8,5,8,5,8,5,8,5,8,5,8
16,0.134,0.5871,0.0113,51,33,51,33,51,33,51,51,51,51,51,51,51,51,51,51,5,7,5,7,5,7,5,8,5,8,5,8,5,8,5,8
18,0.3811,0.65,0.1399,57,75,75,75,75,75,75,75,75,75,75,75,75,81,75,81,75,81,2,4,5,4,5,4,5,4,5,4,5,4,5,15,5,15,5,15
20,0.3642,0.7155,0.2284,57,75,75,75,75,75,75,75,75,81,75,81,75,81,75,81,75,81,75,81,2,4,5,4,5,4,5,4,5,15,5,15,5,15,5,15,5,15,5,15
22,0.3297,0.7681,0.3008,57,75,75,75,75,81,75,81,75,81,75,81,75,81,75,81,75,81,75,81,75,81,2,4,5,4,5,15,5,15,5,15,5,15,5,15,5,15,5,15,5,15,5,15
24,0.32,0.8129,0.3611,57,81,75,81,75,81,75,81,75,81,75,81,75,81,75,81,75,81,75,81,75,81,75,81,2,15,5,15,5,15,5,15,5,15,5,15,5,15,5,15,5,15,5,15,5,15,5,15
26,0.326,0.812,0.3611,33,81,75,81,75,81,75,81,75,81,75,81,75,81,75,81,75,81,75,81,75,81,75,81,75,81,1,15,5,15,5,15,5,15,5,15,5,15,5,15,5,15,4,15,4,15,4,15,4,15,4,15
28,0.3788,0.8125,0.3611,33,81,75,81,75,81,75,81,75,81,75,81,75,81,75,81,75,81,75,81,75,81,75,81,75,81,75,81,1,15,5,15,5,15,4,15,4,15,4,15,4,15,4,15,4,15,4,15,4,15,4,15,4,15,4,15
30,0.3967,0.8125,0.3612,57,81,75,81,75,81,75,81,75,81,75,81,75,81,75,81,75,81,75,81,75,81,75,81,75,81,75,81,75,81,1,15,4,15,4,15,4,15,4,15,4,15,4,15,4,15,4,15,4,15,4,15,4,15,4,15,4,15,3,15
