1,0.0928,0.2356,0.0,45,7
2,0.0928,0.2356,0.0,45,45,7,7
3,0.0928,0.2356,0.0,45,33,45,7,7,7
1,0.0928,0.2356,0.0,45,7
2,0.0928,0.2356,0.0,45,45,7,7
3,0.0928,0.2356,0.0,45,33,45,7,7,7
4,0.0928,0.2356,0.0,45,33,45,45,7,7,7,7
5,0.0928,0.2356,0.0,45,33,45,45,45,7,7,7,7,7
6,0.0928,0.2356,0.0,33,45,45,45,45,45,7,7,7,7,7,7
7,0.0928,0.2356,0.0,33,45,45,45,45,45,45,7,7,7,7,7,7,7
8,0.0928,0.2356,0.0,33,45,45,45,45,45,45,45,7,7,7,7,7,7,7,7
9,0.0928,0.2356,0.0,33,45,45,45,45,45,45,45,45,7,7,7,7,7,7,7,7,7
10,0.0928,0.2356,0.0,33,45,45,45,45,45,45,45,45,45,7,7,7,7,7,7,7,7,7,7
11,0.0928,0.2356,0.0,33,45,45,45,45,45,45,45,45,45,45,7,7,7,7,7,7,7,7,7,7,7
12,0.0928,0.2361,0.0,33,45,45,45,45,45,45,45,45,45,51,51,7,7,7,7,7,7,7,7,7,7,7,7
13,0.0928,0.2369,0.0,33,45,45,45,45,45,45,51,51,51,51,51,51,7,7,7,7,7,7,7,7,7,7,7,7,7
14,0.0928,0.2356,0.0,45,45,45,45,45,45,45,45,45,45,45,45,45,45,7,7,7,7,7,7,7,7,7,7,7,7,7,7
15,0.0928,0.2356,0.0,45,45,45,45,45,45,45,45,45,45,45,45,45,45,45,7,7,7,7,7,7,7,7,7,7,7,7,7,7,7
16,0.1485,0.2005,0.0,33,45,45,45,45,45,45,45,45,45,45,51,51,51,51,51,6,6,6,6,6,6,6,6,6,6,6,6,6,6,6,6
17,0.1485,0.2012,0.0,33,45,45,45,45,45,45,51,51,51,51,51,51,51,51,51,51,6,6,6,6,6,6,6,6,6,6,6,6,6,6,6,6,6
18,0.1485,0.2017,0.0,33,45,45,45,51,51,51,51,51,51,51,51,51,51,51,51,51,51,6,6,6,6,6,6,6,6,6,6,6,6,6,6,6,6,6,6
19,0.1339,0.2117,0.0,51,51,51,51,51,51,51,51,51,51,51,51,51,51,51,51,51,51,51,7,7,7,7,7,6,6,6,6,6,6,6,6,6,6,6,6,6,6
20,0.1198,0.2251,0.0037,33,51,51,51,51,51,51,51,51,57,57,57,57,57,57,57,57,57,57,57,6,6,6,6,6,6,6,6,6,7,7,7,7,7,7,7,7,7,7,7
21,0.0969,0.2443,0.0078,57,57,57,57,57,57,57,57,57,57,57,57,57,57,57,57,57,57,57,63,63,7,7,7,7,7,7,7,7,7,7,7,7,7,7,7,7,7,7,7,7,7
22,0.1447,0.2162,0.0104,57,57,57,57,57,57,57,57,57,57,57,57,57,57,57,57,57,57,57,57,69,69,6,6,6,6,6,6,6,6,6,6,6,6,6,6,6,6,6,6,6,6,8,8
23,0.1201,0.2402,0.0211,57,57,57,57,57,57,57,57,57,57,57,57,57,57,57,69,69,69,69,69,69,69,69,6,6,6,6,6,6,6,6,6,6,6,6,6,6,6,8,8,8,8,8,8,8,8
24,0.7234,0.3535,0.2207,57,75,75,75,75,75,75,75,75,75,75,75,75,75,75,75,75,75,75,75,75,81,81,81,3,4,3,3,3,3,3,3,3,3,3,3,3,3,3,3,3,3,3,3,3,15,15,15
25,0.7148,0.3724,0.2448,57,75,75,75,75,75,75,75,75,75,75,75,75,75,75,75,75,75,75,75,75,81,81,81,81,3,3,3,3,3,3,3,3,3,3,3,3,3,3,3,3,3,3,3,3,3,15,15,15,15
26,0.6771,0.4105,0.2932,57,75,75,75,75,75,75,75,75,75,75,75,75,75,75,75,75,75,75,75,81,81,81,81,81,81,3,4,3,3,3,3,3,3,3,3,3,3,3,3,3,3,3,3,3,3,15,15,15,15,15,15
27,0.6709,0.4259,0.3128,57,75,75,75,75,75,75,75,75,75,75,75,75,75,75,75,75,75,75,75,81,81,81,81,81,81,81,3,3,3,3,3,3,3,3,3,3,3,3,3,3,3,3,3,3,3,3,15,15,15,15,15,15,15
28,0.6374,0.4594,0.3553,57,75,75,75,75,75,75,75,75,75,75,75,75,75,75,75,75,75,75,81,81,81,81,81,81,81,81,81,3,4,3,3,3,3,3,3,3,3,3,3,3,3,3,3,3,3,3,15,15,15,15,15,15,15,15,15
29,0.6329,0.472,0.3714,57,75,75,75,75,75,75,75,75,75,75,75,75,75,75,75,75,75,75,81,81,81,81,81,81,81,81,81,81,3,3,3,3,3,3,3,3,3,3,3,3,3,3,3,3,3,3,3,15,15,15,15,15,15,15,15,15,15
30,0.6233,0.4839,0.3864,57,75,75,75,75,75,75,75,75,75,75,75,75,75,75,75,75,75,75,81,81,81,81,81,81,81,81,81,81,81,3,3,3,3,3,3,3,3,3,3,3,3,3,3,3,3,3,3,3,15,15,15,15,15,15,15,15,15,15,15
1,0.0928,0.2356,0.0,45,7
1,0.0928,0.2356,0.0,45,7
2,0.0928,0.2356,0.0,45,45,7,7
3,0.0928,0.2356,0.0,45,33,45,7,7,7
4,0.0928,0.2356,0.0,45,33,45,45,7,7,7,7
5,0.0928,0.2356,0.0,45,33,45,45,45,7,7,7,7,7
6,0.0928,0.2356,0.0,33,45,45,45,45,45,7,7,7,7,7,7
7,0.0928,0.2356,0.0,33,45,45,45,45,45,45,7,7,7,7,7,7,7
8,0.0928,0.2356,0.0,33,45,45,45,45,45,45,45,7,7,7,7,7,7,7,7
9,0.0928,0.2356,0.0,33,45,45,45,45,45,45,45,45,7,7,7,7,7,7,7,7,7
10,0.0928,0.2356,0.0,33,45,45,45,45,45,45,45,45,45,7,7,7,7,7,7,7,7,7,7
11,0.0928,0.2356,0.0,33,45,45,45,45,45,45,45,45,45,45,7,7,7,7,7,7,7,7,7,7,7
12,0.0928,0.2361,0.0,33,45,45,45,45,45,45,45,45,45,51,51,7,7,7,7,7,7,7,7,7,7,7,7
13,0.0928,0.2369,0.0,33,45,45,45,45,45,45,51,51,51,51,51,51,7,7,7,7,7,7,7,7,7,7,7,7,7
14,0.0928,0.2356,0.0,45,45,45,45,45,45,45,45,45,45,45,45,45,45,7,7,7,7,7,7,7,7,7,7,7,7,7,7
15,0.0928,0.2356,0.0,45,45,45,45,45,45,45,45,45,45,45,45,45,45,45,7,7,7,7,7,7,7,7,7,7,7,7,7,7,7
16,0.1485,0.2005,0.0,33,45,45,45,45,45,45,45,45,45,45,51,51,51,51,51,6,6,6,6,6,6,6,6,6,6,6,6,6,6,6,6
17,0.1485,0.2012,0.0,33,45,45,45,45,45,45,51,51,51,51,51,51,51,51,51,51,6,6,6,6,6,6,6,6,6,6,6,6,6,6,6,6,6
18,0.1485,0.2017,0.0,33,45,45,45,51,51,51,51,51,51,51,51,51,51,51,51,51,51,6,6,6,6,6,6,6,6,6,6,6,6,6,6,6,6,6,6
19,0.1339,0.2117,0.0,51,51,51,51,51,51,51,51,51,51,51,51,51,51,51,51,51,51,51,7,7,7,7,7,6,6,6,6,6,6,6,6,6,6,6,6,6,6
20,0.1198,0.2251,0.0037,33,51,51,51,51,51,51,51,51,57,57,57,57,57,57,57,57,57,57,57,6,6,6,6,6,6,6,6,6,7,7,7,7,7,7,7,7,7,7,7
21,0.0969,0.2443,0.0078,57,57,57,57,57,57,57,57,57,57,57,57,57,57,57,57,57,57,57,63,63,7,7,7,7,7,7,7,7,7,7,7,7,7,7,7,7,7,7,7,7,7
22,0.1447,0.2162,0.0104,57,57,57,57,57,57,57,57,57,57,57,57,57,57,57,57,57,57,57,57,69,69,6,6,6,6,6,6,6,6,6,6,6,6,6,6,6,6,6,6,6,6,8,8
23,0.1201,0.2402,0.0211,57,57,57,57,57,57,57,57,57,57,57,57,57,57,57,69,69,69,69,69,69,69,69,6,6,6,6,6,6,6,6,6,6,6,6,6,6,6,8,8,8,8,8,8,8,8
24,0.7234,0.3535,0.2207,57,75,75,75,75,75,75,75,75,75,75,75,75,75,75,75,75,75,75,75,75,81,81,81,3,4,3,3,3,3,3,3,3,3,3,3,3,3,3,3,3,3,3,3,3,15,15,15
25,0.7148,0.3724,0.2448,57,75,75,75,75,75,75,75,75,75,75,75,75,75,75,75,75,75,75,75,75,81,81,81,81,3,3,3,3,3,3,3,3,3,3,3,3,3,3,3,3,3,3,3,3,3,15,15,15,15
26,0.6771,0.4105,0.2932,57,75,75,75,75,75,75,75,75,75,75,75,75,75,75,75,75,75,75,75,81,81,81,81,81,81,3,4,3,3,3,3,3,3,3,3,3,3,3,3,3,3,3,3,3,3,15,15,15,15,15,15
27,0.6709,0.4259,0.3128,57,75,75,75,75,75,75,75,75,75,75,75,75,75,75,75,75,75,75,75,81,81,81,81,81,81,81,3,3,3,3,3,3,3,3,3,3,3,3,3,3,3,3,3,3,3,3,15,15,15,15,15,15,15
28,0.6374,0.4594,0.3553,57,75,75,75,75,75,75,75,75,75,75,75,75,75,75,75,75,75,75,81,81,81,81,81,81,81,81,81,3,4,3,3,3,3,3,3,3,3,3,3,3,3,3,3,3,3,3,15,15,15,15,15,15,15,15,15
29,0.6329,0.472,0.3714,57,75,75,75,75,75,75,75,75,75,75,75,75,75,75,75,75,75,75,81,81,81,81,81,81,81,81,81,81,3,3,3,3,3,3,3,3,3,3,3,3,3,3,3,3,3,3,3,15,15,15,15,15,15,15,15,15,15
30,0.6233,0.4839,0.3864,57,75,75,75,75,75,75,75,75,75,75,75,75,75,75,75,75,75,75,81,81,81,81,81,81,81,81,81,81,81,3,3,3,3,3,3,3,3,3,3,3,3,3,3,3,3,3,3,3,15,15,15,15,15,15,15,15,15,15,15
1,0.0928,0.2356,0.0,45,7
2,0.0928,0.2356,0.0,45,45,7,7
3,0.0928,0.2356,0.0,45,33,45,7,7,7
4,0.0928,0.2356,0.0,45,33,45,45,7,7,7,7
5,0.0928,0.2356,0.0,45,33,45,45,45,7,7,7,7,7
6,0.0928,0.2356,0.0,33,45,45,45,45,45,7,7,7,7,7,7
7,0.0928,0.2356,0.0,33,45,45,45,45,45,45,7,7,7,7,7,7,7
8,0.0928,0.2356,0.0,33,45,45,45,45,45,45,45,7,7,7,7,7,7,7,7
9,0.0928,0.2356,0.0,33,45,45,45,45,45,45,45,45,7,7,7,7,7,7,7,7,7
10,0.0928,0.2356,0.0,33,45,45,45,45,45,45,45,45,45,7,7,7,7,7,7,7,7,7,7
11,0.0928,0.2356,0.0,33,45,45,45,45,45,45,45,45,45,45,7,7,7,7,7,7,7,7,7,7,7
12,0.0928,0.2361,0.0,33,45,45,45,45,45,45,45,45,45,51,51,7,7,7,7,7,7,7,7,7,7,7,7
13,0.0928,0.2369,0.0,33,45,45,45,45,45,45,51,51,51,51,51,51,7,7,7,7,7,7,7,7,7,7,7,7,7
14,0.0928,0.2356,0.0,45,45,45,45,45,45,45,45,45,45,45,45,45,45,7,7,7,7,7,7,7,7,7,7,7,7,7,7
15,0.0928,0.2356,0.0,45,45,45,45,45,45,45,45,45,45,45,45,45,45,45,7,7,7,7,7,7,7,7,7,7,7,7,7,7,7
16,0.1485,0.2005,0.0,33,45,45,45,45,45,45,45,45,45,45,51,51,51,51,51,6,6,6,6,6,6,6,6,6,6,6,6,6,6,6,6
17,0.1485,0.2012,0.0,33,45,45,45,45,45,45,51,51,51,51,51,51,51,51,51,51,6,6,6,6,6,6,6,6,6,6,6,6,6,6,6,6,6
18,0.1485,0.2017,0.0,33,45,45,45,51,51,51,51,51,51,51,51,51,51,51,51,51,51,6,6,6,6,6,6,6,6,6,6,6,6,6,6,6,6,6,6
19,0.1339,0.2117,0.0,51,51,51,51,51,51,51,51,51,51,51,51,51,51,51,51,51,51,51,7,7,7,7,7,6,6,6,6,6,6,6,6,6,6,6,6,6,6
20,0.1198,0.2251,0.0037,33,51,51,51,51,51,51,51,51,57,57,57,57,57,57,57,57,57,57,57,6,6,6,6,6,6,6,6,6,7,7,7,7,7,7,7,7,7,7,7
21,0.0969,0.2443,0.0078,57,57,57,57,57,57,57,57,57,57,57,57,57,57,57,57,57,57,57,63,63,7,7,7,7,7,7,7,7,7,7,7,7,7,7,7,7,7,7,7,7,7
22,0.1447,0.2162,0.0104,57,57,57,57,57,57,57,57,57,57,57,57,57,57,57,57,57,57,57,57,69,69,6,6,6,6,6,6,6,6,6,6,6,6,6,6,6,6,6,6,6,6,8,8
23,0.1201,0.2402,0.0211,57,57,57,57,57,57,57,57,57,57,57,57,57,57,57,69,69,69,69,69,69,69,69,6,6,6,6,6,6,6,6,6,6,6,6,6,6,6,8,8,8,8,8,8,8,8
24,0.7234,0.3535,0.2207,57,75,75,75,75,75,75,75,75,75,75,75,75,75,75,75,75,75,75,75,75,81,81,81,3,4,3,3,3,3,3,3,3,3,3,3,3,3,3,3,3,3,3,3,3,15,15,15
25,0.7148,0.3724,0.2448,57,75,75,75,75,75,75,75,75,75,75,75,75,75,75,75,75,75,75,75,75,81,81,81,81,3,3,3,3,3,3,3,3,3,3,3,3,3,3,3,3,3,3,3,3,3,15,15,15,15
26,0.6771,0.4105,0.2932,57,75,75,75,75,75,75,75,75,75,75,75,75,75,75,75,75,75,75,75,81,81,81,81,81,81,3,4,3,3,3,3,3,3,3,3,3,3,3,3,3,3,3,3,3,3,15,15,15,15,15,15
27,0.6709,0.4259,0.3128,57,75,75,75,75,75,75,75,75,75,75,75,75,75,75,75,75,75,75,75,81,81,81,81,81,81,81,3,3,3,3,3,3,3,3,3,3,3,3,3,3,3,3,3,3,3,3,15,15,15,15,15,15,15
28,0.6374,0.4594,0.3553,57,75,75,75,75,75,75,75,75,75,75,75,75,75,75,75,75,75,75,81,81,81,81,81,81,81,81,81,3,4,3,3,3,3,3,3,3,3,3,3,3,3,3,3,3,3,3,15,15,15,15,15,15,15,15,15
29,0.6329,0.472,0.3714,57,75,75,75,75,75,75,75,75,75,75,75,75,75,75,75,75,75,75,81,81,81,81,81,81,81,81,81,81,3,3,3,3,3,3,3,3,3,3,3,3,3,3,3,3,3,3,3,15,15,15,15,15,15,15,15,15,15
30,0.6233,0.4839,0.3864,57,75,75,75,75,75,75,75,75,75,75,75,75,75,75,75,75,75,75,81,81,81,81,81,81,81,81,81,81,81,3,3,3,3,3,3,3,3,3,3,3,3,3,3,3,3,3,3,3,15,15,15,15,15,15,15,15,15,15,15
