2,0.1473,0.6127,0.0,51,69,5,6
4,0.1467,0.6091,0.0,51,69,51,69,5,6,5,6
6,0.1469,0.6103,0.0,51,69,51,69,33,69,5,6,5,6,5,6
8,0.1467,0.6091,0.0,51,69,51,69,51,69,51,69,5,6,5,6,5,6,5,6
10,0.1468,0.6098,0.0,51,69,51,69,51,69,51,69,51,69,5,6,5,6,5,6,5,6,5,6
12,0.1467,0.6091,0.0,51,69,51,69,51,69,51,69,51,69,51,69,5,6,5,6,5,6,5,6,5,6,5,6
14,0.1468,0.6096,0.0,51,69,51,69,51,69,51,69,51,69,51,69,51,69,5,6,5,6,5,6,5,6,5,6,5,6,5,6
16,0.1467,0.6091,0.0,51,69,51,69,51,69,51,69,51,69,51,69,51,69,51,69,5,6,5,6,5,6,5,6,5,6,5,6,5,6,5,6
18,0.1468,0.6095,0.0,51,69,51,69,51,69,51,69,51,69,51,69,51,69,51,69,51,69,5,6,5,6,5,6,5,6,5,6,5,6,5,6,5,6,5,6
20,0.1467,0.6091,0.0,51,69,51,69,51,69,51,69,51,69,51,69,51,69,51,69,51,69,51,69,5,6,5,6,5,6,5,6,5,6,5,6,5,6,5,6,5,6,5,6
22,0.1468,0.6094,0.0,51,69,51,69,51,69,51,69,51,69,51,69,51,69,51,69,51,69,51,69,51,69,5,6,5,6,5,6,5,6,5,6,5,6,5,6,5,6,5,6,5,6,5,6
24,0.5862,0.6031,0.0014,51,69,33,69,51,69,51,69,51,69,51,69,51,69,51,69,51,69,51,69,51,75,51,75,4,4,4,4,4,4,3,4,3,4,3,4,3,4,3,4,3,4,3,4,3,4,3,4
26,0.1468,0.6094,0.0,51,69,51,69,33,69,51,69,51,69,51,69,51,69,51,69,51,69,51,69,51,69,51,69,51,69,5,6,5,6,5,6,5,6,5,6,5,6,5,6,5,6,5,6,5,6,5,6,5,6,5,6
28,0.5916,0.6092,0.005,51,69,33,69,51,69,51,69,51,69,51,69,51,75,51,75,51,75,51,75,51,75,51,75,51,75,51,75,4,4,4,4,4,4,3,4,3,4,3,4,3,4,3,4,3,4,3,4,3,4,3,4,3,4,3,4
30,0.1468,0.6093,0.0,51,69,51,69,51,69,51,69,51,69,51,69,51,69,51,69,51,69,51,69,51,69,51,69,51,69,51,69,51,69,5,6,5,6,5,6,5,6,5,6,5,6,5,6,5,6,5,6,5,6,5,6,5,6,5,6,5,6,5,6
2,0.1473,0.6127,0.0,51,69,5,6
4,0.1467,0.6091,0.0,51,69,51,69,5,6,5,6
6,0.1469,0.6103,0.0,51,69,51,69,33,69,5,6,5,6,5,6
8,0.1467,0.6091,0.0,51,69,51,69,51,69,51,69,5,6,5,6,5,6,5,6
10,0.1468,0.6098,0.0,51,69,51,69,51,69,51,69,51,69,5,6,5,6,5,6,5,6,5,6
12,0.1467,0.6091,0.0,51,69,51,69,51,69,51,69,51,69,51,69,5,6,5,6,5,6,5,6,5,6,5,6
14,0.1468,0.6096,0.0,51,69,51,69,51,69,51,69,51,69,51,69,51,69,5,6,5,6,5,6,5,6,5,6,5,6,5,6
16,0.1467,0.6091,0.0,51,69,51,69,51,69,51,69,51,69,51,69,51,69,51,69,5,6,5,6,5,6,5,6,5,6,5,6,5,6,5,6
18,0.1468,0.6095,0.0,51,69,51,69,51,69,51,69,51,69,51,69,51,69,51,69,51,69,5,6,5,6,5,6,5,6,5,6,5,6,5,6,5,6,5,6
20,0.1467,0.6091,0.0,51,69,51,69,51,69,51,69,51,69,51,69,51,69,51,69,51,69,51,69,5,6,5,6,5,6,5,6,5,6,5,6,5,6,5,6,5,6,5,6
22,0.1468,0.6094,0.0,51,69,51,69,51,69,51,69,51,69,51,69,51,69,51,69,51,69,51,69,51,69,5,6,5,6,5,6,5,6,5,6,5,6,5,6,5,6,5,6,5,6,5,6
24,0.5862,0.6031,0.0014,51,69,33,69,51,69,51,69,51,69,51,69,51,69,51,69,51,69,51,69,51,75,51,75,4,4,4,4,4,4,3,4,3,4,3,4,3,4,3,4,3,4,3,4,3,4,3,4
26,0.1468,0.6094,0.0,51,69,51,69,33,69,51,69,51,69,51,69,51,69,51,69,51,69,51,69,51,69,51,69,51,69,5,6,5,6,5,6,5,6,5,6,5,6,5,6,5,6,5,6,5,6,5,6,5,6,5,6
28,0.5916,0.6092,0.005,51,69,33,69,51,69,51,69,51,69,51,69,51,75,51,75,51,75,51,75,51,75,51,75,51,75,51,75,4,4,4,4,4,4,3,4,3,4,3,4,3,4,3,4,3,4,3,4,3,4,3,4,3,4,3,4
30,0.1468,0.6093,0.0,51,69,51,69,51,69,51,69,51,69,51,69,51,69,51,69,51,69,51,69,51,69,51,69,51,69,51,69,51,69,5,6,5,6,5,6,5,6,5,6,5,6,5,6,5,6,5,6,5,6,5,6,5,6,5,6,5,6,5,6
