1,0.1243,0.3073,0.0,69,6
2,0.1243,0.3073,0.0,69,69,6,6
3,0.1243,0.3073,0.0,69,57,69,6,6,6
4,0.1243,0.3073,0.0,69,57,69,69,6,6,6,6
5,0.1243,0.3073,0.0,69,57,69,69,69,6,6,6,6,6
6,0.1243,0.3073,0.0,69,57,69,69,69,69,6,6,6,6,6,6
7,0.1243,0.3073,0.0,69,57,69,69,69,69,69,6,6,6,6,6,6,6
8,0.1243,0.3073,0.0,69,57,69,69,69,69,69,69,6,6,6,6,6,6,6,6
9,0.1243,0.3073,0.0,69,57,69,69,69,69,69,69,69,6,6,6,6,6,6,6,6,6
10,0.1243,0.3073,0.0,69,57,69,69,69,69,69,69,69,69,6,6,6,6,6,6,6,6,6,6
11,0.1243,0.3073,0.0,69,57,69,69,69,69,69,69,69,69,69,6,6,6,6,6,6,6,6,6,6,6
12,0.1243,0.3073,0.0,69,57,69,69,69,69,69,69,69,69,69,69,6,6,6,6,6,6,6,6,6,6,6,6
13,0.1243,0.3073,0.0,69,57,69,69,69,69,69,69,69,69,69,69,69,6,6,6,6,6,6,6,6,6,6,6,6,6
14,0.1243,0.3073,0.0,69,57,69,69,69,69,69,69,69,69,69,69,69,69,6,6,6,6,6,6,6,6,6,6,6,6,6,6
15,0.1243,0.3073,0.0,69,57,69,69,69,69,69,69,69,69,69,69,69,69,69,6,6,6,6,6,6,6,6,6,6,6,6,6,6,6
16,0.1243,0.3073,0.0,69,57,69,69,69,69,69,69,69,69,69,69,69,69,69,69,6,6,6,6,6,6,6,6,6,6,6,6,6,6,6,6
17,0.1243,0.3073,0.0,69,57,69,69,69,69,69,69,69,69,69,69,69,69,69,69,69,6,6,6,6,6,6,6,6,6,6,6,6,6,6,6,6,6
18,0.1243,0.3073,0.0,69,57,69,69,69,69,69,69,69,69,69,69,69,69,69,69,69,69,6,6,6,6,6,6,6,6,6,6,6,6,6,6,6,6,6,6
19,0.1243,0.3073,0.0,69,57,69,69,69,69,69,69,69,69,69,69,69,69,69,69,69,69,69,6,6,6,6,6,6,6,6,6,6,6,6,6,6,6,6,6,6,6
20,0.1243,0.3073,0.0,57,69,69,69,69,69,69,69,69,69,69,69,69,69,69,69,69,69,69,69,6,6,6,6,6,6,6,6,6,6,6,6,6,6,6,6,6,6,6,6
21,0.1243,0.3073,0.0,57,69,69,69,69,69,69,69,69,69,69,69,69,69,69,69,69,69,69,69,69,6,6,6,6,6,6,6,6,6,6,6,6,6,6,6,6,6,6,6,6,6
22,0.1261,0.3114,0.0024,57,69,69,69,69,69,69,69,69,69,69,69,69,69,69,69,69,69,69,75,75,75,6,6,6,6,6,6,6,6,6,6,6,6,6,6,6,6,6,6,6,6,6,6
23,0.1272,0.3138,0.0038,57,69,69,69,69,69,69,69,69,69,69,69,69,69,69,69,69,69,75,75,75,75,75,6,6,6,6,6,6,6,6,6,6,6,6,6,6,6,6,6,6,6,6,6,6,6
24,0.1281,0.3161,0.0051,57,69,69,69,69,69,69,69,69,69,69,69,69,69,69,69,69,75,75,75,75,75,75,75,6,6,6,6,6,6,6,6,6,6,6,6,6,6,6,6,6,6,6,6,6,6,6,6
25,0.129,0.3181,0.0062,57,69,69,69,69,69,69,69,69,69,69,69,69,69,69,69,75,75,75,75,75,75,75,75,75,6,6,6,6,6,6,6,6,6,6,6,6,6,6,6,6,6,6,6,6,6,6,6,6,6
26,0.1298,0.32,0.0073,57,69,69,69,69,69,69,69,69,69,69,69,69,69,69,75,75,75,75,75,75,75,75,75,75,75,6,6,6,6,6,6,6,6,6,6,6,6,6,6,6,6,6,6,6,6,6,6,6,6,6,6
27,0.1306,0.3218,0.0084,57,69,69,69,69,69,69,69,69,69,69,69,69,69,75,75,75,75,75,75,75,75,75,75,75,75,75,6,6,6,6,6,6,6,6,6,6,6,6,6,6,6,6,6,6,6,6,6,6,6,6,6,6,6
28,0.1313,0.3234,0.0093,57,69,69,69,69,69,69,69,69,69,69,69,69,75,75,75,75,75,75,75,75,75,75,75,75,75,75,75,6,6,6,6,6,6,6,6,6,6,6,6,6,6,6,6,6,6,6,6,6,6,6,6,6,6,6,6
29,0.1319,0.3249,0.0102,57,69,69,69,69,69,69,69,69,69,69,69,75,75,75,75,75,75,75,75,75,75,75,75,75,75,75,75,75,6,6,6,6,6,6,6,6,6,6,6,6,6,6,6,6,6,6,6,6,6,6,6,6,6,6,6,6,6
30,0.1326,0.3264,0.011,57,69,69,69,69,69,69,69,69,69,69,75,75,75,75,75,75,75,75,75,75,75,75,75,75,75,75,75,75,75,6,6,6,6,6,6,6,6,6,6,6,6,6,6,6,6,6,6,6,6,6,6,6,6,6,6,6,6,6,6
1,0.1243,0.3073,0.0,69,6
2,0.1243,0.3073,0.0,69,69,6,6
3,0.1243,0.3073,0.0,69,57,69,6,6,6
4,0.1243,0.3073,0.0,69,57,69,69,6,6,6,6
5,0.1243,0.3073,0.0,69,57,69,69,69,6,6,6,6,6
6,0.1243,0.3073,0.0,69,57,69,69,69,69,6,6,6,6,6,6
7,0.1243,0.3073,0.0,69,57,69,69,69,69,69,6,6,6,6,6,6,6
8,0.1243,0.3073,0.0,69,57,69,69,69,69,69,69,6,6,6,6,6,6,6,6
9,0.1243,0.3073,0.0,69,57,69,69,69,69,69,69,69,6,6,6,6,6,6,6,6,6
10,0.1243,0.3073,0.0,69,57,69,69,69,69,69,69,69,69,6,6,6,6,6,6,6,6,6,6
11,0.1243,0.3073,0.0,69,57,69,69,69,69,69,69,69,69,69,6,6,6,6,6,6,6,6,6,6,6
1,0.1243,0.3073,0.0,69,6
2,0.1243,0.3073,0.0,69,69,6,6
3,0.1243,0.3073,0.0,69,57,69,6,6,6
4,0.1243,0.3073,0.0,69,57,69,69,6,6,6,6
5,0.1243,0.3073,0.0,69,57,69,69,69,6,6,6,6,6
6,0.1243,0.3073,0.0,69,57,69,69,69,69,6,6,6,6,6,6
7,0.1243,0.3073,0.0,69,57,69,69,69,69,69,6,6,6,6,6,6,6
1,0.1243,0.3073,0.0,69,6
2,0.1243,0.3073,0.0,69,69,6,6
3,0.1243,0.3073,0.0,69,57,69,6,6,6
4,0.1243,0.3073,0.0,69,57,69,69,6,6,6,6
5,0.1243,0.3073,0.0,69,57,69,69,69,6,6,6,6,6
6,0.1243,0.3073,0.0,69,57,69,69,69,69,6,6,6,6,6,6
7,0.1243,0.3073,0.0,69,57,69,69,69,69,69,6,6,6,6,6,6,6
8,0.1243,0.3073,0.0,69,57,69,69,69,69,69,69,6,6,6,6,6,6,6,6
9,0.1243,0.3073,0.0,69,57,69,69,69,69,69,69,69,6,6,6,6,6,6,6,6,6
10,0.1243,0.3073,0.0,69,57,69,69,69,69,69,69,69,69,6,6,6,6,6,6,6,6,6,6
11,0.1243,0.3073,0.0,69,57,69,69,69,69,69,69,69,69,69,6,6,6,6,6,6,6,6,6,6,6
12,0.1243,0.3073,0.0,69,57,69,69,69,69,69,69,69,69,69,69,6,6,6,6,6,6,6,6,6,6,6,6
1,0.1243,0.3073,0.0,69,6
2,0.1243,0.3073,0.0,69,69,6,6
1,0.1243,0.3073,0.0,69,6
2,0.1243,0.3073,0.0,69,69,6,6
1,0.1243,0.3073,0.0,69,6
2,0.1243,0.3073,0.0,69,69,6,6
1,0.1243,0.3073,0.0,69,6
2,0.1243,0.3073,0.0,69,69,6,6
3,0.1243,0.3073,0.0,69,57,69,6,6,6
4,0.1243,0.3073,0.0,69,57,69,69,6,6,6,6
5,0.1243,0.3073,0.0,69,57,69,69,69,6,6,6,6,6
6,0.1243,0.3073,0.0,69,57,69,69,69,69,6,6,6,6,6,6
7,0.1243,0.3073,0.0,69,57,69,69,69,69,69,6,6,6,6,6,6,6
8,0.1243,0.3073,0.0,69,57,69,69,69,69,69,69,6,6,6,6,6,6,6,6
9,0.1243,0.3073,0.0,69,57,69,69,69,69,69,69,69,6,6,6,6,6,6,6,6,6
10,0.1243,0.3073,0.0,69,57,69,69,69,69,69,69,69,69,6,6,6,6,6,6,6,6,6,6
11,0.1243,0.3073,0.0,69,57,69,69,69,69,69,69,69,69,69,6,6,6,6,6,6,6,6,6,6,6
12,0.1243,0.3073,0.0,69,57,69,69,69,69,69,69,69,69,69,69,6,6,6,6,6,6,6,6,6,6,6,6
13,0.1243,0.3073,0.0,69,57,69,69,69,69,69,69,69,69,69,69,69,6,6,6,6,6,6,6,6,6,6,6,6,6
14,0.1243,0.3073,0.0,69,57,69,69,69,69,69,69,69,69,69,69,69,69,6,6,6,6,6,6,6,6,6,6,6,6,6,6
15,0.1243,0.3073,0.0,69,57,69,69,69,69,69,69,69,69,69,69,69,69,69,6,6,6,6,6,6,6,6,6,6,6,6,6,6,6
16,0.1243,0.3073,0.0,69,57,69,69,69,69,69,69,69,69,69,69,69,69,69,69,6,6,6,6,6,6,6,6,6,6,6,6,6,6,6,6
17,0.1243,0.3073,0.0,69,57,69,69,69,69,69,69,69,69,69,69,69,69,69,69,69,6,6,6,6,6,6,6,6,6,6,6,6,6,6,6,6,6
18,0.1243,0.3073,0.0,69,57,69,69,69,69,69,69,69,69,69,69,69,69,69,69,69,69,6,6,6,6,6,6,6,6,6,6,6,6,6,6,6,6,6,6
19,0.1243,0.3073,0.0,69,57,69,69,69,69,69,69,69,69,69,69,69,69,69,69,69,69,69,6,6,6,6,6,6,6,6,6,6,6,6,6,6,6,6,6,6,6
20,0.1243,0.3073,0.0,57,69,69,69,69,69,69,69,69,69,69,69,69,69,69,69,69,69,69,69,6,6,6,6,6,6,6,6,6,6,6,6,6,6,6,6,6,6,6,6
21,0.1243,0.3073,0.0,57,69,69,69,69,69,69,69,69,69,69,69,69,69,69,69,69,69,69,69,69,6,6,6,6,6,6,6,6,6,6,6,6,6,6,6,6,6,6,6,6,6
22,0.1261,0.3114,0.0024,57,69,69,69,69,69,69,69,69,69,69,69,69,69,69,69,69,69,69,75,75,75,6,6,6,6,6,6,6,6,6,6,6,6,6,6,6,6,6,6,6,6,6,6
23,0.1272,0.3138,0.0038,57,69,69,69,69,69,69,69,69,69,69,69,69,69,69,69,69,69,75,75,75,75,75,6,6,6,6,6,6,6,6,6,6,6,6,6,6,6,6,6,6,6,6,6,6,6
24,0.1281,0.3161,0.0051,57,69,69,69,69,69,69,69,69,69,69,69,69,69,69,69,69,75,75,75,75,75,75,75,6,6,6,6,6,6,6,6,6,6,6,6,6,6,6,6,6,6,6,6,6,6,6,6
25,0.129,0.3181,0.0062,57,69,69,69,69,69,69,69,69,69,69,69,69,69,69,69,75,75,75,75,75,75,75,75,75,6,6,6,6,6,6,6,6,6,6,6,6,6,6,6,6,6,6,6,6,6,6,6,6,6
26,0.1298,0.32,0.0073,57,69,69,69,69,69,69,69,69,69,69,69,69,69,69,75,75,75,75,75,75,75,75,75,75,75,6,6,6,6,6,6,6,6,6,6,6,6,6,6,6,6,6,6,6,6,6,6,6,6,6,6
27,0.1306,0.3218,0.0084,57,69,69,69,69,69,69,69,69,69,69,69,69,69,75,75,75,75,75,75,75,75,75,75,75,75,75,6,6,6,6,6,6,6,6,6,6,6,6,6,6,6,6,6,6,6,6,6,6,6,6,6,6,6
28,0.1313,0.3234,0.0093,57,69,69,69,69,69,69,69,69,69,69,69,69,75,75,75,75,75,75,75,75,75,75,75,75,75,75,75,6,6,6,6,6,6,6,6,6,6,6,6,6,6,6,6,6,6,6,6,6,6,6,6,6,6,6,6
29,0.1319,0.3249,0.0102,57,69,69,69,69,69,69,69,69,69,69,69,75,75,75,75,75,75,75,75,75,75,75,75,75,75,75,75,75,6,6,6,6,6,6,6,6,6,6,6,6,6,6,6,6,6,6,6,6,6,6,6,6,6,6,6,6,6
30,0.1326,0.3264,0.011,57,69,69,69,69,69,69,69,69,69,69,75,75,75,75,75,75,75,75,75,75,75,75,75,75,75,75,75,75,75,6,6,6,6,6,6,6,6,6,6,6,6,6,6,6,6,6,6,6,6,6,6,6,6,6,6,6,6,6,6
1,0.1243,0.3073,0.0,69,6
2,0.1243,0.3073,0.0,69,69,6,6
3,0.1243,0.3073,0.0,69,57,69,6,6,6
4,0.1243,0.3073,0.0,69,57,69,69,6,6,6,6
5,0.1243,0.3073,0.0,69,57,69,69,69,6,6,6,6,6
6,0.1243,0.3073,0.0,69,57,69,69,69,69,6,6,6,6,6,6
7,0.1243,0.3073,0.0,69,57,69,69,69,69,69,6,6,6,6,6,6,6
8,0.1243,0.3073,0.0,69,57,69,69,69,69,69,69,6,6,6,6,6,6,6,6
9,0.1243,0.3073,0.0,69,57,69,69,69,69,69,69,69,6,6,6,6,6,6,6,6,6
10,0.1243,0.3073,0.0,69,57,69,69,69,69,69,69,69,69,6,6,6,6,6,6,6,6,6,6
11,0.1243,0.3073,0.0,69,57,69,69,69,69,69,69,69,69,69,6,6,6,6,6,6,6,6,6,6,6
12,0.1243,0.3073,0.0,69,57,69,69,69,69,69,69,69,69,69,69,6,6,6,6,6,6,6,6,6,6,6,6
13,0.1243,0.3073,0.0,69,57,69,69,69,69,69,69,69,69,69,69,69,6,6,6,6,6,6,6,6,6,6,6,6,6
14,0.1243,0.3073,0.0,69,57,69,69,69,69,69,69,69,69,69,69,69,69,6,6,6,6,6,6,6,6,6,6,6,6,6,6
15,0.1243,0.3073,0.0,69,57,69,69,69,69,69,69,69,69,69,69,69,69,69,6,6,6,6,6,6,6,6,6,6,6,6,6,6,6
16,0.1243,0.3073,0.0,69,57,69,69,69,69,69,69,69,69,69,69,69,69,69,69,6,6,6,6,6,6,6,6,6,6,6,6,6,6,6,6
17,0.1243,0.3073,0.0,69,57,69,69,69,69,69,69,69,69,69,69,69,69,69,69,69,6,6,6,6,6,6,6,6,6,6,6,6,6,6,6,6,6
18,0.1243,0.3073,0.0,69,57,69,69,69,69,69,69,69,69,69,69,69,69,69,69,69,69,6,6,6,6,6,6,6,6,6,6,6,6,6,6,6,6,6,6
19,0.1243,0.3073,0.0,69,57,69,69,69,69,69,69,69,69,69,69,69,69,69,69,69,69,69,6,6,6,6,6,6,6,6,6,6,6,6,6,6,6,6,6,6,6
20,0.1243,0.3073,0.0,57,69,69,69,69,69,69,69,69,69,69,69,69,69,69,69,69,69,69,69,6,6,6,6,6,6,6,6,6,6,6,6,6,6,6,6,6,6,6,6
21,0.1243,0.3073,0.0,57,69,69,69,69,69,69,69,69,69,69,69,69,69,69,69,69,69,69,69,69,6,6,6,6,6,6,6,6,6,6,6,6,6,6,6,6,6,6,6,6,6
22,0.1261,0.3114,0.0024,57,69,69,69,69,69,69,69,69,69,69,69,69,69,69,69,69,69,69,75,75,75,6,6,6,6,6,6,6,6,6,6,6,6,6,6,6,6,6,6,6,6,6,6
23,0.1272,0.3138,0.0038,57,69,69,69,69,69,69,69,69,69,69,69,69,69,69,69,69,69,75,75,75,75,75,6,6,6,6,6,6,6,6,6,6,6,6,6,6,6,6,6,6,6,6,6,6,6
24,0.1281,0.3161,0.0051,57,69,69,69,69,69,69,69,69,69,69,69,69,69,69,69,69,75,75,75,75,75,75,75,6,6,6,6,6,6,6,6,6,6,6,6,6,6,6,6,6,6,6,6,6,6,6,6
25,0.129,0.3181,0.0062,57,69,69,69,69,69,69,69,69,69,69,69,69,69,69,69,75,75,75,75,75,75,75,75,75,6,6,6,6,6,6,6,6,6,6,6,6,6,6,6,6,6,6,6,6,6,6,6,6,6
26,0.1298,0.32,0.0073,57,69,69,69,69,69,69,69,69,69,69,69,69,69,69,75,75,75,75,75,75,75,75,75,75,75,6,6,6,6,6,6,6,6,6,6,6,6,6,6,6,6,6,6,6,6,6,6,6,6,6,6
27,0.1306,0.3218,0.0084,57,69,69,69,69,69,69,69,69,69,69,69,69,69,75,75,75,75,75,75,75,75,75,75,75,75,75,6,6,6,6,6,6,6,6,6,6,6,6,6,6,6,6,6,6,6,6,6,6,6,6,6,6,6
28,0.1313,0.3234,0.0093,57,69,69,69,69,69,69,69,69,69,69,69,69,75,75,75,75,75,75,75,75,75,75,75,75,75,75,75,6,6,6,6,6,6,6,6,6,6,6,6,6,6,6,6,6,6,6,6,6,6,6,6,6,6,6,6
29,0.1319,0.3249,0.0102,57,69,69,69,69,69,69,69,69,69,69,69,75,75,75,75,75,75,75,75,75,75,75,75,75,75,75,75,75,6,6,6,6,6,6,6,6,6,6,6,6,6,6,6,6,6,6,6,6,6,6,6,6,6,6,6,6,6
30,0.1326,0.3264,0.011,57,69,69,69,69,69,69,69,69,69,69,75,75,75,75,75,75,75,75,75,75,75,75,75,75,75,75,75,75,75,6,6,6,6,6,6,6,6,6,6,6,6,6,6,6,6,6,6,6,6,6,6,6,6,6,6,6,6,6,6
1,0.1243,0.3073,0.0,69,6
2,0.1243,0.3073,0.0,69,69,6,6
3,0.1243,0.3073,0.0,69,57,69,6,6,6
4,0.1243,0.3073,0.0,69,57,69,69,6,6,6,6
5,0.1243,0.3073,0.0,69,57,69,69,69,6,6,6,6,6
6,0.1243,0.3073,0.0,69,57,69,69,69,69,6,6,6,6,6,6
7,0.1243,0.3073,0.0,69,57,69,69,69,69,69,6,6,6,6,6,6,6
8,0.1243,0.3073,0.0,69,57,69,69,69,69,69,69,6,6,6,6,6,6,6,6
9,0.1243,0.3073,0.0,69,57,69,69,69,69,69,69,69,6,6,6,6,6,6,6,6,6
10,0.1243,0.3073,0.0,69,57,69,69,69,69,69,69,69,69,6,6,6,6,6,6,6,6,6,6
11,0.1243,0.3073,0.0,69,57,69,69,69,69,69,69,69,69,69,6,6,6,6,6,6,6,6,6,6,6
12,0.1243,0.3073,0.0,69,57,69,69,69,69,69,69,69,69,69,69,6,6,6,6,6,6,6,6,6,6,6,6
13,0.1243,0.3073,0.0,69,57,69,69,69,69,69,69,69,69,69,69,69,6,6,6,6,6,6,6,6,6,6,6,6,6
14,0.1243,0.3073,0.0,69,57,69,69,69,69,69,69,69,69,69,69,69,69,6,6,6,6,6,6,6,6,6,6,6,6,6,6
15,0.1243,0.3073,0.0,69,57,69,69,69,69,69,69,69,69,69,69,69,69,69,6,6,6,6,6,6,6,6,6,6,6,6,6,6,6
16,0.1243,0.3073,0.0,69,57,69,69,69,69,69,69,69,69,69,69,69,69,69,69,6,6,6,6,6,6,6,6,6,6,6,6,6,6,6,6
17,0.1243,0.3073,0.0,69,57,69,69,69,69,69,69,69,69,69,69,69,69,69,69,69,6,6,6,6,6,6,6,6,6,6,6,6,6,6,6,6,6
18,0.1243,0.3073,0.0,69,57,69,69,69,69,69,69,69,69,69,69,69,69,69,69,69,69,6,6,6,6,6,6,6,6,6,6,6,6,6,6,6,6,6,6
19,0.1243,0.3073,0.0,69,57,69,69,69,69,69,69,69,69,69,69,69,69,69,69,69,69,69,6,6,6,6,6,6,6,6,6,6,6,6,6,6,6,6,6,6,6
20,0.1243,0.3073,0.0,57,69,69,69,69,69,69,69,69,69,69,69,69,69,69,69,69,69,69,69,6,6,6,6,6,6,6,6,6,6,6,6,6,6,6,6,6,6,6,6
21,0.1243,0.3073,0.0,57,69,69,69,69,69,69,69,69,69,69,69,69,69,69,69,69,69,69,69,69,6,6,6,6,6,6,6,6,6,6,6,6,6,6,6,6,6,6,6,6,6
22,0.1261,0.3114,0.0024,57,69,69,69,69,69,69,69,69,69,69,69,69,69,69,69,69,69,69,75,75,75,6,6,6,6,6,6,6,6,6,6,6,6,6,6,6,6,6,6,6,6,6,6
23,0.1272,0.3138,0.0038,57,69,69,69,69,69,69,69,69,69,69,69,69,69,69,69,69,69,75,75,75,75,75,6,6,6,6,6,6,6,6,6,6,6,6,6,6,6,6,6,6,6,6,6,6,6
24,0.1281,0.3161,0.0051,57,69,69,69,69,69,69,69,69,69,69,69,69,69,69,69,69,75,75,75,75,75,75,75,6,6,6,6,6,6,6,6,6,6,6,6,6,6,6,6,6,6,6,6,6,6,6,6
25,0.129,0.3181,0.0062,57,69,69,69,69,69,69,69,69,69,69,69,69,69,69,69,75,75,75,75,75,75,75,75,75,6,6,6,6,6,6,6,6,6,6,6,6,6,6,6,6,6,6,6,6,6,6,6,6,6
26,0.1298,0.32,0.0073,57,69,69,69,69,69,69,69,69,69,69,69,69,69,69,75,75,75,75,75,75,75,75,75,75,75,6,6,6,6,6,6,6,6,6,6,6,6,6,6,6,6,6,6,6,6,6,6,6,6,6,6
27,0.1306,0.3218,0.0084,57,69,69,69,69,69,69,69,69,69,69,69,69,69,75,75,75,75,75,75,75,75,75,75,75,75,75,6,6,6,6,6,6,6,6,6,6,6,6,6,6,6,6,6,6,6,6,6,6,6,6,6,6,6
28,0.1313,0.3234,0.0093,57,69,69,69,69,69,69,69,69,69,69,69,69,75,75,75,75,75,75,75,75,75,75,75,75,75,75,75,6,6,6,6,6,6,6,6,6,6,6,6,6,6,6,6,6,6,6,6,6,6,6,6,6,6,6,6
29,0.1319,0.3249,0.0102,57,69,69,69,69,69,69,69,69,69,69,69,75,75,75,75,75,75,75,75,75,75,75,75,75,75,75,75,75,6,6,6,6,6,6,6,6,6,6,6,6,6,6,6,6,6,6,6,6,6,6,6,6,6,6,6,6,6
30,0.1326,0.3264,0.011,57,69,69,69,69,69,69,69,69,69,69,75,75,75,75,75,75,75,75,75,75,75,75,75,75,75,75,75,75,75,6,6,6,6,6,6,6,6,6,6,6,6,6,6,6,6,6,6,6,6,6,6,6,6,6,6,6,6,6,6
