3,0.146,0.4767,0.0,51,45,69,5,7,6
6,0.1303,0.4883,0.0,51,45,69,33,45,69,5,7,6,5,7,6
9,0.141,0.4794,0.0,45,45,69,51,39,69,51,45,69,5,7,6,5,7,6,5,7,6
12,0.1338,0.4839,0.0,51,45,69,51,45,69,33,45,69,51,45,69,5,7,6,5,7,6,5,7,6,5,7,6
15,0.172,0.5212,0.0365,51,63,75,51,63,75,39,75,75,51,75,75,51,75,75,5,5,6,5,5,6,5,8,6,5,8,6,5,8,6
18,0.169,0.5281,0.0519,51,75,69,33,75,75,51,75,75,51,75,75,51,75,75,51,75,75,5,7,6,5,7,6,5,7,6,5,7,6,5,7,6,5,7,6
21,0.1954,0.5112,0.044,51,69,75,33,69,75,51,75,75,51,75,75,51,75,75,51,75,75,51,75,75,5,5,6,5,5,6,5,6,6,5,6,6,5,6,6,5,6,6,5,6,6
24,0.3031,0.5073,0.0521,51,75,75,51,75,75,33,75,75,51,75,75,51,75,75,51,75,75,51,75,75,51,75,69,5,6,5,5,6,5,3,6,5,5,5,5,5,5,5,5,5,5,5,5,5,5,5,4
27,0.3274,0.5062,0.0522,51,75,75,33,75,75,51,75,75,51,75,75,51,75,75,51,75,75,51,75,75,51,75,69,51,75,75,5,5,5,5,5,5,5,5,5,5,5,5,5,5,5,5,5,5,4,5,5,4,5,4,4,5,5
30,0.1834,0.5178,0.0498,69,69,75,51,75,75,51,75,75,51,75,75,51,75,75,51,75,75,51,75,75,51,75,75,51,75,75,51,75,75,5,6,6,5,6,6,5,6,6,5,6,6,5,6,6,5,6,6,5,6,6,5,6,6,5,6,6,5,6,6
