2,0.1315,0.5769,0.0,45,51,7,5
4,0.1442,0.5692,0.0,45,51,33,51,7,5,7,5
6,0.14,0.5717,0.0,45,51,33,51,45,51,7,5,7,5,7,5
8,0.1442,0.5692,0.0,33,51,45,51,45,51,45,51,7,5,7,5,7,5,7,5
10,0.1416,0.5707,0.0,33,51,45,51,45,51,45,51,45,51,7,5,7,5,7,5,7,5,7,5
12,0.1442,0.5692,0.0,33,51,45,51,45,51,45,51,45,51,45,51,7,5,7,5,7,5,7,5,7,5,7,5
14,0.1424,0.5703,0.0,33,51,45,51,45,51,45,51,45,51,45,51,45,51,7,5,7,5,7,5,7,5,7,5,7,5,7,5
16,0.1378,0.5735,0.0,33,51,45,51,45,51,45,51,45,51,51,51,51,51,51,51,7,5,7,5,7,5,7,5,7,5,7,5,7,5,7,5
18,0.1371,0.5742,0.0,33,51,33,51,33,51,33,51,51,51,51,51,51,51,51,51,51,51,7,5,7,5,7,5,7,5,7,5,7,5,7,5,7,5,7,5
20,0.1547,0.5712,0.0072,51,51,51,51,51,51,51,51,51,51,51,51,51,51,69,51,69,51,69,51,7,5,6,5,6,5,6,5,6,5,6,5,6,5,8,5,8,5,8,5
22,0.2171,0.573,0.0193,75,51,51,51,51,51,51,51,51,51,51,51,51,51,51,51,51,51,75,51,75,51,8,5,6,5,5,5,5,5,5,5,5,5,5,5,5,5,5,5,8,5,8,5
24,0.6716,0.6814,0.1548,57,75,75,75,75,75,75,75,75,75,75,75,75,75,75,75,75,75,81,75,81,75,81,75,3,4,3,3,3,3,3,3,3,3,3,3,3,3,3,3,3,3,15,3,15,3,15,3
26,0.6225,0.7406,0.2273,57,75,75,75,75,75,75,75,75,75,75,75,75,75,81,75,81,75,81,75,81,75,81,75,81,75,3,4,3,3,3,3,3,3,3,3,3,3,3,3,15,3,15,3,15,3,15,3,15,3,15,3
28,0.5772,0.7938,0.2894,57,75,75,75,75,75,75,75,75,75,81,75,81,75,81,75,81,75,81,75,81,75,81,75,81,75,81,75,3,4,3,3,3,3,3,3,3,3,15,3,15,3,15,3,15,3,15,3,15,3,15,3,15,3,15,3
30,0.5635,0.8197,0.3205,57,75,75,75,75,75,75,75,81,75,81,75,81,75,81,75,81,75,81,75,81,75,81,75,81,75,81,75,81,75,3,3,3,3,3,3,3,3,15,3,15,3,15,3,15,3,15,3,15,3,15,3,15,3,15,3,15,3,15,3
2,0.1315,0.5769,0.0,45,51,7,5
4,0.1442,0.5692,0.0,45,51,33,51,7,5,7,5
6,0.14,0.5717,0.0,45,51,33,51,45,51,7,5,7,5,7,5
8,0.1442,0.5692,0.0,33,51,45,51,45,51,45,51,7,5,7,5,7,5,7,5
10,0.1416,0.5707,0.0,33,51,45,51,45,51,45,51,45,51,7,5,7,5,7,5,7,5,7,5
12,0.1442,0.5692,0.0,33,51,45,51,45,51,45,51,45,51,45,51,7,5,7,5,7,5,7,5,7,5,7,5
14,0.1424,0.5703,0.0,33,51,45,51,45,51,45,51,45,51,45,51,45,51,7,5,7,5,7,5,7,5,7,5,7,5,7,5
16,0.1378,0.5735,0.0,33,51,45,51,45,51,45,51,45,51,51,51,51,51,51,51,7,5,7,5,7,5,7,5,7,5,7,5,7,5,7,5
18,0.1371,0.5742,0.0,33,51,33,51,33,51,33,51,51,51,51,51,51,51,51,51,51,51,7,5,7,5,7,5,7,5,7,5,7,5,7,5,7,5,7,5
20,0.1547,0.5712,0.0072,51,51,51,51,51,51,51,51,51,51,51,51,51,51,69,51,69,51,69,51,7,5,6,5,6,5,6,5,6,5,6,5,6,5,8,5,8,5,8,5
22,0.2171,0.573,0.0193,75,51,51,51,51,51,51,51,51,51,51,51,51,51,51,51,51,51,75,51,75,51,8,5,6,5,5,5,5,5,5,5,5,5,5,5,5,5,5,5,8,5,8,5
24,0.6716,0.6814,0.1548,57,75,75,75,75,75,75,75,75,75,75,75,75,75,75,75,75,75,81,75,81,75,81,75,3,4,3,3,3,3,3,3,3,3,3,3,3,3,3,3,3,3,15,3,15,3,15,3
26,0.6225,0.7406,0.2273,57,75,75,75,75,75,75,75,75,75,75,75,75,75,81,75,81,75,81,75,81,75,81,75,81,75,3,4,3,3,3,3,3,3,3,3,3,3,3,3,15,3,15,3,15,3,15,3,15,3,15,3
28,0.5772,0.7938,0.2894,57,75,75,75,75,75,75,75,75,75,81,75,81,75,81,75,81,75,81,75,81,75,81,75,81,75,81,75,3,4,3,3,3,3,3,3,3,3,15,3,15,3,15,3,15,3,15,3,15,3,15,3,15,3,15,3
30,0.5635,0.8197,0.3205,57,75,75,75,75,75,75,75,81,75,81,75,81,75,81,75,81,75,81,75,81,75,81,75,81,75,81,75,81,75,3,3,3,3,3,3,3,3,15,3,15,3,15,3,15,3,15,3,15,3,15,3,15,3,15,3,15,3,15,3
