1,0.0,0.0,0.0,33,15
2,0.0,0.0,0.0,33,33,15,15
3,0.0,0.0,0.0,33,33,33,15,15,15
4,0.0,0.0,0.0271,33,57,57,57,15,15,15,15
5,0.0,0.0,0.0361,57,57,57,57,57,15,15,15,15,15
6,0.0,0.0,0.0361,57,57,57,57,57,57,14,14,14,14,14,14
7,0.0,0.0,0.0309,33,57,57,57,57,57,57,13,13,13,13,13,13,13
8,0.0,0.0,0.0396,57,57,57,57,57,57,75,75,13,13,13,13,13,13,13,13
9,0.0,0.0,0.0361,57,57,57,57,57,57,57,57,57,12,12,12,12,12,12,12,12,12
10,0.0,0.0,0.0389,57,57,57,57,57,57,57,57,75,75,12,12,12,12,12,12,12,12,12,12
11,0.0,0.0,0.0361,57,57,57,57,57,57,57,57,57,57,57,11,11,11,11,11,11,11,11,11,11,11
12,0.0,0.0,0.0384,57,57,57,57,57,57,57,57,57,57,75,75,11,11,11,11,11,11,11,11,11,11,11,11
13,0.0002,0.0,0.0333,33,57,57,57,57,57,57,57,57,57,57,57,57,10,10,10,10,10,10,10,10,10,10,10,10,10
14,0.0002,0.0,0.0361,57,57,57,57,57,57,57,57,57,57,57,57,57,57,10,10,10,10,10,10,10,10,10,10,10,10,10,10
15,0.0002,0.0,0.0389,57,57,57,57,57,57,57,57,57,57,57,57,75,75,75,10,10,10,10,10,10,10,10,10,10,10,10,10,10,10
16,0.0012,0.0,0.0338,33,57,57,57,57,57,57,57,57,57,57,57,57,57,57,57,9,9,9,9,9,9,9,9,9,9,9,9,9,9,9,9
17,0.0012,0.0,0.0361,57,57,57,57,57,57,57,57,57,57,57,57,57,57,57,57,57,9,9,9,9,9,9,9,9,9,9,9,9,9,9,9,9,9
18,0.0013,0.0,0.0384,57,57,57,57,57,57,57,57,57,57,57,57,57,57,57,75,75,75,9,9,9,9,9,9,9,9,9,9,9,9,9,9,9,9,9,9
19,0.0013,0.0,0.0391,57,57,57,57,57,57,57,57,57,57,57,57,57,57,57,75,75,75,75,9,9,9,9,9,9,9,9,9,9,9,9,9,9,9,9,9,9,9
20,0.0038,0.0001,0.0343,33,57,57,57,57,57,57,57,57,57,57,57,57,57,57,57,57,57,57,57,8,8,8,8,8,8,8,8,8,8,8,8,8,8,8,8,8,8,8,8
21,0.0039,0.0001,0.0374,57,57,57,57,57,57,57,57,57,57,57,57,57,57,57,57,57,57,57,75,75,8,8,8,8,8,8,8,8,8,8,8,8,8,8,8,8,8,8,8,8,8
