1,0.0405,0.0986,0.2584,81,14.633286
2,0.0407,0.0989,0.2584,81,81,14.533279,14.533297
3,0.0407,0.0989,0.2584,81,81,81,14.533249,14.533263,14.533269
4,0.0563,0.1235,0.2584,81,81,81,81,14.466573,14.466588,14.466604,14.466618
5,0.0563,0.1236,0.2584,81,81,81,81,81,14.433231,14.433237,14.433242,14.433254,14.433271
6,0.0565,0.124,0.2584,81,81,81,81,81,81,14.333192,14.333198,14.333222,14.333237,14.33326,14.333282
7,0.0565,0.124,0.2584,81,81,81,81,81,81,81,14.3332,14.333213,14.33322,14.333227,14.333234,14.333252,14.333265
8,0.0567,0.1242,0.2584,81,81,81,81,81,81,81,81,14.266483,14.266505,14.266518,14.266524,14.266542,14.266548,14.266572,14.266578
9,0.0568,0.1243,0.2584,81,81,81,81,81,81,81,81,81,14.233139,14.233145,14.23315,14.233168,14.233182,14.233188,14.233203,14.233216,14.233247
10,0.0568,0.1245,0.2584,81,81,81,81,81,81,81,81,81,81,14.199803,14.199822,14.199838,14.199844,14.199851,14.199858,14.199873,14.199897,14.19992,14.199936
11,0.0571,0.1248,0.2584,81,81,81,81,81,81,81,81,81,81,81,14.099809,14.099815,14.099837,14.099844,14.099851,14.099858,14.099892,14.099901,14.099907,14.099914,14.09993
12,0.0571,0.1249,0.2584,81,81,81,81,81,81,81,81,81,81,81,81,14.066376,14.066391,14.066406,14.066426,14.066449,14.066465,14.066482,14.066504,14.066511,14.066518,14.066538,14.066553
13,0.0575,0.1254,0.2584,81,81,81,81,81,81,81,81,81,81,81,81,81,13.933171,13.933186,13.933192,13.933205,13.933211,13.933217,13.933223,13.93323,13.933236,13.933242,13.933249,13.933255,13.933261
14,0.0576,0.1257,0.2584,81,81,81,81,81,81,81,81,81,81,81,81,81,81,13.866431,13.866452,13.866459,13.866467,13.866473,13.86648,13.866487,13.866504,13.866519,13.866526,13.866533,13.866548,13.866572,13.866586
15,0.0578,0.1259,0.2584,81,81,81,81,81,81,81,81,81,81,81,81,81,81,81,13.799644,13.799661,13.799676,13.799691,13.799704,13.799724,13.79974,13.799754,13.799771,13.799779,13.799786,13.799793,13.799806,13.799814,13.799821
16,0.058,0.1262,0.2584,81,81,81,81,81,81,81,81,81,81,81,81,81,81,81,81,13.732999,13.733006,13.733019,13.733035,13.733051,13.733074,13.733098,13.733114,13.73312,13.733146,13.733161,13.733178,13.733191,13.733214,13.733229,13.733236
17,0.058,0.1263,0.2584,81,81,81,81,81,81,81,81,81,81,81,81,81,81,81,81,81,13.699735,13.699749,13.699762,13.699768,13.699781,13.699794,13.6998,13.699805,13.699819,13.699825,13.699831,13.699837,13.699844,13.69985,13.699856,13.699863,13.699868
18,0.0582,0.1266,0.2584,81,81,81,81,81,81,81,81,81,81,81,81,81,81,81,81,81,81,13.633021,13.633026,13.633031,13.633059,13.633067,13.633076,13.633085,13.633104,13.633121,13.633135,13.633144,13.633168,13.633192,13.633215,13.633224,13.633233,13.633242,13.633251
19,0.0584,0.1269,0.2584,81,81,81,81,81,81,81,81,81,81,81,81,81,81,81,81,81,81,81,13.566357,13.566373,13.566379,13.566393,13.566399,13.566405,13.566421,13.566428,13.566438,13.566461,13.566468,13.566474,13.566489,13.566495,13.566512,13.566518,13.566525,13.566532,13.566539
20,0.0586,0.1273,0.2584,81,81,81,81,81,81,81,81,81,81,81,81,81,81,81,81,81,81,81,81,13.46637,13.466391,13.466397,13.466405,13.466411,13.466418,13.466425,13.466431,13.466447,13.466454,13.466461,13.466468,13.466475,13.466481,13.466495,13.466503,13.46651,13.466517,13.466531,13.466538
21,0.0805,0.1581,0.2584,81,81,81,81,81,81,81,81,81,81,81,81,81,81,81,81,81,81,81,81,81,13.39975,13.399764,13.399777,13.399793,13.399799,13.399818,13.399824,13.39983,13.399836,13.399842,13.399848,13.399855,13.399861,13.399866,13.399873,13.399879,13.399885,13.399892,13.399905,13.399911,13.399917
1,0.0405,0.0986,0.2584,81,14.6333
2,0.0563,0.1235,0.2584,81,81,14.466613,14.466628
3,0.0407,0.0989,0.2584,81,81,81,14.533268,14.533277,14.533295
