1,0.772,0.0,0.7135,81,17.866467
2,0.772,0.0,0.7135,81,81,17.666479,17.666501
3,0.772,0.0,0.7135,81,81,81,17.666393,17.666409,17.666468
4,0.772,0.0,0.7135,81,81,81,81,17.599896,17.599912,17.59993,17.599937
5,0.772,0.0,0.7135,81,81,81,81,81,17.566482,17.566521,17.566544,17.566564,17.566586
6,0.772,0.0,0.7135,81,81,81,81,81,81,17.433193,17.433212,17.433232,17.43325,17.433269,17.433286
7,0.772,0.0,0.7135,81,81,81,81,81,81,81,17.333111,17.333139,17.333164,17.333171,17.333179,17.333195,17.333224
8,0.772,0.0,0.7135,81,81,81,81,81,81,81,81,17.199817,17.199823,17.199833,17.199847,17.199865,17.199873,17.199897,17.199915
9,0.772,0.0,0.7135,81,81,81,81,81,81,81,81,81,17.166231,17.166238,17.166256,17.166265,17.166283,17.166313,17.166322,17.166338,17.166357
1,0.772,0.0,0.7135,81,17.833273
2,0.772,0.0,0.7135,81,81,17.566471,17.566492
3,0.772,0.0,0.7135,81,81,81,17.499893,17.499914,17.499922
4,0.772,0.0,0.7135,81,81,81,81,17.533039,17.533045,17.533053,17.533084
5,0.772,0.0,0.7135,81,81,81,81,81,17.499894,17.499901,17.499919,17.499942,17.49996
6,0.772,0.0,0.7135,81,81,81,81,81,81,17.499826,17.499843,17.499871,17.499887,17.499917,17.499934
7,0.772,0.0,0.7135,81,81,81,81,81,81,81,17.39973,17.399742,17.399776,17.399808,17.399829,17.39986,17.399893
8,0.772,0.0,0.7135,81,81,81,81,81,81,81,81,17.232965,17.232979,17.232988,17.233006,17.233033,17.233041,17.233063,17.233088
9,0.772,0.0,0.7135,81,81,81,81,81,81,81,81,81,16.966099,16.966106,16.966121,16.966142,16.966161,16.966171,16.966192,16.966215,16.966252
10,0.772,0.0,0.7135,81,81,81,81,81,81,81,81,81,81,16.933115,16.93314,16.933166,16.933174,16.933196,16.933211,16.933219,16.933238,16.933254,16.933271
11,0.772,0.0,0.7135,81,81,81,81,81,81,81,81,81,81,81,17.066206,17.066227,17.066255,17.066275,17.066301,17.066309,17.066326,17.066341,17.066349,17.066356,17.066384
12,0.772,0.0,0.7135,81,81,81,81,81,81,81,81,81,81,81,81,16.966345,16.966375,16.966394,16.96641,16.966438,16.966446,16.966463,16.966481,16.966502,16.966528,16.966545,16.966563
13,0.772,0.0,0.7135,81,81,81,81,81,81,81,81,81,81,81,81,81,16.799621,16.799639,16.799659,16.799689,16.799718,16.799746,16.799763,16.79978,16.799789,16.799797,16.799806,16.799827,16.799844
14,0.772,0.0,0.7135,81,81,81,81,81,81,81,81,81,81,81,81,81,81,16.633042,16.633052,16.633063,16.633086,16.633106,16.633137,16.633156,16.633179,16.63319,16.633201,16.633212,16.633223,16.633234,16.633251
15,0.772,0.0,0.7135,81,81,81,81,81,81,81,81,81,81,81,81,81,81,81,16.499678,16.499694,16.499711,16.49972,16.499735,16.499743,16.499771,16.499797,16.499815,16.499831,16.499856,16.499863,16.499888,16.499901,16.499918
16,0.772,0.0,0.7135,81,81,81,81,81,81,81,81,81,81,81,81,81,81,81,81,16.566365,16.566394,16.566423,16.566443,16.566452,16.566463,16.566474,16.566486,16.566497,16.566515,16.566526,16.566537,16.566555,16.566563,16.566575,16.566585
17,0.772,0.0,0.7135,81,81,81,81,81,81,81,81,81,81,81,81,81,81,81,81,81,16.399548,16.399587,16.399617,16.39964,16.399659,16.399681,16.399701,16.399722,16.399733,16.399743,16.399754,16.399774,16.399785,16.399793,16.399805,16.399817,16.399828
18,0.772,0.0,0.7135,81,81,81,81,81,81,81,81,81,81,81,81,81,81,81,81,81,81,16.299662,16.299679,16.299687,16.299706,16.299732,16.299758,16.299784,16.299801,16.299809,16.299817,16.29984,16.299848,16.299858,16.299863,16.299873,16.29988,16.299889,16.299897
19,0.772,0.0,0.7135,81,81,81,81,81,81,81,81,81,81,81,81,81,81,81,81,81,81,81,16.265995,16.266015,16.266024,16.266032,16.266052,16.266071,16.266082,16.266092,16.266116,16.266136,16.266147,16.266168,16.266179,16.266187,16.266198,16.266209,16.266221,16.266231,16.266246
20,0.772,0.0,0.7135,81,81,81,81,81,81,81,81,81,81,81,81,81,81,81,81,81,81,81,81,16.166292,16.166302,16.166313,16.166323,16.133002,16.133012,16.133023,16.133034,16.133045,16.133056,16.133076,16.133086,16.133097,16.133103,16.133113,16.133124,16.133136,16.133155,16.133166,16.133176
21,0.772,0.0,0.7135,81,81,81,81,81,81,81,81,81,81,81,81,81,81,81,81,81,81,81,81,81,15.999653,15.999659,15.999666,15.999682,15.999689,15.999706,15.999713,15.99972,15.999735,15.999742,15.999749,15.999756,15.999771,15.999777,15.999784,15.999791,15.999806,15.999814,15.99982,15.999828,15.999834
1,0.772,0.0,0.7135,81,17.766638
2,0.772,0.0,0.7135,81,81,17.866619,17.866634
3,0.772,0.0,0.7135,81,81,81,17.633247,17.633258,17.633265
