1,0.0,0.0,0.0,69,15
2,0.0,0.0,0.0,57,69,15,15
3,0.0,0.0,0.0,57,69,69,15,15,15
4,0.0,0.0,0.0087,57,69,75,75,15,15,15,15
5,0.0,0.0,0.0,69,69,69,69,69,15,15,15,15,15
6,0.0,0.0,0.0,69,69,69,69,69,69,15,15,15,15,15,15
7,0.0,0.0,0.0,69,69,69,69,69,69,69,15,15,15,15,15,15,15
8,0.0,0.0,0.0043,57,69,69,69,69,69,75,75,12,12,12,12,12,12,12,12
9,0.0,0.0,0.0,69,69,69,69,69,69,69,69,69,14,14,14,14,14,14,14,14,14
10,0.0,0.0,0.0052,57,69,69,69,69,69,69,75,75,75,11,11,11,11,11,11,11,11,11,11
11,0.0,0.0,0.0,69,69,69,69,69,69,69,69,69,69,69,13,13,13,13,13,13,13,13,13,13,13
12,0.0,0.0,0.0043,57,69,69,69,69,69,69,69,69,75,75,75,10,10,10,10,10,10,10,10,10,10,10,10
13,0.0,0.0,0.0067,57,69,69,69,69,69,69,69,75,75,75,75,75,10,10,10,10,10,10,10,10,10,10,10,10,10
14,0.0,0.0,0.0087,57,69,69,69,69,69,69,75,75,75,75,75,75,75,10,10,10,10,10,10,10,10,10,10,10,10,10,10
15,0.0,0.0,0.0104,57,69,69,69,69,69,75,75,75,75,75,75,75,75,75,10,10,10,10,10,10,10,10,10,10,10,10,10,10,10
16,0.0,0.0001,0.0464,57,75,75,75,75,75,75,75,75,75,75,75,75,75,81,81,10,11,11,11,11,11,11,11,10,10,10,10,10,10,15,15
17,0.0,0.0001,0.0589,57,75,75,75,75,75,75,75,75,75,75,75,75,75,81,81,81,10,11,11,11,11,11,11,10,10,10,10,10,10,10,15,15,15
18,0.0,0.0001,0.07,57,75,75,75,75,75,75,75,75,75,75,75,75,75,81,81,81,81,10,11,11,11,11,11,10,10,10,10,10,10,10,10,15,15,15,15
19,0.0,0.0001,0.0799,57,75,75,75,75,75,75,75,75,75,75,75,75,75,81,81,81,81,81,10,11,11,11,11,10,10,10,10,10,10,10,10,10,15,15,15,15,15
20,0.0,0.0001,0.0888,57,75,75,75,75,75,75,75,75,75,75,75,75,75,81,81,81,81,81,81,10,11,11,11,10,10,10,10,10,10,10,10,10,10,15,15,15,15,15,15
21,0.0,0.0001,0.0969,57,75,75,75,75,75,75,75,75,75,75,75,75,75,81,81,81,81,81,81,81,10,11,11,10,10,10,10,10,10,10,10,10,10,10,15,15,15,15,15,15,15
