1,0.0,0.9797,0.0,51,15
2,0.0,0.9797,0.0,33,51,15,15
3,0.0,0.9796,0.0006,33,57,57,14,14,14
4,0.0,0.9761,0.0,33,51,51,51,13,13,13,13
5,0.0,0.9736,0.0,51,51,51,51,51,12,12,12,12,12
6,0.0,0.971,0.0,51,51,51,51,51,51,12,11,11,11,11,11
7,0.0,0.976,0.0015,51,51,51,69,69,69,69,12,12,12,12,12,12,12
8,0.0018,0.9722,0.1134,75,75,75,75,75,57,81,81,9,9,9,9,9,9,15,15
9,0.0022,0.9741,0.1485,75,75,75,75,57,75,81,81,81,10,10,9,9,8,9,15,15,15
10,0.0026,0.9749,0.1767,75,75,75,75,57,75,81,81,81,81,10,9,9,9,8,9,15,15,15,15
11,0.0028,0.9755,0.1996,75,75,75,75,57,75,81,81,81,81,81,9,9,9,9,8,9,15,15,15,15,15
12,0.0031,0.976,0.2188,75,75,75,75,57,75,81,81,81,81,81,81,9,9,9,9,8,8,15,15,15,15,15,15
13,0.0033,0.9763,0.235,75,75,75,75,57,75,81,81,81,81,81,81,81,9,9,9,8,8,8,15,15,15,15,15,15,15
14,0.0035,0.977,0.2489,75,75,75,75,57,75,81,81,81,81,81,81,81,81,9,9,9,8,8,8,15,15,15,15,15,15,15,15
15,0.0037,0.9773,0.261,75,75,75,75,57,75,81,81,81,81,81,81,81,81,81,9,9,8,8,8,8,15,15,15,15,15,15,15,15,15
16,0.0038,0.9807,0.2978,75,75,75,57,75,81,81,81,81,81,81,81,81,81,81,81,10,9,9,9,9,15,15,15,15,15,15,15,15,15,15,15
17,0.0039,0.9807,0.3055,75,75,75,57,75,81,81,81,81,81,81,81,81,81,81,81,81,9,9,9,9,9,15,15,15,15,15,15,15,15,15,15,15,15
18,0.004,0.9812,0.3124,75,75,75,57,75,81,81,81,81,81,81,81,81,81,81,81,81,81,10,10,9,8,9,15,15,15,15,15,15,15,15,15,15,15,15,15
19,0.0041,0.9813,0.3186,75,75,75,57,75,81,81,81,81,81,81,81,81,81,81,81,81,81,81,10,9,9,8,9,15,15,15,15,15,15,15,15,15,15,15,15,15,15
20,0.0041,0.9813,0.3241,75,75,75,57,75,81,81,81,81,81,81,81,81,81,81,81,81,81,81,81,9,9,9,8,9,15,15,15,15,15,15,15,15,15,15,15,15,15,15,15
