1,0.0,0.6028,0.0,69,15
2,0.0,0.6028,0.0,57,69,15,15
3,0.0,0.6028,0.0,69,69,69,15,15,15
4,0.0001,0.5835,0.0,69,69,69,69,14,14,14,14
5,0.0016,0.5876,0.1034,57,69,69,81,81,11,12,11,15,15
6,0.0017,0.6057,0.1292,57,69,69,81,81,81,11,12,11,15,15,15
7,0.0018,0.6144,0.1477,57,69,69,81,81,81,81,11,11,11,15,15,15,15
8,0.0013,0.6265,0.1357,57,75,75,75,81,81,81,81,11,13,13,12,15,15,15,15
9,0.0015,0.6316,0.1493,57,75,75,75,81,81,81,81,81,11,13,12,12,15,15,15,15,15
10,0.0016,0.6356,0.1602,57,75,75,75,81,81,81,81,81,81,11,12,12,12,15,15,15,15,15,15
11,0.0013,0.6685,0.1911,57,75,75,81,81,81,81,81,81,81,81,13,15,14,15,15,15,15,15,15,15,15
12,0.0014,0.6693,0.1967,57,75,75,81,81,81,81,81,81,81,81,81,13,14,14,15,15,15,15,15,15,15,15,15
13,0.0014,0.6698,0.2014,57,75,75,81,81,81,81,81,81,81,81,81,81,13,14,13,15,15,15,15,15,15,15,15,15,15
14,0.0015,0.6702,0.2055,57,75,75,81,81,81,81,81,81,81,81,81,81,81,13,13,13,15,15,15,15,15,15,15,15,15,15,15
15,0.0015,0.6729,0.209,57,75,75,81,81,81,81,81,81,81,81,81,81,81,81,12,14,14,15,15,15,15,15,15,15,15,15,15,15,15
16,0.0015,0.6731,0.2121,57,75,75,81,81,81,81,81,81,81,81,81,81,81,81,81,12,14,13,15,15,15,15,15,15,15,15,15,15,15,15,15
17,0.0016,0.6732,0.2148,57,75,75,81,81,81,81,81,81,81,81,81,81,81,81,81,81,12,13,13,15,15,15,15,15,15,15,15,15,15,15,15,15,15
18,0.0016,0.6732,0.2173,57,75,75,81,81,81,81,81,81,81,81,81,81,81,81,81,81,81,12,13,12,15,15,15,15,15,15,15,15,15,15,15,15,15,15,15
19,0.0016,0.6731,0.2194,57,75,75,81,81,81,81,81,81,81,81,81,81,81,81,81,81,81,81,12,12,12,15,15,15,15,15,15,15,15,15,15,15,15,15,15,15,15
20,0.0016,0.6752,0.2214,57,75,75,81,81,81,81,81,81,81,81,81,81,81,81,81,81,81,81,81,11,13,13,15,15,15,15,15,15,15,15,15,15,15,15,15,15,15,15,15
