1,0.0,0.6028,0.0,69,15
2,0.0,0.6028,0.0,57,69,15,15
3,0.0,0.6144,0.0116,57,75,75,15,15,15
4,0.0,0.6159,0.013,57,75,75,75,15,15,15,15
5,0.0,0.6202,0.0173,75,75,75,75,75,15,15,15,15,15
6,0.001,0.6108,0.0948,57,75,75,75,81,81,11,14,13,13,15,15
7,0.0012,0.62,0.1182,57,75,75,75,81,81,81,11,13,13,13,15,15,15
8,0.0013,0.6265,0.1357,57,75,75,75,81,81,81,81,11,13,13,12,15,15,15,15
9,0.0015,0.6316,0.1493,57,75,75,75,81,81,81,81,81,11,13,12,12,15,15,15,15,15
10,0.0016,0.6356,0.1602,57,75,75,75,81,81,81,81,81,81,11,12,12,12,15,15,15,15,15,15
11,0.0017,0.6386,0.1692,57,75,75,75,81,81,81,81,81,81,81,11,12,12,11,15,15,15,15,15,15,15
12,0.0019,0.641,0.1766,57,75,75,75,81,81,81,81,81,81,81,81,11,12,11,11,15,15,15,15,15,15,15,15
13,0.002,0.6431,0.1829,57,75,75,75,81,81,81,81,81,81,81,81,81,11,11,11,11,15,15,15,15,15,15,15,15,15
14,0.0015,0.6725,0.2055,57,75,75,81,81,81,81,81,81,81,81,81,81,81,12,15,14,15,15,15,15,15,15,15,15,15,15,15
15,0.0015,0.6729,0.209,57,75,75,81,81,81,81,81,81,81,81,81,81,81,81,12,14,14,15,15,15,15,15,15,15,15,15,15,15,15
16,0.0015,0.6731,0.2121,57,75,75,81,81,81,81,81,81,81,81,81,81,81,81,81,12,14,13,15,15,15,15,15,15,15,15,15,15,15,15,15
17,0.0016,0.6732,0.2148,57,75,75,81,81,81,81,81,81,81,81,81,81,81,81,81,81,12,13,13,15,15,15,15,15,15,15,15,15,15,15,15,15,15
18,0.0016,0.6752,0.2173,57,75,75,81,81,81,81,81,81,81,81,81,81,81,81,81,81,81,11,14,14,15,15,15,15,15,15,15,15,15,15,15,15,15,15,15
19,0.0016,0.6752,0.2194,57,75,75,81,81,81,81,81,81,81,81,81,81,81,81,81,81,81,81,11,14,13,15,15,15,15,15,15,15,15,15,15,15,15,15,15,15,15
20,0.0016,0.6752,0.2214,57,75,75,81,81,81,81,81,81,81,81,81,81,81,81,81,81,81,81,81,11,13,13,15,15,15,15,15,15,15,15,15,15,15,15,15,15,15,15,15
