1,1.0
2,1.0
3,1.0
4,1.0
5,0.9999875
6,1.0
7,0.9999625
8,0.9998375
9,0.99965
10,0.9992125
11,0.9994375
12,0.9989625
13,0.9971125
14,0.9975
15,0.997
16,0.9935375
17,0.993825
18,0.993325
19,0.9936875
20,0.9868875
21,0.9863875
22,0.9874375
23,0.9866125
24,0.9851875
25,0.98595
26,0.9714875
27,0.9714875
28,0.9699
29,0.97025
30,0.9711875
31,0.9642125
32,0.9645
33,0.96535
34,0.9652125
35,0.9644875
36,0.9645375
37,0.9642375
38,0.9641
39,0.9357125
40,0.932325
41,0.9349625
42,0.9351
43,0.9327
44,0.9336625
45,0.9341625
46,0.9332875
47,0.9101625
48,0.90995
49,0.911675
50,0.910325
51,0.9097125
52,0.9098625
53,0.908775
54,0.9109875
55,0.9089625
56,0.90905
57,0.9108875
58,0.9097125
59,0.9103125
60,0.9111375
61,0.9102625
62,0.9106125
63,0.9102875
64,0.9105
65,0.9110375
66,0.9101
67,0.9123
68,0.91015
69,0.90975
70,0.9090875
71,0.9101875
72,0.91085
73,0.909525
74,0.9102375
75,0.910025
76,0.9100875
77,0.9113875
78,0.910095833333
79,0.910068670886
80,0.90695671875
81,0.907351388889
82,0.905513567073
83,0.904731927711
84,0.905783333333
85,0.903240294118
86,0.903335610465
87,0.902736925287
88,0.9027625
89,0.901918820225
90,0.901341111111
91,0.901171153846
92,0.898441983696
93,0.897711021505
94,0.894089228723
95,0.892666710526
96,0.891353385417
97,0.888910438144
98,0.886771428571
99,0.885669570707
100,0.88348725
101,0.882752475248
102,0.882502083333
103,0.881651941748
104,0.880418509615
105,0.877808333333
106,0.877366037736
107,0.876369275701
108,0.875538773148
109,0.87393543578
110,0.872614772727
111,0.872151576577
112,0.870156138393
113,0.869622676991
114,0.867110307018
115,0.8665725
116,0.866393426724
117,0.86606292735
118,0.86483654661
119,0.864354516807
120,0.863098020833
121,0.861604235537
122,0.860328995902
123,0.85970050813
124,0.858960383065
125,0.8579794
126,0.857205555556
127,0.855894488189
128,0.854626757812
129,0.854460755814
130,0.853581346154
131,0.853020038168
132,0.851816382576
133,0.850757800752
134,0.849565578358
135,0.849718796296
136,0.848994852941
137,0.847717427007
138,0.834294202899
139,0.834601708633
140,0.833798660714
141,0.833495921986
142,0.832548855634
143,0.831545629371
144,0.823099045139
145,0.822510775862
146,0.82025239726
147,0.82136420068
148,0.819791385135
149,0.820038255034
150,0.818588083333
151,0.816881125828
152,0.817250493421
153,0.817735375817
154,0.816045779221
155,0.814499435484
156,0.812743189103
157,0.811507165605
158,0.810245411392
159,0.810352358491
160,0.807206953125
161,0.806538431677
162,0.805253780864
163,0.804211273006
164,0.801614939024
165,0.80054780303
166,0.800339307229
167,0.799089745509
168,0.797837946429
169,0.796321967456
170,0.795412867647
171,0.795094517544
172,0.792709302326
173,0.791494653179
174,0.791576867816
175,0.789745357143
176,0.788943465909
177,0.787672457627
178,0.788018539326
179,0.786909567039
180,0.784312222222
181,0.783288812155
182,0.78367657967
183,0.781691393443
184,0.781044972826
185,0.77918222973
186,0.77956875
187,0.777600200535
188,0.776576928191
189,0.776327248677
190,0.775280526316
191,0.775361191099
192,0.774790690104
193,0.772287759067
194,0.771510631443
195,0.770373782051
196,0.770225829082
197,0.768467195431
198,0.768078093434
199,0.767274623116
200,0.7667434375
201,0.765812064677
202,0.765562128713
203,0.764793780788
204,0.763303186275
205,0.762655243902
206,0.761913046117
207,0.761306099034
208,0.760185877404
209,0.760391327751
210,0.759190238095
211,0.758308056872
212,0.756645931604
213,0.756018661972
214,0.755960163551
215,0.755140639535
216,0.754732407407
217,0.753600921659
218,0.753537041284
219,0.751963184932
220,0.750424545455
221,0.75114581448
222,0.749694763514
223,0.749129540359
224,0.749800892857
225,0.748678055556
226,0.748300884956
227,0.747316905286
228,0.746298135965
229,0.745053548035
230,0.746243804348
231,0.744446374459
232,0.743590894397
233,0.743049785408
234,0.742893643162
235,0.741845159574
236,0.741625688559
237,0.740560970464
238,0.739633560924
239,0.739719142259
240,0.740297447917
241,0.738138900415
242,0.738136673554
243,0.736462705761
244,0.737895645492
245,0.737268112245
246,0.735283638211
247,0.734673481781
248,0.733731199597
249,0.733924246988
250,0.73394575
251,0.734285109562
252,0.731459126984
253,0.731056027668
254,0.729658759843
255,0.7277725
256,0.726533544922
257,0.726284338521
258,0.724744573643
259,0.723733349421
260,0.721371730769
261,0.719837212644
262,0.718520658397
263,0.71790095057
264,0.716172679924
265,0.714054622642
266,0.71348674812
267,0.712938202247
268,0.711397061567
269,0.709574814126
270,0.708165972222
271,0.70575904059
272,0.706106939338
273,0.704595879121
274,0.702920894161
275,0.701656954545
276,0.700014538043
277,0.698662409747
278,0.696343030576
279,0.694994578853
280,0.692851517857
281,0.691111209964
282,0.689941932624
283,0.688041254417
284,0.686445202465
285,0.684945789474
286,0.684171153846
287,0.681210191638
288,0.679357204861
289,0.677626946367
290,0.676592413793
291,0.674106958763
292,0.670923672945
293,0.670698421502
294,0.668368112245
295,0.666228177966
296,0.665509501689
297,0.663543981481
298,0.661065897651
299,0.660661998328
300,0.65827425
