1,0.0,0.674,0.0,3,12.466623
2,0.0,0.674,0.0,3,3,8.066618,8.066642
3,0.1458,0.2736,0.0,3,3,3,5.533279,5.533297,5.466647
4,0.4741,0.2592,0.0,3,3,3,3,4.26652,4.333196,4.333199,4.266538
1,0.0072,0.2309,0.0,3,12.399874
2,0.0665,0.2416,0.0,3,3,8.066624,8.066641
3,0.1637,0.2592,0.0,3,3,3,5.39993,5.466625,5.399969
4,0.47,0.2592,0.0,3,3,3,3,4.26653,4.333207,4.333211,4.333217
5,0.612,0.2592,0.0,3,3,3,3,3,3.733175,3.666522,3.666527,3.666538,3.733212
6,0.7266,0.2592,0.0,3,3,3,3,3,3,3.066507,3.066515,3.199848,3.066527,3.133201,3.066548
7,0.8006,0.2592,0.0,3,3,3,3,3,3,3,2.666497,2.666505,2.66651,2.666519,2.666521,2.59986,2.599865
8,0.8528,0.2592,0.0,3,3,3,3,3,3,3,3,2.266505,2.266507,2.266509,2.199852,2.333178,2.266523,2.266531,2.333198
9,0.8811,0.2592,0.0,3,3,3,3,3,3,3,3,3,2.066528,2.06653,1.999875,2.066539,1.999881,2.066545,1.999888,2.13322,1.999895
10,0.9029,0.2592,0.0,3,3,3,3,3,3,3,3,3,3,1.933165,1.799847,1.866514,1.733193,1.86652,1.933187,1.933191,1.733212,1.799878,1.866546
11,0.9191,0.2592,0.0,3,3,3,3,3,3,3,3,3,3,3,1.79918,1.599276,1.665914,1.665915,1.665916,1.665918,1.732556,1.665925,1.865841,1.599296,1.599297
12,0.936,0.2592,0.0,3,3,3,3,3,3,3,3,3,3,3,3,1.399873,1.399874,1.46654,1.666524,1.333222,1.533209,1.599873,1.399892,1.333231,1.733202,1.599881,1.466559
13,0.9448,0.2592,0.0,3,3,3,3,3,3,3,3,3,3,3,3,3,1.599829,1.333192,1.333195,1.199879,1.199883,1.666508,1.399872,1.533196,1.39988,1.199899,1.533208,1.199903,1.399889
14,0.9517,0.2592,0.0,3,3,3,3,3,3,3,3,3,3,3,3,3,3,1.066567,1.466531,1.599855,1.266555,1.466538,0.933253,1.133237,1.133238,1.466545,1.199902,1.199903,1.333226,1.466552,1.333231
15,0.9595,0.2592,0.0,3,3,3,3,3,3,3,3,3,3,3,3,3,3,3,1.13318,1.266496,1.066524,1.466472,1.266504,1.333166,1.199853,1.133198,1.066543,1.266523,1.133206,1.133208,1.266528,0.999894,1.066556
16,0.9632,0.2592,0.0,3,3,3,3,3,3,3,3,3,3,3,3,3,3,3,3,1.466455,1.266486,0.933204,0.933208,0.866553,1.199846,0.933217,1.333172,1.066542,1.199862,0.866568,1.199866,1.466506,1.066552,1.333195,0.733259
17,0.968,0.2592,0.0,3,3,3,3,3,3,3,3,3,3,3,3,3,3,3,3,3,0.999863,0.733234,1.399817,1.133188,0.933216,1.199852,1.066536,1.199854,0.933221,0.733246,0.933223,1.266518,1.133202,0.933226,1.133204,0.933228,1.133207
18,0.9712,0.2592,0.0,3,3,3,3,3,3,3,3,3,3,3,3,3,3,3,3,3,3,1.266494,0.933209,1.333157,0.733238,1.13319,0.86656,1.133194,0.93322,1.066538,0.866563,0.866565,0.933225,1.333182,1.066547,0.799911,0.93323,0.933231,0.666594
19,0.973,0.2592,0.0,3,3,3,3,3,3,3,3,3,3,3,3,3,3,3,3,3,3,3,0.799886,1.066515,1.333145,0.666573,0.933204,0.866548,0.799891,0.999867,0.999868,1.133186,0.933214,0.866557,1.13319,1.066533,0.733242,0.599926,0.933219,0.93322,1.333173
20,0.9769,0.2592,0.0,3,3,3,3,3,3,3,3,3,3,3,3,3,3,3,3,3,3,3,3,0.799898,0.733241,1.19985,1.26651,0.933219,0.799903,0.799903,0.799904,1.133198,1.133199,0.666588,0.799907,0.999885,0.799908,0.866568,0.599932,1.066547,0.799911,0.799912,0.666594
21,0.9786,0.2592,0.0,3,3,3,3,3,3,3,3,3,3,3,3,3,3,3,3,3,3,3,3,3,0.866537,0.866538,1.133166,0.599912,0.933198,0.866542,0.999857,0.799887,0.599916,0.666574,0.599917,0.599918,1.13318,0.799893,1.066526,0.933211,1.133185,0.933212,0.799897,0.866556,0.599924
