1,0.0001,0.0221,0.0,39,15
2,0.0001,0.0221,0.0,33,39,15,15
3,0.0005,0.0394,0.0435,57,75,75,15,15,15
4,0.0005,0.0405,0.0471,57,75,75,75,15,15,15,15
5,0.0006,0.0437,0.0579,75,75,75,75,75,15,15,15,15,15
6,0.0012,0.0438,0.0579,75,75,75,75,75,75,15,15,14,14,14,14
7,0.0013,0.042,0.0517,57,75,75,75,75,75,75,14,14,14,14,14,14,14
8,0.0014,0.0438,0.0579,75,75,75,75,75,75,75,75,14,14,14,14,14,14,14,14
9,0.0019,0.0439,0.0579,75,75,75,75,75,75,75,75,75,14,14,14,14,14,14,14,13,13
10,0.0031,0.0427,0.0536,57,75,75,75,75,75,75,75,75,75,13,13,13,13,13,13,13,13,13,13
11,0.0033,0.0441,0.0579,75,75,75,75,75,75,75,75,75,75,75,13,13,13,13,13,13,13,13,13,13,13
12,0.0033,0.0441,0.0579,75,75,75,75,75,75,75,75,75,75,75,75,13,13,13,13,13,13,13,13,13,13,13,13
13,0.0055,0.0442,0.0579,75,75,75,75,75,75,75,75,75,75,75,75,75,13,13,13,13,13,13,12,12,12,12,12,12,12
14,0.2482,0.0938,0.1263,57,75,75,75,75,75,75,75,75,75,75,75,81,81,5,6,5,5,5,5,5,5,5,5,5,5,15,15
15,0.2634,0.1126,0.155,57,75,75,75,75,75,75,75,75,75,75,75,81,81,81,5,5,5,5,5,5,5,5,5,5,5,5,15,15,15
16,0.2309,0.1494,0.2115,57,75,75,75,75,75,75,75,75,75,75,81,81,81,81,81,5,6,6,6,6,5,5,5,5,5,5,15,15,15,15,15
17,0.2453,0.1627,0.2319,57,75,75,75,75,75,75,75,75,75,75,81,81,81,81,81,81,5,6,6,6,5,5,5,5,5,5,5,15,15,15,15,15,15
18,0.2581,0.1745,0.25,57,75,75,75,75,75,75,75,75,75,75,81,81,81,81,81,81,81,5,6,6,5,5,5,5,5,5,5,5,15,15,15,15,15,15,15
19,0.2696,0.1851,0.2662,57,75,75,75,75,75,75,75,75,75,75,81,81,81,81,81,81,81,81,5,6,5,5,5,5,5,5,5,5,5,15,15,15,15,15,15,15,15
20,0.28,0.1946,0.2808,57,75,75,75,75,75,75,75,75,75,75,81,81,81,81,81,81,81,81,81,5,5,5,5,5,5,5,5,5,5,5,15,15,15,15,15,15,15,15,15
21,0.262,0.2187,0.3178,57,75,75,75,75,75,75,75,75,75,81,81,81,81,81,81,81,81,81,81,81,5,6,6,6,5,5,5,5,5,5,15,15,15,15,15,15,15,15,15,15,15
