1,0.0006,0.046,0.0,3,8.29996
2,0.3278,0.4305,0.0,3,3,4.499988,4.49999
3,0.6833,0.7317,0.0,3,3,3,3.099967,3.099968,3.066639
4,0.8128,0.8414,0.0,3,3,3,3,2.366653,2.366656,2.366657,2.399992
5,0.8759,0.8949,0.0,3,3,3,3,3,1.933288,1.933289,1.93329,1.933291,1.933292
6,0.9132,0.9265,0.0,3,3,3,3,3,3,1.6333,1.6333,1.633301,1.59997,1.599971,1.599972
7,0.9358,0.9456,0.0,3,3,3,3,3,3,3,1.399967,1.366635,1.399969,1.39997,1.399971,1.366639,1.399972
8,0.9509,0.9584,0.0,3,3,3,3,3,3,3,3,1.199968,1.233301,1.199969,1.19997,1.199971,1.233304,1.233305,1.233306
9,0.9617,0.9676,0.0,3,3,3,3,3,3,3,3,3,1.099968,1.066636,1.066637,1.066637,1.066638,1.066638,1.099971,1.06664,1.06664
10,0.969,0.9737,0.0,3,3,3,3,3,3,3,3,3,3,0.999965,0.966634,0.999967,0.966635,0.966636,0.933304,0.966637,0.966638,0.999971,0.899975
11,0.9739,0.9779,0.0,3,3,3,3,3,3,3,3,3,3,3,0.866637,0.833306,0.833306,0.833306,0.866639,1.033301,0.833308,0.86664,0.933306,0.899974,0.933307
12,0.9786,0.9819,0.0,3,3,3,3,3,3,3,3,3,3,3,3,0.733303,0.899964,0.733304,0.799969,0.766637,0.933298,0.733306,0.733306,0.733307,0.799971,0.866636,0.866637
13,0.9812,0.9841,0.0,3,3,3,3,3,3,3,3,3,3,3,3,3,0.76636,0.6664,0.699721,0.799681,0.766361,0.666402,0.733042,0.799683,0.799683,0.899644,0.799684,0.633084,0.699725
14,0.9844,0.9868,0.0,3,3,3,3,3,3,3,3,3,3,3,3,3,3,0.599912,0.63324,0.533255,0.766555,0.733227,0.633242,0.633242,0.633242,0.733228,0.799886,0.733229,0.599915,0.766559,0.733231
15,0.9865,0.9886,0.0,3,3,3,3,3,3,3,3,3,3,3,3,3,3,3,0.633303,0.699967,0.633304,0.633304,0.799964,0.7333,0.633305,0.499978,0.666638,0.733302,0.499979,0.533311,0.566643,0.49998,0.699972
16,0.9878,0.9897,0.0,3,3,3,3,3,3,3,3,3,3,3,3,3,3,3,3,0.499823,0.733073,0.666431,0.533145,0.466502,0.633111,0.699755,0.633112,0.666434,0.466504,0.466505,0.799723,0.433183,0.499828,0.666437,0.666438
17,0.9892,0.9908,0.0,3,3,3,3,3,3,3,3,3,3,3,3,3,3,3,3,3,0.466638,0.76662,0.633295,0.466639,0.466639,0.599965,0.433309,0.499972,0.566635,0.499973,0.399978,0.733294,0.666632,0.633301,0.366648,0.733297,0.566639
18,0.9904,0.9919,0.0,3,3,3,3,3,3,3,3,3,3,3,3,3,3,3,3,3,3,0.566479,0.466512,0.399868,0.699769,0.399868,0.633125,0.69977,0.299902,0.566481,0.566482,0.333225,0.599805,0.466515,0.499838,0.399871,0.766419,0.566484,0.466517
19,0.9914,0.9927,0.0,3,3,3,3,3,3,3,3,3,3,3,3,3,3,3,3,3,3,3,0.399976,0.766622,0.46664,0.333314,0.46664,0.599966,0.399978,0.366646,0.699962,0.566636,0.466642,0.566636,0.566637,0.366648,0.599969,0.466643,0.39998,0.466643,0.466644
20,0.9924,0.9936,0.0,3,3,3,3,3,3,3,3,3,3,3,3,3,3,3,3,3,3,3,3,0.466638,0.599963,0.566632,0.666626,0.433307,0.299982,0.466639,0.299983,0.46664,0.533303,0.433309,0.399978,0.299983,0.499973,0.333315,0.399979,0.766626,0.299984,0.466642,0.533306
21,0.9928,0.9939,0.0,3,3,3,3,3,3,3,3,3,3,3,3,3,3,3,3,3,3,3,3,3,0.299978,0.566626,0.566626,0.733282,0.666621,0.366642,0.266649,0.533298,0.666623,0.333312,0.333312,0.599962,0.499969,0.26665,0.466638,0.466638,0.299982,0.299982,0.399977,0.433309,0.266652
