1,0.5087,0.0452,0.5579,81,9.366636
2,0.4722,0.0238,0.5579,81,81,9.766626,9.766637
3,0.5091,0.0455,0.5579,81,81,81,9.299904,9.333242,9.299913
4,0.4744,0.0244,0.5579,81,81,81,81,9.566601,9.533275,9.499959,9.49997
5,0.5111,0.0466,0.5579,81,81,81,81,81,9.066539,9.066549,9.066568,9.066573,9.033245
6,0.5108,0.0465,0.5579,81,81,81,81,81,81,9.133102,9.133117,9.099795,9.099804,9.033143,9.066492
7,0.5104,0.0462,0.5579,81,81,81,81,81,81,81,9.199892,9.199904,9.199918,9.133262,9.066607,9.099945,9.099963
8,0.5105,0.0463,0.5579,81,81,81,81,81,81,81,81,9.166604,9.199941,9.166611,9.133292,9.133297,9.066635,9.133306,9.099976
9,0.5097,0.0458,0.5579,81,81,81,81,81,81,81,81,81,9.333224,9.333224,9.299905,9.299916,9.266592,9.199936,9.099949,9.166628,9.199966
10,0.5103,0.0462,0.5579,81,81,81,81,81,81,81,81,81,81,9.266361,9.266371,9.26638,9.233053,9.166393,9.066409,9.166417,9.099757,9.033097,9.066434
11,0.5088,0.0452,0.5579,81,81,81,81,81,81,81,81,81,81,81,9.466339,9.466348,9.43302,9.433025,9.39971,9.266386,9.233057,9.333059,9.333063,9.266403,9.333073
12,0.5121,0.0472,0.5579,81,81,81,81,81,81,81,81,81,81,81,81,9.099874,9.066546,9.033226,9.033231,8.96657,8.933248,8.899925,8.866597,8.866601,8.833272,8.866611,8.799957
13,0.5097,0.0458,0.5579,81,81,81,81,81,81,81,81,81,81,81,81,81,9.399799,9.366482,9.366494,9.266514,9.333201,9.266548,9.099889,9.299893,9.166566,9.133244,9.133262,9.099945,9.099958
14,0.5101,0.0461,0.5579,81,81,81,81,81,81,81,81,81,81,81,81,81,81,9.399809,9.36648,9.299825,9.299836,9.299845,9.166518,9.033198,9.1332,9.166543,9.166553,8.966564,9.099912,9.066589,9.066598
15,0.5048,0.0428,0.5579,81,81,81,81,81,81,81,81,81,81,81,81,81,81,81,9.499855,9.499859,9.466531,9.466547,9.433224,9.233237,9.299907,9.199913,9.299927,9.233266,9.266603,9.099942,9.19995,9.199954,9.133291
16,0.5013,0.0407,0.5579,81,81,81,81,81,81,81,81,81,81,81,81,81,81,81,81,9.533125,9.533137,9.499816,9.533162,9.433175,9.199857,9.233201,9.233213,9.199891,9.033232,9.166579,9.033253,9.166592,9.066603,9.166607,9.133284
17,0.5132,0.0479,0.5579,81,81,81,81,81,81,81,81,81,81,81,81,81,81,81,81,81,9.033154,9.033159,9.033176,8.966521,8.933197,8.799877,8.766556,8.766561,8.799905,8.733245,8.799923,8.633264,8.599938,8.699943,8.666609,8.766615,8.699955
18,0.5128,0.0477,0.5579,81,81,81,81,81,81,81,81,81,81,81,81,81,81,81,81,81,81,9.099729,9.099735,9.066414,9.066426,9.033104,8.866454,8.799804,8.93314,8.833148,8.833163,8.766513,8.733197,8.766545,8.733229,8.666578,8.599927,8.73327,8.733277
19,0.5142,0.0485,0.5579,81,81,81,81,81,81,81,81,81,81,81,81,81,81,81,81,81,81,81,8.899837,8.899853,8.899858,8.899863,8.833207,8.699886,8.699891,8.666563,8.733238,8.733243,8.633248,8.633253,8.666591,8.59993,8.5666,8.633271,8.533276,8.533281,8.533286
20,0.5111,0.0466,0.5579,81,81,81,81,81,81,81,81,81,81,81,81,81,81,81,81,81,81,81,81,9.299799,9.299804,9.299809,9.299822,9.2665,9.133174,9.233177,8.999852,9.166527,9.066538,8.999888,8.933227,8.999897,8.999902,8.899912,8.799923,8.933266,8.866605,8.899947,8.866622
21,0.5132,0.0479,0.5579,81,81,81,81,81,81,81,81,81,81,81,81,81,81,81,81,81,81,81,81,81,9.166487,9.199825,9.166497,9.099841,8.999853,8.866526,8.833203,8.866541,8.79988,8.699886,8.733228,8.633235,8.666572,8.666577,8.733248,8.566588,8.699928,8.699933,8.666605,8.633276,8.633281
