1,0.0016,0.0015,0.0,69,15
2,0.0016,0.0015,0.0,57,69,15,15
3,0.0016,0.0015,0.0,57,69,69,15,15,15
4,0.0018,0.0018,0.0087,57,69,75,75,15,15,15,15
5,0.0019,0.0019,0.0104,57,69,75,75,75,15,15,15,15,15
6,0.0018,0.0018,0.0087,57,57,57,75,75,75,15,15,15,15,15,15
7,0.0019,0.002,0.0124,57,57,75,75,75,75,75,15,15,15,15,15,15,15
8,0.002,0.002,0.013,57,57,75,75,75,75,75,75,15,15,15,15,15,15,15,15
9,0.002,0.0021,0.0154,57,75,75,75,75,75,75,75,75,15,15,15,15,15,15,15,15,15
10,0.002,0.0021,0.0156,57,75,75,75,75,75,75,75,75,75,15,15,15,15,15,15,15,15,15,15
11,0.0069,0.0066,0.0,69,69,69,69,69,69,69,69,69,69,69,13,13,13,13,13,13,13,13,13,13,13
12,0.0324,0.032,0.0043,57,69,69,69,69,69,69,69,69,75,75,75,10,10,10,10,10,10,10,10,10,10,10,10
13,0.0331,0.033,0.0067,57,69,69,69,69,69,69,69,75,75,75,75,75,10,10,10,10,10,10,10,10,10,10,10,10,10
14,0.0337,0.0338,0.0087,57,69,69,69,69,69,69,75,75,75,75,75,75,75,10,10,10,10,10,10,10,10,10,10,10,10,10,10
15,0.0343,0.0345,0.0104,57,69,69,69,69,69,75,75,75,75,75,75,75,75,75,10,10,10,10,10,10,10,10,10,10,10,10,10,10,10
16,0.0287,0.0365,0.0464,57,75,75,75,75,75,75,75,75,75,75,75,75,75,81,81,10,11,11,11,11,11,11,11,10,10,10,10,10,10,15,15
17,0.0304,0.0411,0.0589,57,75,75,75,75,75,75,75,75,75,75,75,75,75,81,81,81,10,11,11,11,11,11,11,10,10,10,10,10,10,10,15,15,15
18,0.032,0.0453,0.07,57,75,75,75,75,75,75,75,75,75,75,75,75,75,81,81,81,81,10,11,11,11,11,11,10,10,10,10,10,10,10,10,15,15,15,15
19,0.0333,0.049,0.0799,57,75,75,75,75,75,75,75,75,75,75,75,75,75,81,81,81,81,81,10,11,11,11,11,10,10,10,10,10,10,10,10,10,15,15,15,15,15
20,0.0345,0.0523,0.0888,57,75,75,75,75,75,75,75,75,75,75,75,75,75,81,81,81,81,81,81,10,11,11,11,10,10,10,10,10,10,10,10,10,10,15,15,15,15,15,15
21,0.0356,0.0553,0.0969,57,75,75,75,75,75,75,75,75,75,75,75,75,75,81,81,81,81,81,81,81,10,11,11,10,10,10,10,10,10,10,10,10,10,10,15,15,15,15,15,15,15
