1,0.0026,0.0001,0.0,51,15
2,0.0026,0.0001,0.0,33,51,15,15
3,0.0026,0.0001,0.0,33,51,51,15,15,15
4,0.0028,0.0001,0.0033,33,51,57,57,15,15,15,15
5,0.0029,0.0001,0.0067,57,57,57,57,57,15,15,15,15,15
6,0.0108,0.0005,0.0515,57,57,57,57,75,75,14,14,13,13,15,15
7,0.011,0.0003,0.0835,57,57,57,75,75,75,75,15,14,14,15,15,15,15
8,0.0124,0.0002,0.1076,57,57,75,75,75,75,75,75,15,15,15,15,15,15,15,15
9,0.014,0.0003,0.1113,57,57,75,75,75,75,75,75,75,14,13,15,15,15,15,15,15,15
10,0.0143,0.0003,0.1277,57,75,75,75,75,75,75,75,75,75,15,15,15,15,15,15,15,15,15,15
11,0.0156,0.0003,0.1412,75,75,75,75,75,75,75,75,75,75,75,15,15,15,15,15,15,15,15,15,15,15
12,0.0156,0.0003,0.1412,75,75,75,75,75,75,75,75,75,75,75,75,15,15,15,15,15,15,15,15,15,15,15,15
13,0.0247,0.0009,0.1205,57,57,75,75,75,75,75,75,75,75,75,75,75,12,11,14,14,14,14,14,14,14,14,14,14,14
14,0.0241,0.0007,0.1316,57,75,75,75,75,75,75,75,75,75,75,75,75,75,13,14,14,14,14,14,14,14,14,14,14,14,14,14
15,0.0251,0.0007,0.1412,75,75,75,75,75,75,75,75,75,75,75,75,75,75,75,14,14,14,14,14,14,14,14,14,14,14,14,14,14,14
16,0.0308,0.0011,0.1412,75,75,75,75,75,75,75,75,75,75,75,75,75,75,75,75,14,14,14,14,14,14,14,14,14,14,13,13,13,13,13,13
17,0.0383,0.0018,0.1254,57,57,75,75,75,75,75,75,75,75,75,75,75,75,75,75,75,11,11,13,13,13,13,13,13,13,13,13,13,13,13,13,13,13
18,0.0387,0.0017,0.1337,57,75,75,75,75,75,75,75,75,75,75,75,75,75,75,75,75,75,13,13,13,13,13,13,13,13,13,13,13,13,13,13,13,13,13,13
19,0.0403,0.0017,0.1412,75,75,75,75,75,75,75,75,75,75,75,75,75,75,75,75,75,75,75,13,13,13,13,13,13,13,13,13,13,13,13,13,13,13,13,13,13,13
20,0.0438,0.0021,0.1412,75,75,75,75,75,75,75,75,75,75,75,75,75,75,75,75,75,75,75,75,13,13,13,13,13,13,13,13,13,13,13,13,13,13,13,13,13,12,12,12
21,0.0583,0.0036,0.1412,75,75,75,75,75,75,75,75,75,75,75,75,75,75,75,75,75,75,75,75,75,13,13,13,13,13,12,12,12,12,12,12,12,12,12,12,12,12,12,12,12,12
