1,0.8672,0.9181,0.0,51,2
2,0.8672,0.9181,0.0,51,51,2,2
3,0.8672,0.9181,0.0,51,51,51,2,2,2
4,0.8672,0.9181,0.0,51,51,51,51,2,2,2,2
5,0.8672,0.9181,0.0,51,51,51,51,51,2,2,2,2,2
6,0.8672,0.9181,0.0,51,51,51,51,51,51,2,2,2,2,2,2
7,0.8672,0.9181,0.0,51,51,51,51,51,51,51,2,2,2,2,2,2,2
8,0.8672,0.9181,0.0,51,51,51,51,51,51,51,51,2,2,2,2,2,2,2,2
9,0.8672,0.9181,0.0,51,51,51,51,51,51,51,51,51,2,2,2,2,2,2,2,2,2
10,0.8672,0.9181,0.0,51,51,51,51,51,51,51,51,51,51,2,2,2,2,2,2,2,2,2,2
11,0.8672,0.9181,0.0,51,51,51,51,51,51,51,51,51,51,51,2,2,2,2,2,2,2,2,2,2,2
12,0.8672,0.9181,0.0,51,51,51,51,51,51,51,51,51,51,51,51,2,2,2,2,2,2,2,2,2,2,2,2
13,0.8672,0.9181,0.0,51,51,51,51,51,51,51,51,51,51,51,51,51,2,2,2,2,2,2,2,2,2,2,2,2,2
14,0.8672,0.9181,0.0,51,51,51,51,51,51,51,51,51,51,51,51,51,51,2,2,2,2,2,2,2,2,2,2,2,2,2,2
15,0.8672,0.9181,0.0,51,51,51,51,51,51,51,51,51,51,51,51,51,51,51,2,2,2,2,2,2,2,2,2,2,2,2,2,2,2
16,0.8672,0.9181,0.0,51,51,51,51,51,51,51,51,51,51,51,51,51,51,51,51,2,2,2,2,2,2,2,2,2,2,2,2,2,2,2,2
17,0.8672,0.9181,0.0,51,51,51,51,51,51,51,51,51,51,51,51,51,51,51,51,51,2,2,2,2,2,2,2,2,2,2,2,2,2,2,2,2,2
18,0.8672,0.9181,0.0,51,51,51,51,51,51,51,51,51,51,51,51,51,51,51,51,51,51,2,2,2,2,2,2,2,2,2,2,2,2,2,2,2,2,2,2
19,0.8672,0.9181,0.0,51,51,51,51,51,51,51,51,51,51,51,51,51,51,51,51,51,51,51,2,2,2,2,2,2,2,2,2,2,2,2,2,2,2,2,2,2,2
20,0.8672,0.9181,0.0,51,51,51,51,51,51,51,51,51,51,51,51,51,51,51,51,51,51,51,51,2,2,2,2,2,2,2,2,2,2,2,2,2,2,2,2,2,2,2,2
