1,0.9716,0.2831,0.0,69,1
2,0.9716,0.2831,0.0,69,69,1,1
3,0.9716,0.2831,0.0,69,69,69,1,1,1
4,0.9716,0.2831,0.0,69,69,69,69,1,1,1,1
5,0.9716,0.2831,0.0,69,69,69,69,69,1,1,1,1,1
6,0.9716,0.2831,0.0,69,69,69,69,69,69,1,1,1,1,1,1
7,0.9716,0.2831,0.0,69,69,69,69,69,69,69,1,1,1,1,1,1,1
8,0.9716,0.2831,0.0,69,69,69,69,69,69,69,69,1,1,1,1,1,1,1,1
9,0.9716,0.2831,0.0,69,69,69,69,69,69,69,69,69,1,1,1,1,1,1,1,1,1
10,0.9716,0.2831,0.0,69,69,69,69,69,69,69,69,69,69,1,1,1,1,1,1,1,1,1,1
11,0.9716,0.2831,0.0,69,69,69,69,69,69,69,69,69,69,69,1,1,1,1,1,1,1,1,1,1,1
12,0.9716,0.2831,0.0,69,69,69,69,69,69,69,69,69,69,69,69,1,1,1,1,1,1,1,1,1,1,1,1
13,0.9716,0.2831,0.0,57,69,69,69,69,69,69,69,69,69,69,69,69,1,1,1,1,1,1,1,1,1,1,1,1,1
14,0.9716,0.2831,0.0,57,69,69,69,69,69,69,69,69,69,69,69,69,69,1,1,1,1,1,1,1,1,1,1,1,1,1,1
15,0.9716,0.2831,0.0,57,69,69,69,69,69,69,69,69,69,69,69,69,69,69,1,1,1,1,1,1,1,1,1,1,1,1,1,1,1
16,0.9716,0.2831,0.0,69,69,69,69,69,69,69,69,69,69,57,69,69,69,69,69,1,1,1,1,1,1,1,1,1,1,1,1,1,1,1,1
17,0.9716,0.2831,0.0,57,69,69,69,69,69,69,69,69,69,69,69,69,69,69,69,69,1,1,1,1,1,1,1,1,1,1,1,1,1,1,1,1,1
18,0.9716,0.2831,0.0,57,69,69,69,69,69,69,69,69,69,69,69,69,69,69,69,69,69,1,1,1,1,1,1,1,1,1,1,1,1,1,1,1,1,1,1
19,0.9716,0.2831,0.0,57,69,69,69,69,69,69,69,69,69,69,69,69,69,69,69,69,69,69,1,1,1,1,1,1,1,1,1,1,1,1,1,1,1,1,1,1,1
20,0.9716,0.2831,0.0,57,69,69,69,69,69,69,69,69,69,69,69,69,69,69,69,69,69,69,69,1,1,1,1,1,1,1,1,1,1,1,1,1,1,1,1,1,1,1,1
