1,0.4254,0.0103,0.5579,81,11.599952
2,0.4225,0.0099,0.5579,81,81,12.0666,12.133286
3,0.4219,0.0098,0.5579,81,81,81,12.19982,12.233158,12.166498
4,0.4225,0.0099,0.5579,81,81,81,81,12.099909,12.09993,12.099951,12.099963
5,0.388,0.0049,0.5579,81,81,81,81,81,12.466602,12.466614,12.433287,12.399961,12.399968
6,0.3886,0.0049,0.5579,81,81,81,81,81,81,12.333203,12.333226,12.299908,12.333258,12.333274,12.333289
7,0.3881,0.0049,0.5579,81,81,81,81,81,81,81,12.432952,12.432957,12.432969,12.432982,12.39967,12.433008,12.399708
8,0.3871,0.0048,0.5579,81,81,81,81,81,81,81,81,12.599896,12.599901,12.599906,12.566578,12.566583,12.599921,12.599927,12.566599
9,0.3875,0.0048,0.5579,81,81,81,81,81,81,81,81,81,12.533132,12.533147,12.533171,12.533195,12.533239,12.466588,12.53326,12.499944,12.533293
10,0.3871,0.0048,0.5579,81,81,81,81,81,81,81,81,81,81,12.59977,12.599782,12.599796,12.599807,12.599827,12.566499,12.599846,12.599867,12.599878,12.599907
11,0.3875,0.0048,0.5579,81,81,81,81,81,81,81,81,81,81,81,12.533136,12.533151,12.533156,12.53317,12.499858,12.533198,12.533221,12.533227,12.533241,12.533253,12.533275
12,0.388,0.0049,0.5579,81,81,81,81,81,81,81,81,81,81,81,81,12.433157,12.433169,12.433181,12.433187,12.433193,12.433204,12.433217,12.43323,12.433236,12.433256,12.433268,12.433273
13,0.3871,0.0048,0.5579,81,81,81,81,81,81,81,81,81,81,81,81,81,12.599269,12.599292,12.599314,12.599328,12.599349,12.59937,12.599385,12.599405,12.59942,12.599442,12.599465,12.59948,12.599495
14,0.3877,0.0048,0.5579,81,81,81,81,81,81,81,81,81,81,81,81,81,81,12.499764,12.49977,12.499784,12.499809,12.499816,12.499828,12.466501,12.49984,12.499856,12.499869,12.499885,12.499897,12.499903,12.499908
15,0.3874,0.0048,0.5579,81,81,81,81,81,81,81,81,81,81,81,81,81,81,81,12.533121,12.533134,12.533146,12.533162,12.533168,12.533188,12.533199,12.533219,12.533231,12.533236,12.533247,12.533253,12.533258,12.533264,12.533269
16,0.388,0.0049,0.5579,81,81,81,81,81,81,81,81,81,81,81,81,81,81,81,81,12.433113,12.433119,12.433124,12.433136,12.433157,12.433177,12.433182,12.433195,12.433208,12.433214,12.433226,12.433242,12.433249,12.433262,12.433269,12.433275
17,0.3876,0.0048,0.5579,81,81,81,81,81,81,81,81,81,81,81,81,81,81,81,81,81,12.499708,12.499728,12.499743,12.499749,12.499755,12.499762,12.499776,12.499789,12.499803,12.499817,12.499831,12.499844,12.499858,12.49987,12.499883,12.499899,12.499912
18,0.3873,0.0048,0.5579,81,81,81,81,81,81,81,81,81,81,81,81,81,81,81,81,81,81,12.566077,12.5661,12.566115,12.566131,12.566146,12.566168,12.566181,12.566201,12.566209,12.566218,12.566254,12.566264,12.566285,12.566296,12.566304,12.566313,12.566328,12.566336
19,0.3871,0.0048,0.5579,81,81,81,81,81,81,81,81,81,81,81,81,81,81,81,81,81,81,81,12.599538,12.599562,12.599585,12.599608,12.59963,12.599646,12.599669,12.599701,12.599717,12.59974,12.599755,12.599772,12.599786,12.599803,12.599817,12.599831,12.599839,12.59986,12.599874
20,0.3886,0.0049,0.5579,81,81,81,81,81,81,81,81,81,81,81,81,81,81,81,81,81,81,81,81,12.333027,12.333044,12.33305,12.333056,12.333062,12.333069,12.333083,12.333096,12.333117,12.333131,12.333149,12.333156,12.333162,12.33317,12.33319,12.333207,12.333215,12.333224,12.333244,12.333252
21,0.3875,0.0048,0.5579,81,81,81,81,81,81,81,81,81,81,81,81,81,81,81,81,81,81,81,81,81,12.532979,12.532998,12.533024,12.533039,12.533057,12.533064,12.53308,12.533094,12.533103,12.533125,12.533134,12.533143,12.533163,12.533171,12.53319,12.533199,12.533208,12.533217,12.533226,12.533239,12.533248
1,0.4267,0.0105,0.5579,81,11.399971
2,0.3889,0.0049,0.5579,81,81,12.266594,12.299961
3,0.4217,0.0098,0.5579,81,81,81,12.233271,12.233284,12.233296
