1,0.0059,0.0011,0.0,39,15
2,0.0089,0.0017,0.0148,57,57,14,14
3,0.0089,0.0017,0.0148,57,57,57,14,14,14
4,0.0653,0.0502,0.0148,57,57,57,57,14,14,7,14
5,0.054,0.0405,0.0148,57,57,57,57,57,14,14,7,14,14
6,0.0465,0.034,0.0148,57,57,57,57,57,57,14,14,7,14,14,14
7,0.0781,0.0579,0.021,57,57,57,57,57,57,75,14,14,7,14,14,14,7
8,0.1018,0.0759,0.0256,57,57,57,57,57,57,75,75,14,14,7,14,14,14,7,7
9,0.149,0.112,0.034,57,57,57,57,57,75,75,75,75,14,14,7,14,14,7,7,7,7
10,0.1609,0.1209,0.0364,57,57,57,57,57,75,75,75,75,75,14,14,7,14,14,7,7,7,7,7
11,0.1706,0.1282,0.0383,57,57,57,57,57,75,75,75,75,75,75,14,14,7,14,14,7,7,7,7,7,7
12,0.1787,0.1343,0.0399,57,57,57,57,57,75,75,75,75,75,75,75,14,14,7,14,14,7,7,7,7,7,7,7
13,0.1856,0.1395,0.0413,57,57,57,57,57,75,75,75,75,75,75,75,75,14,14,7,14,14,7,7,7,7,7,7,7,7
14,0.2099,0.1581,0.0456,57,57,57,57,75,75,75,75,75,75,75,75,75,75,14,14,7,14,7,7,7,7,7,7,7,7,7,7
15,0.2138,0.161,0.0464,57,57,57,57,75,75,75,75,75,75,75,75,75,75,75,14,14,7,14,7,7,7,7,7,7,7,7,7,7,7
16,0.2172,0.1635,0.0471,57,57,57,57,75,75,75,75,75,75,75,75,75,75,75,75,14,14,7,14,7,7,7,7,7,7,7,7,7,7,7,7
17,0.2201,0.1658,0.0478,57,57,57,57,75,75,75,75,75,75,75,75,75,75,75,75,75,14,14,7,14,7,7,7,7,7,7,7,7,7,7,7,7,7
18,0.2372,0.1788,0.0507,57,57,57,75,75,75,75,75,75,75,75,75,75,75,75,75,75,75,14,14,7,7,7,7,7,7,7,7,7,7,7,7,7,7,7,7
19,0.2388,0.18,0.0511,57,57,57,75,75,75,75,75,75,75,75,75,75,75,75,75,75,75,75,14,14,7,7,7,7,7,7,7,7,7,7,7,7,7,7,7,7,7
20,0.2402,0.1811,0.0514,57,57,57,75,75,75,75,75,75,75,75,75,75,75,75,75,75,75,75,75,14,14,7,7,7,7,7,7,7,7,7,7,7,7,7,7,7,7,7,7
21,0.2415,0.182,0.0517,57,57,57,75,75,75,75,75,75,75,75,75,75,75,75,75,75,75,75,75,75,14,14,7,7,7,7,7,7,7,7,7,7,7,7,7,7,7,7,7,7,7
