2,0.1166,0.0,14,14,5.999988,6.09999
3,0.1193,0.0031,87,87,87,6.731475,6.598187,6.664838
4,0.1221,0.0062,133,133,133,133,6.599988,6.633323,6.633324,6.599993
5,0.1235,0.0078,165,165,165,165,165,6.433314,6.433317,6.433319,6.433322,6.433328
6,0.1303,0.0155,197,197,197,197,197,197,6.499975,6.499976,6.499979,6.499981,6.499989,6.499993
7,0.1303,0.0155,197,197,197,197,197,197,197,5.833172,5.833177,5.833182,5.833185,5.833215,5.833253,5.833291
8,0.1303,0.0155,197,197,197,197,197,197,197,197,5.366034,5.332709,5.299388,5.332722,5.299405,5.299408,5.29941,5.299412
2,0.1166,0.0,14,14,6.03332,6.099989
3,0.1193,0.0031,87,87,87,6.866658,6.76666,6.799996
4,0.1221,0.0062,133,133,133,133,6.799976,6.766653,6.766656,6.799991
5,0.1235,0.0078,165,165,165,165,165,6.266601,6.299936,6.299938,6.299945,6.299971
6,0.1303,0.0155,197,197,197,197,197,197,6.399931,6.399934,6.399936,6.399938,6.399943,6.39997
7,0.1303,0.0155,197,197,197,197,197,197,197,5.864255,5.86428,5.864282,5.830967,5.864294,5.830977,5.864332
8,0.1313,0.0155,197,197,197,197,197,197,197,197,5.299875,5.29988,5.299884,5.299886,5.299899,5.266579,5.299944,5.29997
2,0.1166,0.0,14,14,6.066611,6.099991
3,0.1193,0.0031,87,87,87,6.666647,6.699981,6.766663
4,0.1221,0.0062,133,133,133,133,6.599978,6.599982,6.599983,6.633319
5,0.1303,0.0155,197,197,197,197,197,7.133304,7.133306,7.133318,7.133321,7.133327
6,0.2625,0.0062,133,133,133,133,133,133,4.866565,4.833233,4.833241,4.833245,4.833274,4.899967
7,0.1303,0.0155,197,197,197,197,197,197,197,5.76655,5.733221,5.799894,5.733235,5.766582,5.766616,5.733291
8,0.1548,0.0155,197,197,197,197,197,197,197,197,5.233185,5.199858,5.233196,5.199876,5.233213,5.199902,5.233271,5.199966
3,0.2257,0.0,14,14,14,4.499981,4.499982,4.566653
4,0.1193,0.0031,87,87,87,87,5.433071,5.466412,5.466414,5.533079
5,0.1221,0.0062,133,133,133,133,133,5.666632,5.666632,5.666634,5.666637,5.666642
6,0.1235,0.0078,165,165,165,165,165,165,5.499962,5.499963,5.533298,5.499966,5.499971,5.499976
7,0.3288,0.0062,133,133,133,133,133,133,133,4.266559,4.199898,4.199906,4.233243,4.199941,4.233282,4.233306
8,0.2673,0.0078,165,165,165,165,165,165,165,165,4.433176,4.433179,4.39986,4.366531,4.399867,4.433201,4.433203,4.433224
9,0.1303,0.0155,197,197,197,197,197,197,197,197,197,4.866517,4.866521,4.866526,4.866538,4.866559,4.866563,4.866569,4.833269,4.866629
10,0.2795,0.0155,197,197,197,197,197,197,197,197,197,197,4.399852,4.399857,4.366525,4.399873,4.399899,4.399903,4.399905,4.399925,4.399944,4.399965
