2,0.7394,0.705,311,311,13.233303,13.233306
3,0.7394,0.705,311,311,311,12.666636,12.666644,12.666658
4,0.7394,0.705,311,311,311,311,12.49989,12.4999,12.499911,12.499915
5,0.7394,0.705,311,311,311,311,311,12.533213,12.533223,12.533236,12.533261,12.533271
6,0.7394,0.705,311,311,311,311,311,311,12.433115,12.433124,12.433145,12.43315,12.433172,12.433243
7,0.7394,0.705,311,311,311,311,311,311,311,12.433142,12.433151,12.433165,12.433182,12.433197,12.433203,12.433251
8,0.7394,0.705,311,311,311,311,311,311,311,311,12.299665,12.299672,12.266361,12.299705,12.299751,12.266434,12.266492,12.299911
9,0.7394,0.705,311,311,311,311,311,311,311,311,311,12.23298,12.233012,12.233025,12.233035,12.233058,12.233078,12.233111,12.23317,12.233249
10,0.7394,0.705,311,311,311,311,311,311,311,311,311,311,12.166311,12.166319,12.16633,12.16635,12.166367,12.166374,12.166378,12.16644,12.166499,12.166572
2,0.7394,0.705,311,311,12.766655,12.766657
3,0.7394,0.705,311,311,311,12.666654,12.666656,12.666659
4,0.7394,0.705,311,311,311,311,12.633306,12.633308,12.633314,12.633319
5,0.7394,0.705,311,311,311,311,311,12.566627,12.566631,12.566634,12.566637,12.566649
6,0.7394,0.705,311,311,311,311,311,311,12.366581,12.366582,12.366585,12.366588,12.366603,12.36661
7,0.7394,0.705,311,311,311,311,311,311,311,12.399861,12.399862,12.399868,12.399872,12.399884,12.399891,12.399942
8,0.7394,0.705,311,311,311,311,311,311,311,311,12.199811,12.199813,12.199818,12.199825,12.199839,12.199845,12.199893,12.199942
9,0.7394,0.705,311,311,311,311,311,311,311,311,311,12.33314,12.333142,12.333147,12.333151,12.33316,12.333166,12.333172,12.333223,12.333274
