0,0,1590,159,0
1,0.613799,1590,159,0
2,0.645857,1590,159,0
3,0.648055,1590,159,0
4,0.609218,1590,159,0
5,0.375319,1590,159,0
6,0.0117403,1590,159,0
7,0.00913257,1590,159,0
8,0.00650943,1590,159,0
9,0.0177356,1590,159,0
10,0,1590,159,0
11,0.167593,1590,159,0
12,0.016433,1590,159,0
13,0.607076,1590,159,0
14,0.144204,1590,159,0
15,0.449724,1590,159,0
16,0.635868,1590,159,0
17,0,1590,159,0
18,0.074356,1590,159,0
19,0,1590,159,0
20,0.60781,1590,159,0
21,0.490203,1590,159,0
22,0.00745948,1590,159,0
23,0.0180643,1590,159,0
24,0,1590,159,0
25,0.653386,1590,159,0
26,0,1590,159,0
27,0.526326,1590,159,0
28,0.607725,1590,159,0
29,0,1590,159,0
30,0.00515928,1590,159,0
31,0.550242,1590,159,0
32,0.45,1590,159,0
33,0,1590,159,0
34,0.538791,1590,159,0
35,0.100679,1590,159,0
36,0.630568,1590,159,0
37,0.00798904,1590,159,0
38,0,1590,159,0
39,0.579076,1590,159,0
40,0.148336,1590,159,0
41,0,1590,159,0
42,0.268814,1590,159,0
43,0.42087,1590,159,0
44,0.141383,1590,159,0
45,0.000326087,1590,159,0
50,0,1590,159,0
55,0,1590,159,0
60,0.000909091,1590,159,0
65,0.596032,1590,159,0
70,0.0497917,1590,159,0
