0,0.672326,0.847335,0.629091
0,0.150299,0.289648,0.43375
0,0.521817,0.74163,0.56
5,0.206149,0.555359,0.27
5,0.145103,0.401905,0.268
5,0.652908,0.868084,0.609167
10,0.620531,0.800562,0.597
10,0.462462,0.750053,0.484
10,0.684755,0.887582,0.611538
15,0.38849,0.593621,0.41
15,0.476306,0.714458,0.525
15,0.567591,0.83574,0.550769
20,0.674218,0.850906,0.6325
20,0.643586,0.847968,0.61875
20,0.635927,0.845588,0.601429
25,0.378836,0.58839,0.501429
25,0.645254,0.863042,0.6075
25,0.675889,0.877955,0.622727
30,0.40169,0.642831,0.49
30,8e-05,0.008,0.005
30,0.482584,0.722554,0.53
35,0.421598,0.669599,0.500909
35,0.549782,0.771883,0.575556
35,0.359143,0.580763,0.517273
40,0.472524,0.707248,0.516
40,0.529834,0.752986,0.551538
40,0.362273,0.596424,0.496667
45,0.324103,0.595907,0.433333
45,0.206984,0.359723,0.485
45,0.284995,0.534705,0.391429
50,0.557783,0.800081,0.567273
50,0.426515,0.695141,0.483571
50,0.564438,0.804549,0.554286
55,0.594632,0.807023,0.5825
55,0.141751,0.36585,0.275
55,0.405357,0.71158,0.446316
60,0.532955,0.774126,0.527059
60,0.497872,0.756538,0.51
60,0.204906,0.459041,0.331765
65,0.434555,0.646877,0.505455
65,0.509326,0.737195,0.528667
65,0.58109,0.788636,0.562353
70,0.196636,0.433035,0.306667
70,0.319804,0.587818,0.415
70,0.370942,0.578435,0.517273
0,0.0929842,0.236195,0.325
0,0.361353,0.638869,0.406
5,0.381603,0.669141,0.450833
5,0.228715,0.409198,0.49
10,0.568082,0.797526,0.562
10,0.46077,0.719486,0.5
25,0.691343,0.904777,0.61625
25,0.555922,0.817046,0.489583
30,0.259398,0.516412,0.3925
30,0.531109,0.752195,0.54875
35,0.364482,0.611559,0.451579
35,0.483118,0.709256,0.497619
40,0.470174,0.728494,0.4965
45,0.411156,0.648373,0.45
45,0.367805,0.62546,0.456154
50,0.0846852,0.221062,0.317059
50,0.244969,0.50584,0.351765
55,0.403117,0.623418,0.464211
55,0.429264,0.692966,0.488889
60,0.529409,0.741619,0.525909
60,0.458112,0.693873,0.512941
65,0.316351,0.57943,0.371538
65,0.226466,0.472861,0.332273
5,0.286693,0.545011,0.426154
5,0.469594,0.712616,0.514706
5,0.3373,0.632197,0.408095
5,0.594606,0.8422,0.5775
5,0.367588,0.639066,0.454
10,0.36834,0.656502,0.446471
10,0.640126,0.873616,0.55
10,0.570587,0.788776,0.5675
10,0.314437,0.495862,0.483333
10,0.574182,0.807437,0.562
15,0.615801,0.83388,0.556
15,0.637671,0.874742,0.58875
15,0.664554,0.886095,0.595
15,0.487349,0.77038,0.502222
30,0.126236,0.651653,0.121818
30,0.156465,0.657415,0.164
30,0.600405,0.809527,0.576667
30,0.689478,0.888107,0.62875
30,0.671087,0.883923,0.598333
45,0.466785,0.739974,0.506923
45,0.449846,0.673178,0.51
45,0.473764,0.749091,0.50125
45,0.480409,0.734487,0.505714
45,0.543579,0.781169,0.505556
45,0.592146,0.799415,0.575
45,0.480564,0.715585,0.521429
50,0.337377,0.606592,0.433846
50,0.388275,0.684165,0.446667
50,0.549697,0.751608,0.565714
50,0.611034,0.848564,0.579091
50,0.630785,0.855005,0.584
55,0.510206,0.741214,0.538
70,0.317213,0.604906,0.379333
70,0.374789,0.644186,0.445833
70,0.26221,0.533187,0.390909
70,0.348308,0.606855,0.443077
70,0.487712,0.694629,0.548462
