1,0.8498734863026676
2,0.8498734863026676
3,0.842929041858223
4,0.8394568196360009
5,0.8373734863026675
6,0.8325123751915564
7,0.8290401529693342
8,0.8264359863026676
9,0.8232531159322973
10,0.8167716344508157
11,0.8114686041477853
12,0.8070494122285935
13,0.8033100959892773
14,0.8001049677841491
15,0.7973271900063713
16,0.7948966344508156
17,0.7927520266076785
18,0.7908457085248899
19,0.7873734863026676
20,0.7842484863026676
21,0.7814211053502866
22,0.7788507590299404
23,0.7765039210852764
24,0.7727675080417981
25,0.7693300080417981
26,0.7661569311187212
27,0.7632188969306869
28,0.7604907223275124
29,0.7573862477790723
30,0.7538421864763903
31,0.7493170968706554
32,0.743877748752376
33,0.7382156591059111
34,0.7322738884582582
35,0.7261114234722639
36,0.720291317652158
37,0.7147858121466525
38,0.7095700700888052
39,0.7041860170073838
40,0.698590397349264
41,0.6924801331216218
42,0.6866608338572006
43,0.6807776666368239
44,0.6751619161082828
45,0.6692380945594613
46,0.6635718304692841
47,0.6581466839999656
48,0.652947585300202
49,0.6479606947106329
50,0.6428501504929458
51,0.6379400197739915
52,0.6332187402365356
53,0.628418607193478
54,0.6237962568557188
55,0.6193419919847872
56,0.6146883123311077
57,0.6101979196828202
58,0.6058623681603358
59,0.6016737844860712
60,0.5976248202676155
61,0.593708608974355
62,0.5899187270776514
63,0.5862491588919542
64,0.5823894118681446
65,0.5786484262912216
66,0.5750208039135992
67,0.5710491847367561
68,0.5671943778886438
69,0.5634513045723608
70,0.5598151762079714
71,0.5562814739946919
72,0.5526217843754951
73,0.5490623602253176
74,0.5455991367278475
75,0.5419917793704901
76,0.5384793524699054
77,0.5345383921144714
78,0.5302267315528107
79,0.5260242269547365
80,0.5219267849716142
81,0.5179305143954824
82,0.5137964684253932
83,0.5097620380208482
84,0.505823665483078
85,0.5019779605344319
86,0.4982216905845915
87,0.49432623036896284
88,0.49051930334005317
89,0.4867979252331412
90,0.48315924441749414
91,0.4793817718900217
92,0.47568641833053765
93,0.4720705347400748
94,0.46853158484302604
95,0.46506713915433623
96,0.4616748694174942
97,0.45835254338656634
98,0.4550980199276983
99,0.4519092444174942
100,0.44878424441749415
101,0.445721125605613
102,0.4427180679469059
103,0.4397733220873971
104,0.43670822375530843
105,0.43370150824859294
106,0.43075152322313626
107,0.42785667810469735
108,0.4250154412291926
109,0.4222263371403943
110,0.4194879440350287
111,0.41662144116852584
112,0.4136620085215932
113,0.4107549552135443
114,0.40789890284072444
115,0.4050925209439535
116,0.4021736678704902
117,0.3993047097213596
118,0.39648437798153635
119,0.3937114467751555
120,0.390984731088881
121,0.3883030850833713
122,0.38566540048778813
123,0.38307060507262086
124,0.38051766119640784
125,0.37784696227167675
126,0.3752186553933698
127,0.37263173917456377
128,0.37008524352167677
129,0.3675782284215476
130,0.3651097827844972
131,0.362679023340379
132,0.3602850935848079
133,0.35792716277292985
134,0.3556044249582439
135,0.3533160980741458
136,0.3510614230559905
137,0.34883966300160374
138,0.3466501023682951
139,0.34449204620453044
140,0.3423648194145339
141,0.34026776605418263
142,0.33820024865665327
143,0.336161647586362
144,0.3341513604198248
145,0.33216880135213644
146,0.3302134006278411
147,0.32828460399503273
148,0.3263818721815866
149,0.3245046803924821
150,0.3225611680882315
151,0.32064339766880545
152,0.31865283039797937
153,0.31668828361435364
154,0.3147492504253204
155,0.3128352370193716
156,0.3109457622468323
157,0.3090803572166183
158,0.30723856490830587
159,0.30541993979884
160,0.3036240475032425
161,0.3018504644287084
162,0.30009877744151414
163,0.29836858354618734
164,0.2966594895764133
165,0.2949711118971819
166,0.2933030761177004
167,0.29165501681461975
168,0.2900265772651473
169,0.2884174091896331
170,0.2868271725032425
171,0.28525553507634194
172,0.28370217250324253
173,0.28216676787896505
174,0.2806490115837023
175,0.27914860107467115
176,0.2776652406850607
177,0.2761986414297962
178,0.2747485208178493
179,0.27331460267084035
180,0.271896616947687
181,0.2704942995750657
182,0.2691073922834623
183,0.26773564244859777
184,0.2663788029380252
185,0.26503663196270205
186,0.26370889293335004
187,0.26239535432142436
188,0.2610957895245192
189,0.2598099767360467
190,0.258537698819032
191,0.2572787431838708
192,0.2560329016699092
193,0.2547999704307036
194,0.25357974982283016
195,0.25237204429811433
196,0.2511766622991609
197,0.2499934161580649
198,0.248822121998192
199,0.24766259963892093
200,0.24651467250324255
201,0.24537816752811814
202,0.2442529150775
203,0.24313874885792233
204,0.24203550583657585
205,0.24094302616177912
206,0.2398611530857668
207,0.23878973288971597
208,0.23772861481093485
209,0.23667765097214208
210,0.23563669631276637
211,0.2346056085221999
212,0.23358424797494068
213,0.2325724776675618
214,0.23157016315744813
215,0.23057717250324253
216,0.22959337620694623
217,0.22861864715762045
218,0.22765286057663703
219,0.22669589396442977
220,0.22574762704869708
221,0.22480794173401178
222,0.2238767220527921
223,0.2229538541175923
224,0.2220392260746711
225,0.2211327280587981
226,0.22023425214926026
227,0.2193436923270311
228,0.2184609444330671
229,0.21758590612769668
230,0.21671847685106863
231,0.2158585577846278
232,0.21500605181358737
233,0.214160863490367
234,0.21332289899896903
235,0.21249206612026383
236,0.21166827419815779
237,0.2108514341066181
238,0.21004145821752826
239,0.20923826036935134
240,0.20844175583657587
241,0.20765186129992305
242,0.2068684948172921
243,0.2060915757954236
244,0.20532102496225893
245,0.20455676433997724
246,0.2037987172186897
247,0.20304680813077292
248,0.20230096282582322
249,0.20156110824621445
250,0.20082717250324256
251,0.20009908485384012
252,0.19937677567784573
253,0.19866017645581172
254,0.19794921974733704
255,0.1972438391699092
256,0.19654396937824256
257,0.19584954604409854
258,0.1950904392764858
259,0.19433719433719432
260,0.19358974358974357
261,0.19284802043422733
262,0.1921119592875318
263,0.19138149556400508
264,0.19065656565656564
265,0.18993710691823898
266,0.18922305764411027
267,0.1885143570536829
268,0.18781094527363185
269,0.18711276332094173
270,0.18641975308641975
271,0.18573185731857314
272,0.18504901960784315
273,0.18437118437118438
274,0.183698296836983
275,0.18303030303030302
276,0.1823671497584541
277,0.18170878459687123
278,0.18105515587529974
279,0.18040621266427717
280,0.1797619047619048
281,0.17912218268090152
282,0.17848699763593381
283,0.1778563015312132
284,0.17723004694835684
285,0.1766081871345029
286,0.17599067599067597
287,0.17537746806039486
288,0.17476851851851852
289,0.17416378316032297
290,0.1735632183908046
291,0.17296678121420386
292,0.17237442922374427
293,0.17178612059158135
294,0.17120181405895693
295,0.17062146892655364
296,0.17004504504504503
297,0.16947250280583614
298,0.16890380313199108
299,0.16833890746934224
300,0.16777777777777778
