1,0.9999997329961573
2,0.9998676877398878
3,0.9911005642366538
4,0.9867473656832249
5,0.9782281328544883
6,0.971917702724585
7,0.9660052678800581
8,0.9610813720204172
9,0.9570628958270283
10,0.9460190722844025
11,0.9384146175870441
12,0.931196724475989
13,0.9260654303268007
14,0.920428730700686
15,0.9116231972610006
16,0.9049726874008212
17,0.8996647261928693
18,0.8949777996669083
19,0.8903136849840231
20,0.8838143558379675
21,0.8760883119746975
22,0.8695595282696598
23,0.8579239273075951
24,0.8522954509543981
25,0.84528545130579
26,0.8398786116372338
27,0.8326395188753212
28,0.8277803609110531
29,0.8230984632701662
30,0.8181646991217316
31,0.8122564905379326
32,0.805113321712096
33,0.7983508216975457
34,0.7867979618607546
35,0.7792072925582169
36,0.770387295804032
37,0.7635684364547456
38,0.755024251339678
39,0.7456824636702096
40,0.7389369382845565
41,0.7312532119062082
42,0.7243422941408699
43,0.7175976584448188
44,0.7106455898178531
45,0.7041522372347458
46,0.6975505274646636
47,0.6915513421916776
48,0.6857782046882465
49,0.6802172752950097
50,0.673789466458401
51,0.6676855087236196
52,0.6614738112836998
53,0.6562518027986974
54,0.6512075770189935
55,0.6463314367061171
56,0.6389778483995218
57,0.634053284817344
58,0.6284309005155881
59,0.6237998632007425
60,0.6193084453417058
61,0.6149497804078645
62,0.6107174448705798
63,0.6062083938750633
64,0.6019190215396035
65,0.597670120434411
66,0.593612017678327
67,0.5893443256389785
68,0.5851934459283606
69,0.5811542997495721
70,0.5772220985226774
71,0.5733923234468922
72,0.5694881802770113
73,0.5656843025761494
74,0.5619766255279952
75,0.55536368107807
76,0.549294256322331
77,0.5451202215184215
78,0.5406248606978205
79,0.5362386558408058
80,0.5319575135987429
81,0.5277775427636707
82,0.5234746692455973
83,0.519271411293068
84,0.5151642112073137
85,0.5111496787106834
86,0.5069091130635747
87,0.5028533555904894
88,0.49888613130412285
89,0.4950044559397544
90,0.4912054778666506
91,0.4872757393456378
92,0.4834281197926135
93,0.47965997020861045
94,0.4759687543180215
95,0.4723520426357913
96,0.4688075069054089
97,0.4653329148809408
98,0.4619261254285325
99,0.4585850839247881
100,0.4553078179312478
101,0.4520924331258263
102,0.448937109473579
103,0.4458400976205299
104,0.442641128969627
105,0.4395005431440972
106,0.4364166877998262
107,0.43338797236257304
108,0.43041286516825394
109,0.4274898907606414
110,0.42461762733646163
111,0.4216253186021019
112,0.4185730792542441
113,0.41557321924527013
114,0.41262436017152515
115,0.4097251715738291
116,0.40672826867756323
117,0.4037812607056299
118,0.4008828791430039
119,0.3980318981138204
120,0.3952271326047431
121,0.39246743677643076
122,0.38975170235804485
123,0.3870788571200749
124,0.38444786342105913
125,0.3817054609181003
126,0.3790054504615656
127,0.37634683066453184
128,0.37372863143341695
129,0.37007178017373926
130,0.36752693202400416
131,0.36501977006720115
132,0.3625494377989454
133,0.3601151044743824
134,0.3577159641470116
135,0.3553512347502288
136,0.3530201572193885
137,0.35072199465231707
138,0.3484560315063236
139,0.34622157282987426
140,0.34401794352719284
141,0.3418444876541568
142,0.3397005677439426
143,0.3375855641609666
144,0.3354988744817446
145,0.3334399129013714
146,0.33140810966439127
147,0.3294029105188981
148,0.32742377619276714
149,0.3254701818909778
150,0.32348762704796097
151,0.32153081408976864
152,0.3195318749659146
153,0.31755895632926096
154,0.31561155128719975
155,0.3136891660282229
156,0.31179131940265575
157,0.3099175425194138
158,0.30806737835807335
159,0.3062403813955796
160,0.30443611724695413
161,0.3026541623193921
162,0.30089410347916984
163,0.29915553773081505
164,0.2974380719080131
165,0.29574132237575373
166,0.29406491474324425
167,0.29240848358713567
168,0.29077167218463523
169,0.2891541322560931
170,0.2875555237166746
171,0.285975514436746
172,0.28441378001061873
173,0.28287000353331326
174,0.28134387538502253
175,0.2798350930229634
176,0.278343360780325
177,0.2768683896720326
178,0.2754098972070577
179,0.2739676072070208
180,0.2725412496308395
181,0.2711305604051903
182,0.2697352812605589
183,0.26835515957266637
184,0.26698994820906585
185,0.2656394053807148
186,0.26430329449833484
187,0.26298138403338117
188,0.26167344738344805
189,0.26037926274194767
190,0.259098612971905
191,0.2578312854837158
192,0.25657707211672626
193,0.2553357690244928
194,0.25410717656359133
195,0.2528910991858475
196,0.25168734533386616
197,0.2504957273397422
198,0.24931606132684137
199,0.24814816711454232
200,0.24699186812583596
201,0.24584699129768361
202,0.24471336699403748
203,0.2435908289214319
204,0.24247921404705744
205,0.24137836251923275
206,0.24028811759019245
207,0.2392083255411137
208,0.23813883560930463
209,0.2370794999174839
210,0.23603017340508023
211,0.2349907137614858
212,0.2339609813611986
213,0.2329408392007918
214,0.2319301528376502
215,0.2309287903304166
216,0.22993662218109237
217,0.22895352127873858
218,0.22797936284472728
219,0.22701402437949203
220,0.2260573856107314
221,0.22510932844301815
222,0.2241697369087705
223,0.22323849712054278
224,0.22231549722459362
225,0.22140062735569266
226,0.22049377959312685
227,0.21959484791786976
228,0.2187037281708778
229,0.21782031801247945
230,0.21694451688282337
231,0.21607622596335463
232,0.21521534813928622
233,0.21436178796303793
234,0.213515451618612
235,0.2126762468868788
236,0.21184408311174482
237,0.21101887116717719
238,0.21020052342505938
239,0.20938895372385455
240,0.2085840773380511
241,0.20778581094837034
242,0.20699407261271144
243,0.20620878173781496
244,0.20542985905162237
245,0.2046572265763127
246,0.20389080760199718
247,0.20313052666105247
248,0.20237630950307475
249,0.20162808307043809
250,0.20088577547443823
251,0.20014931597200789
252,0.19941863494298548
253,0.19869366386792353
254,0.19797433530642092
255,0.19726058287596512
256,0.1965523412312705
257,0.19584954604409854
258,0.1950904392764858
259,0.19433719433719432
260,0.19358974358974357
261,0.19284802043422733
262,0.1921119592875318
263,0.19138149556400508
264,0.19065656565656564
265,0.18993710691823898
266,0.18922305764411027
267,0.1885143570536829
268,0.18781094527363185
269,0.18711276332094173
270,0.18641975308641975
271,0.18573185731857314
272,0.18504901960784315
273,0.18437118437118438
274,0.183698296836983
275,0.18303030303030302
276,0.1823671497584541
277,0.18170878459687123
278,0.18105515587529974
279,0.18040621266427717
280,0.1797619047619048
281,0.17912218268090152
282,0.17848699763593381
283,0.1778563015312132
284,0.17723004694835684
285,0.1766081871345029
286,0.17599067599067597
287,0.17537746806039486
288,0.17476851851851852
289,0.17416378316032297
290,0.1735632183908046
291,0.17296678121420386
292,0.17237442922374427
293,0.17178612059158135
294,0.17120181405895693
295,0.17062146892655364
296,0.17004504504504503
297,0.16947250280583614
298,0.16890380313199108
299,0.16833890746934224
300,0.16777777777777778
