1,1.0
2,1.0
3,0.9929979166666666
4,0.9895291666666667
5,0.9790770833333333
6,0.9720458333333334
7,0.9672041666666665
8,0.9633729166666667
9,0.9581541666666666
10,0.9475458333333333
11,0.9380062499999999
12,0.9357520833333334
13,0.92978125
14,0.9270291666666667
15,0.9222541666666665
16,0.9130541666666666
17,0.9096270833333332
18,0.9006291666666666
19,0.8935520833333334
20,0.8898333333333334
21,0.8815520833333332
22,0.8764833333333334
23,0.872
24,0.8609749999999999
25,0.8544354166666667
26,0.8487833333333333
27,0.8459895833333334
28,0.8386916666666667
29,0.8302104166666666
30,0.8234916666666666
31,0.8178875
32,0.8100125
33,0.8025958333333335
34,0.7958583333333333
35,0.7842541666666668
36,0.77619375
37,0.7680625
38,0.7616375
39,0.7575604166666667
40,0.7488895833333334
41,0.7392416666666666
42,0.7323916666666666
43,0.7230145833333333
44,0.7164854166666667
45,0.7089791666666666
46,0.7045041666666667
47,0.6969
48,0.6906729166666666
49,0.6837520833333333
50,0.6792104166666667
51,0.67236875
52,0.6653479166666667
53,0.6604916666666667
54,0.6561375
55,0.6485333333333333
56,0.6446604166666666
57,0.6392395833333333
58,0.63353125
59,0.62839375
60,0.6237145833333333
61,0.61866875
62,0.6138145833333333
63,0.6093375
64,0.6055729166666667
65,0.6002041666666668
66,0.5974479166666667
67,0.5925270833333333
68,0.5877458333333333
69,0.5819916666666667
70,0.5786916666666667
71,0.5720229166666667
72,0.5685020833333333
73,0.5637291666666667
74,0.5610395833333334
75,0.5557875
76,0.5544125
77,0.5523458333333333
78,0.5471666666666667
79,0.54235
80,0.5364291666666666
81,0.5326354166666667
82,0.5257520833333333
83,0.52245625
84,0.51771875
85,0.5145749999999999
86,0.5085708333333333
87,0.5046895833333332
88,0.5010916666666667
89,0.49710208333333333
90,0.49396458333333343
91,0.48973125
92,0.4838541666666667
93,0.48183333333333334
94,0.47609375
95,0.47271875
96,0.46935208333333334
97,0.46437708333333333
98,0.46293333333333325
99,0.45904999999999996
100,0.45588125
101,0.45344375
102,0.44926875000000005
103,0.44845416666666665
104,0.44478333333333336
105,0.44181875
106,0.43841875
107,0.43646041666666663
108,0.4335791666666667
109,0.43086874999999997
110,0.4285833333333333
111,0.4246666666666667
112,0.4216958333333333
113,0.4184125000000001
114,0.4163270833333333
115,0.4126125
116,0.40815
117,0.40649166666666664
118,0.40229791666666664
119,0.3996895833333333
120,0.3974666666666667
121,0.3941375
122,0.3925958333333333
123,0.38917916666666663
124,0.38582500000000003
125,0.3835208333333333
126,0.37960625
127,0.3781999999999999
128,0.3752104166666667
129,0.3721791666666667
130,0.36952291666666665
131,0.3679645833333334
132,0.3656333333333334
133,0.3638895833333333
134,0.36087291666666665
135,0.3577895833333334
136,0.3552270833333333
137,0.3517333333333333
138,0.3491166666666667
139,0.34734375
140,0.3452374999999999
141,0.3440083333333333
142,0.3402125
143,0.3383541666666667
144,0.33604166666666674
145,0.33459375
146,0.33231666666666665
147,0.3308770833333333
148,0.32739583333333333
149,0.32709166666666667
150,0.324475
151,0.3227083333333334
152,0.32046875
153,0.31850416666666664
154,0.31647916666666664
155,0.3146083333333333
156,0.31163541666666666
157,0.3114083333333333
158,0.30926875
159,0.30734375
160,0.3038208333333334
161,0.30239583333333336
162,0.3017541666666667
163,0.3002791666666667
164,0.29722291666666667
165,0.29613958333333334
166,0.29388333333333333
167,0.2927875
168,0.29175625
169,0.28821458333333333
170,0.28785
171,0.28513541666666664
172,0.28384583333333335
173,0.2816520833333333
174,0.28082500000000005
175,0.27949583333333333
176,0.27818333333333334
177,0.27704999999999996
178,0.27401875000000003
179,0.27304791666666667
180,0.27156458333333333
181,0.2700458333333334
182,0.26848541666666664
183,0.2671645833333333
184,0.26550833333333335
185,0.26495208333333337
186,0.26284375
187,0.26167916666666663
188,0.2592729166666667
189,0.2592770833333333
190,0.2583729166666667
191,0.25728333333333336
192,0.25457916666666663
193,0.25500833333333334
194,0.2536145833333333
195,0.25320000000000004
196,0.25067291666666663
197,0.2489875
198,0.24887708333333336
199,0.24710833333333335
200,0.24701458333333334
201,0.2443625
202,0.24491041666666669
203,0.24269791666666665
204,0.24247083333333333
205,0.24026249999999996
206,0.24004583333333332
207,0.23822916666666663
208,0.2367479166666667
209,0.23569375000000004
210,0.23506666666666667
211,0.23466666666666666
212,0.23282916666666664
213,0.23206249999999998
214,0.23191458333333334
215,0.23037083333333333
216,0.22945833333333332
217,0.228625
218,0.22836041666666665
219,0.22576041666666669
220,0.22663958333333334
221,0.22572500000000004
222,0.22316875
223,0.22318333333333332
224,0.22166875
225,0.22127916666666667
226,0.21980208333333331
227,0.22010833333333332
228,0.21891875000000002
229,0.21722708333333332
230,0.21619583333333336
231,0.2173125
232,0.21407708333333333
233,0.21392708333333332
234,0.21331250000000002
235,0.21297083333333333
236,0.21179583333333332
237,0.21084791666666666
238,0.210325
239,0.21006041666666664
240,0.20730625
241,0.20788125000000002
242,0.20620000000000002
243,0.20625000000000002
244,0.2052645833333333
245,0.20433958333333335
246,0.20339583333333333
247,0.20380625
248,0.20218541666666667
249,0.20191458333333334
250,0.2010375
251,0.20036666666666667
252,0.20022083333333332
253,0.1989
254,0.19855625
255,0.19815833333333335
256,0.19626666666666667
257,0.19629375000000002
258,0.19557916666666664
259,0.1933666666666667
260,0.19342291666666667
261,0.19280624999999998
262,0.19223125
263,0.19184791666666667
264,0.1913125
265,0.1894375
266,0.18978125
267,0.18907708333333337
268,0.18738541666666664
269,0.18693333333333337
270,0.1861625
271,0.1852125
272,0.18558125000000003
273,0.1849166666666667
274,0.1842125
275,0.18375416666666666
276,0.18207083333333332
277,0.18139583333333334
278,0.18081666666666665
279,0.18166666666666667
280,0.17959166666666668
281,0.17853125
282,0.17886458333333333
283,0.1784583333333333
284,0.17706666666666668
285,0.17683125
286,0.1753375
287,0.176225
288,0.17486458333333332
289,0.1738291666666667
290,0.17282708333333333
291,0.17303124999999997
292,0.17301875
293,0.17239166666666664
294,0.17160625
295,0.1707
296,0.1707625
297,0.1694166666666667
298,0.16864791666666665
299,0.16817916666666666
300,0.16732499999999997
