input_1,1,0,14.86
mixed10/concat,1,14.45,14.45
input_1,2,0,7.78998,7.78998
mixed10/concat,2,14.02,14.02,14.02
input_1,3,0,5.25999,5.25999,5.25999
mixed10/concat,3,14.0099,14.0099,14.0099,14.0099
input_1,4,0,3.94999,3.93999,3.93999,3.93999
mixed10/concat,4,13.9399,13.9399,13.9399,13.9399,13.9399
input_1,5,0,3.15999,3.14999,3.16999,3.16999,3.18
mixed10/concat,5,13.7299,13.7299,13.7299,13.7299,13.7299,13.7299
input_1,6,0,2.63999,2.63999,2.63999,2.63999,2.64,2.64
mixed10/concat,6,13.7399,13.7399,13.7399,13.7399,13.7399,13.7399,13.7399
input_1,7,0,2.23998,2.23998,2.23998,2.25998,2.25998,2.26999,2.25999
mixed10/concat,7,13.5999,13.5999,13.5999,13.5999,13.5999,13.5999,13.5999,13.5999
input_1,8,0,1.96999,1.96999,1.96999,1.96999,1.96999,1.96999,1.96999,1.95999
mixed10/concat,8,13.5599,13.5599,13.5599,13.5599,13.5599,13.5599,13.5599,13.5599,13.56
input_1,9,0,1.73999,1.79999,1.72999,1.79999,1.70999,1.75999,1.77999,1.73999,1.69999
mixed10/concat,9,13.5399,13.5399,13.5399,13.5399,13.5399,13.5399,13.5399,13.5399,13.5399,13.54
input_1,10,0,1.52999,1.57999,1.60999,1.57999,1.58999,1.54999,1.54999,1.58999,1.54999,1.54999
mixed10/concat,10,13.2798,13.2799,13.2799,13.2799,13.2799,13.2799,13.2799,13.2799,13.2799,13.28,13.28
input_1,11,0,1.36999,1.42999,1.37999,1.42999,1.38999,1.46999,1.35999,1.42999,1.46999,1.47999,1.46999
mixed10/concat,11,13.3398,13.3398,13.3399,13.3399,13.3399,13.3399,13.3399,13.3399,13.3399,13.3399,13.3399,13.3399
input_1,12,0,1.33999,1.26999,1.31999,1.35999,1.24999,1.34999,1.23999,1.25999,1.36999,1.41999,1.20999,1.29999
mixed10/concat,12,13.2598,13.2598,13.2599,13.2599,13.2599,13.2599,13.2599,13.2599,13.2599,13.2599,13.2599,13.2599,13.2599
input_1,13,0,1.29998,1.31998,1.12999,1.13999,1.13999,1.13999,1.23999,1.17999,1.24999,1.07999,1.20999,1.29999,1.07
mixed10/concat,13,13.0798,13.0798,13.0798,13.0798,13.0798,13.0798,13.0798,13.0799,13.0799,13.0799,13.0799,13.0799,13.0799,13.0799
input_1,14,0,1.10999,1.08999,1.04999,1.08999,1.19999,1.14999,1.04999,1.01999,1.09999,1.15999,1.05999,1.09999,1.12999,1.29
mixed10/concat,14,13.0098,13.0098,13.0098,13.0098,13.0098,13.0098,13.0098,13.0098,13.0098,13.0099,13.0099,13.0099,13.0099,13.0099,13.0099
input_1,15,0,1.08999,1.04999,0.949988,1.03999,1.04999,1.06999,0.989988,0.979989,0.999989,0.95999,1.21999,1.03999,1.12999,1.13,0.979996
mixed10/concat,15,12.9398,12.9398,12.9398,12.9398,12.9398,12.9398,12.9398,12.9398,12.9398,12.9398,12.9398,12.9399,12.9399,12.9399,12.9399,12.9399
input_1,16,0,0.899986,0.989985,0.899987,0.979986,0.919987,0.989987,1.03999,0.939988,1.02999,1.05999,1.02999,0.929992,0.979993,1.05999,0.929995,0.929996
mixed10/concat,16,12.9897,12.9897,12.9897,12.9898,12.9898,12.9898,12.9898,12.9898,12.9898,12.9898,12.9898,12.9898,12.9899,12.9899,12.9899,12.9899,12.9899
input_1,17,0,0.919984,0.969984,0.899985,0.999985,0.979986,0.869988,0.849988,0.899987,0.929987,0.899989,0.969989,0.809992,0.899993,0.859994,0.919994,1.00999,0.839997
mixed10/concat,17,13.0096,13.0096,13.0098,13.0098,13.0098,13.0098,13.0098,13.0098,13.0098,13.0098,13.0098,13.0099,13.0099,13.0099,13.0099,13.0099,13.0099,13.01
input_1,18,0,0.819985,0.839984,0.849985,0.869985,0.829986,0.789987,0.929985,0.899986,0.799988,0.869988,0.899989,0.85999,0.789992,0.919992,0.869993,0.759995,1.01999,0.919996
mixed10/concat,18,12.6496,12.6497,12.6497,12.6497,12.6497,12.6497,12.6497,12.6497,12.6497,12.6497,12.6498,12.6498,12.6498,12.6498,12.6498,12.6499,12.6499,12.6499,12.6499
input_1,19,0,0.789984,0.819983,0.929982,0.679988,0.789986,0.769987,0.859985,0.859985,0.899985,0.839987,0.789989,0.859989,0.649993,0.789992,0.689993,0.849993,0.929994,0.789996,0.859996
mixed10/concat,19,12.7697,12.7697,12.7697,12.7697,12.7697,12.7697,12.7697,12.7697,12.7697,12.7698,12.7698,12.7698,12.7698,12.7698,12.7698,12.7699,12.7699,12.7699,12.7699,12.77
input_1,20,0,0.809984,0.659987,0.789985,0.759986,0.709987,0.849985,0.809985,0.729987,0.719987,0.689989,0.769988,0.779989,0.719991,0.639993,0.839991,0.909991,0.749994,0.879994,0.929995,0.779997
mixed10/concat,20,12.4597,12.4597,12.4597,12.4597,12.4597,12.4597,12.4597,12.4597,12.4597,12.4597,12.4598,12.4598,12.4598,12.4598,12.4598,12.4599,12.4599,12.4599,12.4599,12.4599,12.4599
input_1,21,0,1.02998,0.659985,0.619986,0.619987,0.899981,0.719985,0.789984,0.769985,0.859983,0.589989,0.729988,0.63999,0.649991,0.689991,0.689991,0.649993,0.709993,0.789993,0.839994,0.749996,0.749997
mixed10/concat,21,12.4597,12.4597,12.4597,12.4597,12.4597,12.4597,12.4597,12.4597,12.4597,12.4597,12.4597,12.4598,12.4598,12.4598,12.4598,12.4598,12.4598,12.4599,12.4599,12.4599,12.4599,12.4599
input_1,22,0,0.869979,0.599986,0.839981,0.609986,0.769983,0.739984,0.709985,0.619987,0.649986,0.579988,0.689987,0.789986,0.839987,0.839988,0.649991,0.649992,0.819991,0.579994,0.689994,0.679995,0.619997,0.689997
mixed10/concat,22,12.3397,12.3397,12.3397,12.3397,12.3397,12.3397,12.3397,12.3397,12.3397,12.3397,12.3397,12.3398,12.3398,12.3398,12.3398,12.3398,12.3398,12.3398,12.3399,12.3399,12.3399,12.3399,12.3399
input_1,23,0,0.779982,0.629986,0.599987,0.619986,0.769983,0.709985,0.579987,0.779983,0.709985,0.599987,0.599988,0.769986,0.799986,0.579991,0.519993,0.619991,0.599992,0.719992,0.709993,0.649994,0.769994,0.659996,0.739997
mixed10/concat,23,12.3096,12.3097,12.3097,12.3097,12.3097,12.3097,12.3097,12.3097,12.3097,12.3097,12.3097,12.3097,12.3097,12.3098,12.3098,12.3098,12.3098,12.3098,12.3098,12.3099,12.3099,12.3099,12.3099,12.3099
input_1,24,0,0.689982,0.559985,0.579985,0.659983,0.599985,0.519987,0.599985,0.629985,0.539987,0.589986,0.609986,0.819983,0.589989,0.589989,0.57999,0.61999,0.759989,0.76999,0.599993,0.619994,0.769993,0.669995,0.689996,0.699997
mixed10/concat,24,12.0396,12.0396,12.0396,12.0396,12.0396,12.0396,12.0397,12.0397,12.0397,12.0397,12.0397,12.0397,12.0397,12.0397,12.0398,12.0398,12.0398,12.0398,12.0398,12.0398,12.0399,12.0399,12.0399,12.0399,12.0399
input_1,25,0,0.609984,0.699982,0.709983,0.709983,0.639984,0.619985,0.519988,0.639985,0.599986,0.519988,0.769983,0.519989,0.589988,0.769986,0.58999,0.699988,0.509992,0.539992,0.519994,0.749992,0.539995,0.619995,0.579996,0.499997,0.679997
mixed10/concat,25,12.0496,12.0496,12.0496,12.0496,12.0496,12.0496,12.0496,12.0496,12.0496,12.0496,12.0496,12.0497,12.0497,12.0497,12.0497,12.0497,12.0498,12.0498,12.0498,12.0498,12.0498,12.0499,12.0499,12.0499,12.0499,12.0499
input_1,26,0,0.609983,0.489987,0.499987,0.569985,0.609984,0.77998,0.579985,0.609985,0.629984,0.579986,0.579986,0.519988,0.509989,0.689986,0.449992,0.55999,0.499992,0.599991,0.68999,0.579993,0.579994,0.579994,0.529996,0.849994,0.589997,0.679997
mixed10/concat,26,11.8792,11.8792,11.8793,11.8797,11.8797,11.8797,11.8797,11.8797,11.8797,11.8797,11.8797,11.8797,11.8797,11.8797,11.8798,11.8798,11.8798,11.8798,11.8798,11.8798,11.8798,11.8799,11.8799,11.8799,11.8799,11.8799,11.8799
input_1,27,0,0.539995,0.589995,0.509996,0.499996,0.489997,0.619996,0.579996,0.589996,0.499997,0.519997,0.459998,0.559998,0.789997,0.579998,0.619998,0.879997,0.659998,0.589998,0.589998,0.589998,0.589998,0.669998,0.709998,0.499999,0.519999,0.589999,0.739998
mixed10/concat,27,11.9099,11.9099,11.9099,11.9099,11.9099,11.9099,11.9099,11.9099,11.9099,11.9099,11.9099,11.9099,11.9099,11.9099,11.9099,11.9099,11.91,11.91,11.91,11.91,11.91,11.91,11.91,11.91,11.91,11.91,11.91,11.91
input_1,28,0,0.499996,0.569995,0.559996,0.629996,0.599996,0.699996,0.779995,0.529997,0.579997,0.499997,0.579997,0.579997,0.529997,0.609997,0.579997,0.519997,0.499998,0.489998,0.489998,0.489998,0.499998,0.489998,0.729997,0.569998,0.579998,0.519998,0.489998,0.429999
mixed10/concat,28,11.8299,11.8299,11.8299,11.8299,11.8299,11.8299,11.8299,11.8299,11.8299,11.8299,11.8299,11.8299,11.8299,11.8299,11.8299,11.83,11.83,11.83,11.83,11.83,11.83,11.83,11.83,11.83,11.83,11.83,11.83,11.83,11.83
input_1,29,0,0.569994,0.449996,0.469997,0.719995,0.389997,0.429997,0.569996,0.709996,0.499997,0.579997,0.389998,0.489997,0.769996,0.589997,0.409998,0.489998,0.549997,0.429998,0.539998,0.499998,0.519998,0.589998,0.739997,0.519998,0.439998,0.549998,0.479998,0.459999,0.519998
mixed10/concat,29,11.7199,11.7199,11.7199,11.7199,11.7199,11.7199,11.7199,11.7199,11.7199,11.7199,11.7199,11.7199,11.7199,11.7199,11.7199,11.7199,11.72,11.72,11.72,11.72,11.72,11.72,11.72,11.72,11.72,11.72,11.72,11.72,11.72,11.72
input_1,30,0,0.419996,0.649994,0.589996,0.559996,0.449997,0.619996,0.419997,0.489997,0.519997,0.619996,0.419998,0.529997,0.569997,0.499997,0.499997,0.499997,0.479998,0.419998,0.499998,0.579997,0.519998,0.619997,0.419998,0.559998,0.549998,0.519998,0.449998,0.459998,0.509998,0.449999
mixed10/concat,30,11.5993,11.5993,11.5999,11.5999,11.5999,11.5999,11.5999,11.5999,11.5999,11.5999,11.5999,11.5999,11.5999,11.5999,11.5999,11.5999,11.5999,11.5999,11.5999,11.5999,11.5999,11.5999,11.6,11.6,11.6,11.6,11.6,11.6,11.6,11.6,11.6
input_1,1,0,14.7999
mixed10/concat,1,14.1332,14.1332
input_1,2,0,7.56663,7.59996
mixed10/concat,2,13.5666,13.5666,13.5666
input_1,3,0,4.99997,4.99997,4.99997
mixed10/concat,3,13.4332,13.4332,13.4332,13.4332
input_1,4,0,3.76663,3.76663,3.73329,3.76662
mixed10/concat,4,13.1665,13.1665,13.1665,13.1664,13.1664
input_1,5,0,2.99996,3.03329,3.03329,2.99996,3.03329
mixed10/concat,5,12.8997,12.8997,12.8997,12.8997,12.8997,12.8997
input_1,6,0,2.53328,2.53328,2.49995,2.46661,2.49994,2.53327
mixed10/concat,6,12.833,12.833,12.833,12.833,12.8329,12.8329,12.8329
input_1,7,0,2.09992,2.13325,2.09992,2.09991,2.09991,2.09991,2.06658
mixed10/concat,7,13.0663,13.0663,13.0663,13.0663,13.0662,13.0662,13.0662,13.0662
input_1,8,0,1.86663,1.86662,1.86662,1.83329,1.86662,1.86661,1.86661,1.86661
mixed10/concat,8,12.7663,12.7663,12.7662,12.7662,12.7662,12.7662,12.7662,12.7662,12.7661
input_1,9,0,1.66663,1.69996,1.53329,1.53329,1.63328,1.63328,1.56662,1.53328,1.63328
mixed10/concat,9,12.633,12.6329,12.6328,12.6327,12.6327,12.6327,12.6327,12.6327,12.6327,12.6327
input_1,10,0,1.39997,1.49996,1.43329,1.46662,1.49995,1.46661,1.46661,1.43328,1.33328,1.39995
mixed10/concat,10,12.5329,12.5328,12.5328,12.5327,12.5326,12.5326,12.5325,12.5325,12.5325,12.5325,12.5325
input_1,11,0,1.29997,1.39996,1.26663,1.39995,1.23329,1.39994,1.23328,1.23328,1.29995,1.26661,1.36661
mixed10/concat,11,12.533,12.5329,12.5329,12.5328,12.5328,12.5327,12.5327,12.5327,12.5327,12.5327,12.5327,12.5327
input_1,12,0,1.26663,1.23329,1.19996,1.29995,1.13328,1.23327,1.13328,1.19994,1.29994,1.13328,1.29993,1.19994
mixed10/concat,12,12.333,12.3329,12.3328,12.3327,12.3327,12.3326,12.3325,12.3325,12.3325,12.3325,12.3325,12.3325,12.3325
input_1,13,0,1.16664,1.06664,1.0333,1.0333,1.16662,1.13329,1.13328,1.06662,1.09995,1.06661,1.06661,1.03328,1.06661
mixed10/concat,13,12.2996,12.2996,12.2994,12.2994,12.2993,12.2992,12.2992,12.2991,12.2991,12.2991,12.2991,12.2991,12.2991,12.2991
input_1,14,0,1.06664,0.899978,0.999971,1.16663,1.13329,1.09995,0.999954,0.933286,1.13328,0.966617,0.833289,0.866621,0.999947,1.03328
mixed10/concat,14,12.233,12.2329,12.2328,12.2327,12.2326,12.2325,12.2325,12.2324,12.2323,12.2323,12.2323,12.2323,12.2323,12.2323,12.2323
input_1,15,0,0.933314,0.93331,1.0333,0.799973,1.03329,0.899962,0.833295,0.933286,0.999945,0.89995,0.966612,0.999943,0.966611,0.899948,0.999942
mixed10/concat,15,12.1997,12.1996,12.1995,12.1994,12.1993,12.1993,12.1992,12.1991,12.199,12.1989,12.1989,12.1989,12.1989,12.1989,12.1989,12.1989
input_1,16,0,0.833317,0.866645,0.866642,0.89997,0.833302,0.933294,0.833295,0.833291,0.799956,0.833284,0.866615,0.899946,0.933276,0.933276,0.933275,0.866612
mixed10/concat,16,12.2664,12.233,12.2329,12.2329,12.2328,12.2327,12.266,12.2326,12.2658,12.2324,12.2657,12.2324,12.2324,12.2324,12.2324,12.2657,12.2657
input_1,17,0,0.833319,0.866648,0.833312,0.766644,0.833305,0.866633,0.899961,0.899957,0.766627,0.799955,0.76662,0.76662,0.866614,0.933275,0.733287,0.766618,0.83328
mixed10/concat,17,11.9997,11.9996,11.9996,11.9995,11.9994,11.9993,11.9993,11.9992,11.9991,11.999,11.9989,11.9989,11.9989,11.9989,11.9988,11.9988,11.9988,11.9988
input_1,18,0,0.866652,0.63332,0.766647,0.799976,0.633312,0.766637,0.86663,0.733299,0.566637,0.766624,0.633295,0.966605,0.966604,0.699954,0.933271,0.766616,0.89994,0.93327
mixed10/concat,18,11.9997,11.9996,11.9996,11.9995,11.9994,11.9993,11.9993,11.9992,11.9991,11.999,11.9989,11.9989,11.9988,11.9988,11.9987,11.9987,11.9987,11.9987,11.9987
input_1,19,0,0.766653,0.699984,0.766646,0.766642,0.833302,0.833298,0.699967,0.566637,0.866618,0.833282,0.666623,0.833275,0.666617,0.79994,0.766608,0.566623,0.799938,0.666615,0.766607
mixed10/concat,19,11.9664,11.9664,11.9663,11.9662,11.9661,11.966,11.9659,11.9659,11.9658,11.9657,11.9656,11.9656,11.9655,11.9655,11.9655,11.9654,11.9654,11.9654,11.9654,11.9654
input_1,20,0,0.799989,0.533324,0.699984,0.633316,0.466652,0.799972,0.599976,0.766633,0.766629,0.566637,0.733291,0.766619,0.766616,0.533296,0.566627,0.599957,0.833273,0.766611,0.766611,0.933265
mixed10/concat,20,11.8331,11.8331,11.833,11.8329,11.8328,11.8327,11.8326,11.8325,11.8325,11.8324,11.8323,11.8323,11.8323,11.8322,11.8322,11.8322,11.8322,11.8321,11.8321,11.8321,11.8321
input_1,21,0,0.933318,0.466659,0.63332,0.833312,0.566649,0.766639,0.433316,0.766633,0.866624,0.933284,0.566634,0.699957,0.499967,0.699951,0.466632,0.866602,0.566624,0.499962,0.466631,0.466631,0.933261
mixed10/concat,21,11.6664,11.6664,11.6663,11.6663,11.6662,11.6661,11.666,11.666,11.6659,11.6658,11.6657,11.6656,11.6655,11.6655,11.6654,11.6653,11.6653,11.6653,11.6653,11.6653,11.6653,11.6653
input_1,22,0,0.766654,0.566655,0.433324,0.733314,0.466652,0.699976,0.633309,0.399983,0.466644,0.766627,0.566635,0.533301,0.599961,0.599958,0.76661,0.766607,0.566622,0.833268,0.766605,0.666613,0.466629,0.799935
mixed10/concat,22,11.6664,11.6663,11.6662,11.6662,11.6661,11.6661,11.666,11.6659,11.6658,11.6657,11.6656,11.6656,11.6655,11.6654,11.6653,11.6652,11.6652,11.6651,11.6651,11.6651,11.6651,11.6651,11.6651
input_1,23,0,0.59999,0.566655,0.566652,0.633317,0.599982,0.566647,0.666641,0.599974,0.633303,0.599969,0.566635,0.633295,0.599961,0.599959,0.566625,0.633284,0.56662,0.56662,0.63328,0.566619,0.566618,0.66661,0.633279
mixed10/concat,23,11.5663,11.5663,11.5662,11.5662,11.5662,11.5661,11.566,11.5659,11.5658,11.5658,11.5657,11.5656,11.5655,11.5655,11.5654,11.5654,11.5653,11.5652,11.5652,11.5652,11.5652,11.5652,11.5652,11.5652
input_1,24,0,0.49999,0.49999,0.499987,0.666647,0.533317,0.566647,0.533313,0.599974,0.599972,0.533306,0.566635,0.533301,0.56663,0.566628,0.666618,0.699946,0.633282,0.533288,0.566618,0.633279,0.699939,0.599948,0.599947,0.566617
mixed10/concat,24,11.4996,11.4996,11.4996,11.4995,11.4994,11.4994,11.4993,11.4993,11.4992,11.4991,11.4991,11.499,11.4989,11.4988,11.4988,11.4987,11.4986,11.4985,11.4985,11.4985,11.4984,11.4984,11.4984,11.4984,11.4984
input_1,25,0,0.666653,0.633317,0.566652,0.43332,0.666644,0.46665,0.66664,0.766633,0.299986,0.799958,0.399977,0.399975,0.333311,0.599958,0.433301,0.399968,0.766602,0.466625,0.433293,0.299972,0.433293,0.599943,0.566613,0.533282,0.766593
mixed10/concat,25,11.6663,11.6662,11.6661,11.6661,11.666,11.6659,11.6659,11.6659,11.6658,11.6657,11.6656,11.6655,11.6654,11.6653,11.6653,11.6652,11.6651,11.665,11.665,11.6649,11.6649,11.6649,11.6648,11.6648,11.6648,11.6648
input_1,26,0,0.466657,0.433323,0.466653,0.499985,0.566647,0.533313,0.533313,0.499978,0.433313,0.466643,0.499972,0.566633,0.533299,0.566627,0.566625,0.599953,0.399967,0.599948,0.533285,0.533283,0.499953,0.466622,0.533282,0.433291,0.599942,0.499951
mixed10/concat,26,11.2997,11.2997,11.2996,11.2995,11.2995,11.2994,11.2994,11.2994,11.2993,11.2992,11.2992,11.2991,11.299,11.2989,11.2989,11.2988,11.2987,11.2986,11.2986,11.2985,11.2984,11.2984,11.2984,11.2984,11.2984,11.2984,11.2984
input_1,1,0,14.4999
mixed10/concat,1,13.9665,13.9665
input_1,2,0,7.36663,7.36662
mixed10/concat,2,13.2999,13.2999,13.2999
input_1,3,0,5.06664,5.06664,5.06663
mixed10/concat,3,13.2332,13.2332,13.2332,13.2332
input_1,4,0,3.76663,3.79996,3.79996,3.76663
mixed10/concat,4,13.1998,13.1998,13.1998,13.1997,13.1997
input_1,5,0,2.9333,2.89996,2.89996,2.93329,2.93329
mixed10/concat,5,13.0997,13.0997,13.0997,13.0996,13.0996,13.0996
input_1,6,0,2.39996,2.46662,2.43329,2.39995,2.43329,2.39995
mixed10/concat,6,12.8996,12.8996,12.8996,12.8996,12.8996,12.8996,12.8996
input_1,7,0,2.09996,2.09996,2.06662,2.06662,2.06662,2.06662,2.06662
mixed10/concat,7,13.0997,13.0996,13.0996,13.0996,13.0995,13.0995,13.0995,13.0995
input_1,8,0,1.79996,1.79996,1.79995,1.79995,1.79995,1.79995,1.79995,1.79995
mixed10/concat,8,12.6997,12.6996,12.6995,12.6995,12.6995,12.6995,12.6995,12.6995,12.6995
input_1,9,0,1.66663,1.69996,1.63329,1.69995,1.66662,1.63328,1.66661,1.63328,1.59995
mixed10/concat,9,12.533,12.5329,12.5328,12.5327,12.5327,12.5327,12.5327,12.5327,12.5326,12.5326
input_1,10,0,1.46664,1.4333,1.43329,1.46662,1.39995,1.46662,1.39995,1.43328,1.49994,1.39995
mixed10/concat,10,12.5329,12.4995,12.4995,12.4994,12.4993,12.4993,12.5326,12.4993,12.4992,12.4992,12.5326
input_1,11,0,1.23331,1.19997,1.19996,1.29996,1.29995,1.36661,1.29995,1.26662,1.36661,1.29995,1.36661
mixed10/concat,11,12.4664,12.4663,12.4662,12.4661,12.4661,12.466,12.466,12.466,12.4659,12.4659,12.4659,12.4659
input_1,12,0,1.16665,1.16664,1.2333,1.19996,1.16663,1.13329,1.23329,1.13329,1.19995,1.19995,1.26662,1.16662
mixed10/concat,12,12.5664,12.5329,12.5329,12.5661,12.566,12.5659,12.5325,12.5658,12.5658,12.5658,12.5658,12.5658,12.5658
input_1,13,0,1.19998,1.23331,0.966642,0.99997,1.13329,1.03329,0.933294,1.03329,1.13328,1.06662,1.29994,0.966623,1.19995
mixed10/concat,13,12.1997,12.1996,12.1995,12.1994,12.1994,12.1993,12.1992,12.1991,12.1991,12.1991,12.1991,12.1991,12.1991,12.1991
input_1,14,0,1.03332,1.03331,0.93331,1.0333,0.999966,0.999961,1.06662,0.999953,0.999952,0.999951,1.03328,1.03328,0.99995,0.966618
mixed10/concat,14,12.2997,12.2996,12.2995,12.2994,12.2994,12.2993,12.2992,12.2991,12.2991,12.299,12.299,12.299,12.299,12.299,12.299
input_1,15,0,0.999983,0.933313,0.799979,0.933305,0.76664,0.899964,1.06662,0.933288,0.866621,0.966615,1.06661,1.03328,0.866619,1.03328,0.999944
mixed10/concat,15,12.4324,12.4324,12.4323,12.4322,12.4321,12.432,12.4319,12.4319,12.4318,12.4317,12.4317,12.4317,12.4317,12.4317,12.4316,12.4316
input_1,16,0,0.766651,0.799983,0.733315,0.933306,0.999966,0.96663,0.833298,0.766631,0.966618,0.966614,0.933282,0.666629,0.899949,0.966611,0.933279,0.933279
mixed10/concat,16,12.233,12.2329,12.2329,12.2328,12.2328,12.2327,12.2326,12.2325,12.2324,12.2324,12.2323,12.2323,12.2323,12.2323,12.2323,12.2323,12.2323
input_1,17,0,0.766651,0.66665,0.766647,0.833309,0.999966,0.933297,0.899962,0.799962,0.899954,0.766624,0.866615,0.699958,0.666626,0.966606,0.766619,0.733287,0.933274
mixed10/concat,17,12.1996,12.1996,12.1995,12.1995,12.1994,12.1993,12.1992,12.1991,12.199,12.199,12.1989,12.1988,12.1988,12.1988,12.1988,12.1988,12.1988,12.1988
input_1,18,0,0.733318,0.766647,0.699979,0.799976,0.733308,0.799969,0.833297,0.76663,0.799958,0.866618,0.76662,0.799948,0.733285,0.733285,0.699953,0.866608,0.799946,0.733283
mixed10/concat,18,11.8996,11.8996,11.8995,11.8994,11.8994,11.8993,11.8993,11.8992,11.8991,11.899,11.899,11.8989,11.8989,11.8989,11.8989,11.8988,11.8988,11.8988,11.8988
input_1,19,0,0.866648,0.799979,0.766643,0.799972,0.599979,0.566644,0.7333,0.733297,0.566636,0.566634,0.766619,0.89994,0.866606,0.533295,0.866605,0.833273,0.766611,0.666618,0.76661
mixed10/concat,19,11.833,11.8329,11.8328,11.8328,11.8327,11.8327,11.8326,11.8326,11.8325,11.8324,11.8324,11.8323,11.8322,11.8322,11.8322,11.8322,11.8322,11.8321,11.8321,11.8321
input_1,20,0,0.699985,0.53332,0.766644,0.599979,0.599977,0.666641,0.666638,0.76663,0.533305,0.766623,0.76662,0.699954,0.566627,0.466632,0.966595,0.566624,0.599955,0.799939,0.566623,0.899931
mixed10/concat,20,11.7663,11.7662,11.7661,11.7661,11.766,11.766,11.7659,11.7658,11.7658,11.7657,11.7656,11.7655,11.7654,11.7653,11.7653,11.7653,11.7653,11.7652,11.7652,11.7652,11.7652
input_1,21,0,0.666652,0.666649,0.599981,0.666643,0.699972,0.633305,0.699968,0.699965,0.66663,0.666627,0.666624,0.63329,0.566626,0.666615,0.599951,0.666612,0.633281,0.59995,0.733272,0.699941,0.63328
mixed10/concat,21,12.0329,11.9995,11.9994,12.0327,12.0326,11.9992,11.9991,12.0324,11.999,12.0323,12.0322,12.0321,12.032,12.0319,12.0319,12.0318,12.0318,12.0318,12.0317,12.0317,12.0317,12.0317
input_1,22,0,0.566657,0.466657,0.566652,0.56665,0.699976,0.766637,0.599974,0.599974,0.699967,0.6333,0.566635,0.799951,0.566629,0.566627,0.566625,0.566622,0.499961,0.633283,0.566621,0.766605,0.666613,0.766604
mixed10/concat,22,11.4997,11.4997,11.4996,11.4995,11.4994,11.4994,11.4993,11.4992,11.4992,11.4991,11.499,11.4989,11.4989,11.4988,11.4987,11.4987,11.4986,11.4986,11.4986,11.4986,11.4986,11.4986,11.4985
input_1,23,0,0.699988,0.466657,0.599984,0.566649,0.633311,0.633308,0.499978,0.633303,0.533307,0.566636,0.566634,0.499968,0.566628,0.533295,0.566623,0.699944,0.63328,0.633279,0.566617,0.566617,0.699938,0.666607,0.566616
mixed10/concat,23,11.5997,11.5997,11.5996,11.5995,11.5995,11.5994,11.5993,11.5992,11.5991,11.5991,11.5991,11.599,11.5989,11.5988,11.5987,11.5987,11.5986,11.5985,11.5985,11.5985,11.5985,11.5985,11.5985,11.5985
input_1,24,0,0.699988,0.666653,0.433322,0.466653,0.499983,0.666641,0.666638,0.466645,0.466643,0.666632,0.466641,0.466639,0.56663,0.566628,0.699949,0.533292,0.53329,0.533288,0.466627,0.599948,0.699939,0.566617,0.699938,0.566617
mixed10/concat,24,11.6331,11.633,11.6329,11.6329,11.6328,11.6327,11.6326,11.6326,11.6325,11.6324,11.6324,11.6323,11.6323,11.6322,11.6321,11.632,11.6319,11.6319,11.6318,11.6318,11.6318,11.6318,11.6317,11.6317,11.6317
input_1,25,0,0.466659,0.566655,0.566652,0.56665,0.466651,0.466649,0.566642,0.466645,0.566637,0.533303,0.46664,0.466638,0.433305,0.566627,0.566625,0.599953,0.56662,0.466626,0.566615,0.599945,0.533284,0.633274,0.666604,0.666604,0.566613
mixed10/concat,25,11.5664,11.5663,11.5663,11.5662,11.5662,11.5661,11.566,11.566,11.5659,11.5658,11.5658,11.5658,11.5657,11.5657,11.5656,11.5656,11.5655,11.5655,11.5654,11.5654,11.5654,11.5654,11.5654,11.5654,11.5654,11.5654
input_1,26,0,0.299994,0.566655,0.566652,0.366656,0.29999,0.699973,0.433315,0.366649,0.466643,0.333315,0.399976,0.433307,0.56663,0.433303,0.433302,0.566623,0.533289,0.699939,0.566615,0.533282,0.566612,0.499952,0.633271,0.733261,0.766591,0.666601
mixed10/concat,26,11.4663,11.4663,11.4663,11.4662,11.4661,11.4661,11.466,11.4659,11.4659,11.4658,11.4657,11.4657,11.4657,11.4656,11.4655,11.4654,11.4654,11.4653,11.4652,11.4651,11.4651,11.465,11.465,11.465,11.465,11.465,11.465
input_1,26,0,0.466663,0.499996,0.43333,0.399996,0.699993,0.466662,0.399996,0.533327,0.733324,0.69999,0.566658,0.599991,0.366661,0.533325,0.59999,0.566657,0.36666,0.699986,0.533322,0.666652,0.566653,0.599985,0.733315,0.39999,0.699981,0.633315
mixed10/concat,26,11.6999,11.6999,11.6999,11.6999,11.6999,11.6999,11.6999,11.6999,11.6999,11.6999,11.6999,11.6999,11.6999,11.6998,11.6998,11.6998,11.6998,11.6998,11.6998,11.6998,11.6998,11.6997,11.6997,11.6997,11.6997,11.6997,11.6997
input_1,27,0,0.399998,0.566663,0.566663,0.43333,0.599996,0.533329,0.466663,0.499996,0.499995,0.466662,0.499995,0.399996,0.399995,0.499994,0.399995,0.599992,0.566659,0.599992,0.399994,0.333328,0.566658,0.566658,0.566657,0.399993,0.566656,0.666654,0.566656
mixed10/concat,27,11.5996,11.5662,11.5662,11.5662,11.5662,11.5662,11.5662,11.5662,11.5662,11.5661,11.5661,11.5661,11.5661,11.5994,11.5661,11.5661,11.5661,11.566,11.566,11.566,11.566,11.5993,11.566,11.5993,11.5993,11.5659,11.5993,11.5992
input_1,28,0,0.399998,0.333331,0.766662,0.733328,0.533329,0.333331,0.466663,0.566662,0.566661,0.33333,0.266664,0.566661,0.299997,0.266663,0.666658,0.466661,0.46666,0.46666,0.733323,0.666656,0.266662,0.466659,0.59999,0.566657,0.36666,0.299994,0.433325,0.733319
mixed10/concat,28,11.5666,11.5665,11.5665,11.5665,11.5665,11.5665,11.5665,11.5665,11.5665,11.5665,11.5665,11.5665,11.5665,11.5665,11.5665,11.5665,11.5664,11.5664,11.5664,11.5664,11.5664,11.5664,11.5664,11.5664,11.5664,11.5663,11.5663,11.5663,11.5663
input_1,29,0,0.499996,0.433329,0.466662,0.433329,0.499995,0.499994,0.433328,0.433328,0.433328,0.499993,0.46666,0.46666,0.499992,0.466659,0.433326,0.399993,0.499991,0.399993,0.433326,0.466658,0.466658,0.433325,0.433325,0.466657,0.499989,0.466656,0.499989,0.499989,0.399991
mixed10/concat,29,11.2665,11.2665,11.2665,11.2665,11.2665,11.2665,11.2665,11.2665,11.2664,11.2664,11.2664,11.2664,11.2664,11.2664,11.2664,11.2664,11.2664,11.2664,11.2664,11.2664,11.2664,11.2664,11.2664,11.2663,11.2663,11.2663,11.2663,11.2663,11.2663,11.2663
input_1,30,0,0.299996,0.399995,0.333329,0.599992,0.566658,0.46666,0.433327,0.466659,0.299995,0.433326,0.466658,0.433325,0.566656,0.299994,0.533323,0.299994,0.299994,0.599987,0.499989,0.466656,0.299993,0.599986,0.299993,0.53332,0.53332,0.466655,0.466654,0.633316,0.466654,0.533319
mixed10/concat,30,11.4664,11.4664,11.4664,11.4664,11.4664,11.4664,11.4664,11.4664,11.4664,11.4663,11.4663,11.4663,11.4663,11.4663,11.4663,11.4663,11.4663,11.4663,11.4663,11.4663,11.4663,11.4662,11.4662,11.4662,11.4662,11.4662,11.4662,11.4662,11.4662,11.4662,11.4662
input_1,26,0,0.399998,0.566663,0.53333,0.566663,0.466663,0.566662,0.633328,0.299997,0.466662,0.499995,0.533328,0.833324,0.333329,0.466661,0.766657,0.666658,0.499993,0.499993,0.766655,0.466659,0.333328,0.466659,0.399993,0.36666,0.466658,0.933316
mixed10/concat,26,11.3331,11.3331,11.3331,11.3331,11.3331,11.3331,11.3331,11.3331,11.3331,11.3331,11.333,11.333,11.333,11.333,11.333,11.333,11.333,11.333,11.333,11.333,11.333,11.333,11.333,11.333,11.333,11.333,11.3329
input_1,27,0,0.53333,0.499997,0.53333,0.53333,0.399997,0.533329,0.533329,0.566662,0.566661,0.366663,0.466662,0.56666,0.433328,0.599993,0.466661,0.466661,0.566659,0.566659,0.366661,0.433327,0.366661,0.59999,0.433326,0.499991,0.466658,0.466658,0.49999
mixed10/concat,27,11.4666,11.4666,11.4666,11.4665,11.4665,11.4665,11.4665,11.4665,11.4665,11.4665,11.4665,11.4665,11.4665,11.4665,11.4665,11.4665,11.4665,11.4665,11.4665,11.4665,11.4664,11.4664,11.4664,11.4664,11.4664,11.4664,11.4664,11.4664
input_1,28,0,0.566662,0.633327,0.466662,0.466662,0.266664,0.733325,0.299996,0.299996,0.333329,0.533326,0.46666,0.46666,0.566658,0.499992,0.633323,0.433326,0.333328,0.666655,0.299995,0.299994,0.266662,0.366659,0.49999,0.799983,0.466656,0.499989,0.333326,0.733317
mixed10/concat,28,11.0332,11.0332,11.0332,11.0332,11.0332,11.0332,11.0332,11.0332,11.0331,11.0331,11.0331,11.0331,11.0331,11.0331,11.0331,11.0331,11.0331,11.0331,11.0331,11.0331,11.0331,11.0331,11.0331,11.0331,11.033,11.033,11.033,11.033,11.033
input_1,29,0,0.46666,0.299996,0.299996,0.399994,0.299995,0.533325,0.466659,0.399993,0.633322,0.299995,0.466658,0.533323,0.466658,0.433325,0.366659,0.299994,0.76665,0.333326,0.299993,0.666651,0.766649,0.366658,0.466655,0.466655,0.299992,0.399989,0.299992,0.666648,0.766645
mixed10/concat,29,11.1665,11.1665,11.1665,11.1665,11.1664,11.1664,11.1664,11.1664,11.1664,11.1664,11.1664,11.1664,11.1664,11.1664,11.1664,11.1664,11.1664,11.1664,11.1664,11.1664,11.1664,11.1663,11.1663,11.1663,11.1663,11.1663,11.1663,11.1663,11.1663,11.1663
input_1,30,0,0.566658,0.466659,0.333328,0.299995,0.499991,0.466658,0.399992,0.433325,0.399992,0.366659,0.666653,0.366659,0.599987,0.333326,0.533321,0.499988,0.566653,0.333325,0.39999,0.39999,0.466655,0.633316,0.366657,0.299992,0.399989,0.433321,0.333323,0.499985,0.399988,0.566649
mixed10/concat,30,11.2331,11.2331,11.2331,11.2331,11.2331,11.2331,11.2331,11.2331,11.2331,11.2331,11.2331,11.2331,11.233,11.233,11.233,11.233,11.233,11.233,11.233,11.233,11.233,11.233,11.233,11.233,11.233,11.233,11.233,11.233,11.233,11.2329,11.2329
input_1,26,0,0.466664,0.399998,0.666662,0.566663,0.466663,0.466663,0.466663,0.566662,0.466662,0.566661,0.599994,0.533327,0.466661,0.599993,0.466661,0.633325,0.46666,0.566659,0.46666,0.399994,0.466659,0.433326,0.633322,0.699988,0.466658,0.566656
mixed10/concat,26,11.3666,11.3666,11.3666,11.3666,11.3666,11.3666,11.3666,11.3666,11.3666,11.3665,11.3665,11.3665,11.3665,11.3665,11.3665,11.3665,11.3665,11.3665,11.3665,11.3665,11.3665,11.3665,11.3665,11.3665,11.3664,11.3664,11.3664
input_1,27,0,0.733329,0.466664,0.599996,0.599996,0.733328,0.333331,0.333331,0.433329,0.399996,0.566661,0.699993,0.56666,0.433328,0.333329,0.399995,0.399995,0.633325,0.366661,0.666657,0.366661,0.533325,0.366661,0.399993,0.633322,0.566656,0.399992,0.599989
mixed10/concat,27,11.2999,11.2999,11.2999,11.2999,11.2999,11.2999,11.2999,11.2999,11.2999,11.2998,11.2998,11.2998,11.2998,11.2998,11.2998,11.2998,11.2998,11.2998,11.2998,11.2998,11.2998,11.2998,11.2998,11.2998,11.2998,11.2997,11.2997,11.2997
input_1,28,0,0.299997,0.366663,0.599994,0.299997,0.33333,0.56666,0.599993,0.333329,0.733324,0.333329,0.299996,0.333328,0.299995,0.333328,0.733321,0.466659,0.499991,0.533324,0.699987,0.399992,0.566655,0.399992,0.399992,0.299994,0.733317,0.699984,0.566653,0.599986
mixed10/concat,28,11.2998,11.2665,11.2665,11.2998,11.2665,11.2998,11.2998,11.2998,11.2998,11.2998,11.2665,11.2998,11.2998,11.2998,11.2998,11.2998,11.2998,11.2997,11.2997,11.2997,11.2997,11.2997,11.2997,11.2997,11.2997,11.2997,11.2997,11.2997,11.2997
input_1,29,0,0.499993,0.433327,0.399994,0.46666,0.499992,0.433326,0.499992,0.499991,0.433326,0.399993,0.466658,0.49999,0.49999,0.49999,0.49999,0.499989,0.499989,0.366658,0.433323,0.499988,0.499988,0.499988,0.499988,0.499987,0.466654,0.433321,0.499986,0.466653,0.399989
mixed10/concat,29,11.1665,11.1665,11.1665,11.1665,11.1665,11.1664,11.1664,11.1664,11.1664,11.1664,11.1664,11.1664,11.1664,11.1664,11.1664,11.1664,11.1664,11.1664,11.1664,11.1664,11.1664,11.1663,11.1663,11.1663,11.1663,11.1663,11.1663,11.1663,11.1663,11.1663
input_1,30,0,0.366661,0.633323,0.266662,0.433326,0.266662,0.299994,0.266661,0.299994,0.299994,0.566655,0.299994,0.499989,0.299993,0.466656,0.499988,0.699983,0.466655,0.433323,0.566652,0.499987,0.566652,0.366657,0.633316,0.533318,0.666648,0.366656,0.43332,0.366655,0.566649,0.566649
