2,0.4625,0.0,18,133,6.766638,5.133323,343.4658
3,0.7399,0.0,18,133,14,4.433314,3.39999,4.466657,507.8625
4,0.8543,0.0,18,133,14,18,3.266643,2.499986,3.299982,3.333318,500.6824
5,0.9095,0.0,18,133,14,18,133,2.733307,2.033317,2.633314,2.699981,2.03332,465.1488
6,0.936,0.0,18,133,14,18,133,14,2.199965,1.666642,2.233302,2.199971,1.699981,2.199985,477.2755
7,0.9521,0.0,18,133,14,18,133,14,18,1.899967,1.399977,1.899971,1.899972,1.39998,1.933308,1.933318,481.9188
8,0.9648,0.0,18,133,14,18,133,14,18,133,1.666624,1.199972,1.666629,1.699963,1.233307,1.699966,1.666644,1.233325,457.3708
9,0.9726,0.0,18,133,14,18,133,14,18,133,14,1.466631,1.066642,1.399969,1.499968,1.066645,1.466639,1.499972,1.099985,1.39999,459.8283
10,0.978,0.0,18,133,14,18,133,14,18,133,14,18,1.366638,0.99998,1.233309,1.266642,0.999981,1.366643,1.233312,0.966654,1.266658,1.266665,458.8359
2,0.5095,0.0,18,133,6.46664,4.899991,328.0883
3,0.7436,0.0,18,133,14,4.366649,3.333328,4.499993,503.9225
4,0.8521,0.0,18,133,14,18,3.333303,2.566647,3.333311,3.266645,504.6218
5,0.91,0.0,18,133,14,18,133,2.699974,2.033316,2.666647,2.666647,2.033323,463.8891
6,0.9375,0.0,18,133,14,18,133,14,2.199966,1.699977,2.166638,2.199973,1.633315,2.166652,472.0703
7,0.9533,0.0,18,133,14,18,133,14,18,1.89996,1.399973,1.866631,1.899966,1.399976,1.866643,1.899988,476.2345
8,0.965,0.0,18,133,14,18,133,14,18,133,1.66663,1.233308,1.699966,1.666634,1.233311,1.666638,1.633316,1.233327,455.6342
9,0.9721,0.0,18,133,14,18,133,14,18,133,14,1.466622,1.1333,1.466625,1.399961,1.09997,1.499968,1.466635,1.066651,1.466655,463.933
10,0.9795,0.0,18,133,14,18,133,14,18,133,14,18,1.133291,0.999964,1.199957,1.333286,0.89997,1.199967,1.299965,0.999979,1.266649,1.233324,443.2202
2,0.5178,0.0,18,133,6.433313,4.833325,325.3159
3,0.7575,0.0,18,133,14,4.299993,3.23333,4.33333,490.1979
4,0.8528,0.0,18,133,14,18,3.299994,2.533331,3.333331,3.299998,503.2042
5,0.9121,0.0,18,133,14,18,133,2.599983,2.033322,2.633319,2.666658,2.033328,458.5293
6,0.936,0.0,18,133,14,18,133,14,2.199975,1.66665,2.233312,2.233312,1.666651,2.19999,477.4383
7,0.9523,0.0,18,133,14,18,133,14,18,1.899978,1.433318,1.89998,1.933314,1.433319,1.86665,1.899991,481.2818
8,0.9655,0.0,18,133,14,18,133,14,18,133,1.666634,1.166645,1.699969,1.666637,1.199979,1.666647,1.666653,1.199995,452.807
9,0.9735,0.0,18,133,14,18,133,14,18,133,14,1.533302,1.066646,1.466639,1.433307,1.066647,1.299977,1.466647,1.066657,1.36666,451.788
10,0.9786,0.0,18,133,14,18,133,14,18,133,14,18,1.299967,0.966643,1.299968,1.199971,0.933311,1.299971,1.33331,0.999987,1.233322,1.233327,452.8475
2,0.5157,0.0,18,133,6.399993,4.899997,326.0258
3,0.7672,0.0,18,133,14,4.199994,3.199997,4.233331,480.4131
4,0.8504,0.0,18,133,14,18,3.366659,2.53333,3.33333,3.333331,507.3055
5,0.9111,0.0,18,133,14,18,133,2.66664,2.033314,2.633309,2.666648,2.033316,461.0469
6,0.9392,0.0,18,133,14,18,133,14,2.166643,1.633317,2.133312,2.166647,1.666652,2.133324,465.2899
7,0.9527,0.0,18,133,14,18,133,14,18,1.866639,1.39998,1.899974,1.899974,1.399981,1.899983,1.933324,479.2394
8,0.9665,0.0,18,133,14,18,133,14,18,133,1.666624,1.166638,1.666628,1.599964,1.16664,1.633307,1.666648,1.199992,446.5011
9,0.9724,0.0,18,133,14,18,133,14,18,133,14,1.499964,1.099974,1.4333,1.399969,1.03331,1.499974,1.466647,1.066657,1.499993,462.211
10,0.9786,0.0,18,133,14,18,133,14,18,133,14,18,1.199965,1.033304,1.233298,1.233299,0.933308,1.333304,1.399975,0.93332,1.233322,1.26666,453.3246
