2,0.0005,0.0404,249,249,11.233325,11.233326,3303.7144
3,0.0031,0.0404,249,249,249,9.966653,9.966659,9.966661,3487.6551
4,0.0033,0.0404,249,249,249,249,9.466651,9.466652,9.466654,9.466656,3841.2371
5,0.0185,0.1755,280,280,280,280,280,9.699973,9.699977,9.699979,9.699982,9.699989,3599.6896
6,0.0196,0.1755,280,280,280,280,280,280,9.333301,9.299971,9.299974,9.299977,9.299984,9.299989,3768.0289
7,0.0592,0.1755,280,280,280,280,280,280,280,8.766605,8.766606,8.766607,8.76661,8.766617,8.766622,8.766626,3835.5765
8,0.061,0.1755,280,280,280,280,280,280,280,280,8.566568,8.566568,8.56657,8.566573,8.566578,8.566582,8.566587,8.566622,4032.5517
9,0.0641,0.1755,280,280,280,280,280,280,280,280,280,8.266532,8.266533,8.266542,8.266545,8.266552,8.266556,8.26656,8.266594,8.266628,4165.8527
10,0.0663,0.1755,280,280,280,280,280,280,280,280,280,280,8.06651,8.066513,8.066515,8.066517,8.066523,8.066527,8.066531,8.066563,8.066595,8.066628,4332.9414
2,0.0005,0.0404,249,249,11.166659,11.166661,3284.1082
3,0.0029,0.0404,249,249,249,10.23332,10.233322,10.233327,3580.97
4,0.0171,0.1755,280,280,280,280,10.266649,10.26665,10.266652,10.266654,3469.0363
5,0.0183,0.1755,280,280,280,280,280,9.766601,9.766602,9.766609,9.766612,9.766622,3624.4167
6,0.0198,0.1755,280,280,280,280,280,280,9.233238,9.233239,9.233241,9.233243,9.233252,9.233291,3733.1186
7,0.0583,0.1755,280,280,280,280,280,280,280,8.866537,8.866538,8.866543,8.866545,8.866555,8.866591,8.866626,3879.3167
8,0.0614,0.1755,280,280,280,280,280,280,280,280,8.533199,8.533199,8.533201,8.533203,8.533211,8.533216,8.533253,8.533287,4016.8533
9,0.063,0.1755,280,280,280,280,280,280,280,280,280,8.366525,8.366526,8.366536,8.366538,8.366545,8.366554,8.366559,8.366594,8.366628,4216.2453
10,0.0656,0.1755,280,280,280,280,280,280,280,280,280,280,8.133164,8.133165,8.099834,8.133169,8.133177,8.09985,8.133187,8.133223,8.133257,8.133293,4366.5335
2,0.0005,0.0404,249,249,11.266647,11.266655,3313.516
3,0.003,0.0404,249,249,249,10.066641,10.066649,10.06666,3522.6468
4,0.0172,0.1755,280,280,280,280,10.199979,10.19998,10.199982,10.199983,3446.5087
5,0.0179,0.1755,280,280,280,280,280,9.899976,9.899978,9.899981,9.899984,9.899991,3673.9109
6,0.0188,0.1755,280,280,280,280,280,280,9.566631,9.566634,9.566639,9.566643,9.56665,9.566657,3867.9075
7,0.0564,0.1755,280,280,280,280,280,280,280,9.099935,9.099937,9.099939,9.099941,9.099948,9.099954,9.099958,3981.416
8,0.0607,0.1755,280,280,280,280,280,280,280,280,8.599897,8.599901,8.599903,8.599905,8.599912,8.599917,8.59992,8.599955,4048.2424
9,0.0639,0.1755,280,280,280,280,280,280,280,280,280,8.29986,8.266529,8.266539,8.299874,8.299881,8.266554,8.266558,8.266592,8.266627,4175.9914
10,0.2874,0.705,311,311,311,311,311,311,311,311,311,311,11.466442,11.466443,11.466445,11.466448,11.466456,11.433129,11.466467,11.466515,11.466562,11.466611,2960.0017
