2,0.0312,0.0233,229,229,10.73331,10.733311,442.7222
3,0.0678,0.1755,280,280,280,10.866657,10.866658,10.86666,460.0509
4,0.1353,0.0404,249,249,249,249,9.366612,9.366616,9.366618,9.36662,505.1052
5,0.1406,0.0404,249,249,249,249,249,8.733296,8.733296,8.733312,8.733319,8.733326,537.8448
6,0.1958,0.1755,280,280,280,280,280,280,9.333197,9.333198,9.333203,9.333205,9.333248,9.333287,554.5603
7,0.2106,0.1755,280,280,280,280,280,280,280,8.799834,8.799838,8.79984,8.799842,8.799883,8.79992,8.799958,572.976
8,0.2245,0.1755,280,280,280,280,280,280,280,280,8.399863,8.399864,8.399866,8.399868,8.399885,8.399889,8.399932,8.399962,594.7603
9,0.2313,0.1755,280,280,280,280,280,280,280,280,280,8.266504,8.233172,8.266515,8.233185,8.233219,8.233223,8.233226,8.23326,8.233294,631.0565
10,0.2418,0.1755,280,280,280,280,280,280,280,280,280,280,7.966478,7.96648,7.966482,7.966483,7.966517,7.96652,7.966524,7.966557,7.96659,7.966624,654.7975
2,0.0312,0.0233,229,229,10.73332,10.733327,442.7228
3,0.07,0.1755,280,280,280,10.633321,10.633322,10.633325,450.1724
4,0.1332,0.0404,249,249,249,249,9.466647,9.466648,9.46665,9.466652,510.4995
5,0.1448,0.0404,249,249,249,249,249,8.566552,8.566558,8.566565,8.566572,8.566618,527.5769
6,0.1985,0.1755,280,280,280,280,280,280,9.233239,9.233242,9.233244,9.233246,9.233254,9.233291,548.6196
7,0.2034,0.1755,280,280,280,280,280,280,280,9.0332,9.033204,9.033206,9.033208,9.033216,9.033254,9.03329,588.1694
8,0.2219,0.1755,280,280,280,280,280,280,280,280,8.466447,8.49978,8.466454,8.466461,8.466474,8.466514,8.466557,8.466603,600.5048
9,0.2355,0.1755,280,280,280,280,280,280,280,280,280,8.133132,8.133136,8.133145,8.133148,8.133156,8.133191,8.133224,8.133259,8.133294,622.1866
10,0.2555,0.1755,280,280,280,280,280,280,280,280,280,280,7.666455,7.666457,7.666459,7.666461,7.666467,7.666499,7.666531,7.666563,7.666597,7.66663,630.1389
2,0.0318,0.0233,229,229,10.599982,10.599993,437.2231
3,0.0678,0.1755,280,280,280,10.866654,10.866658,10.866659,460.0508
4,0.1349,0.0404,249,249,249,249,9.399945,9.366615,9.39995,9.36662,506.392
5,0.1483,0.0404,249,249,249,249,249,8.433247,8.433248,8.433249,8.433251,8.433298,519.3665
6,0.1967,0.1755,280,280,280,280,280,280,9.299865,9.299866,9.299872,9.299876,9.299919,9.299958,552.5799
7,0.2095,0.1755,280,280,280,280,280,280,280,8.83317,8.833173,8.833175,8.833177,8.833217,8.833253,8.833291,575.1464
8,0.2221,0.1755,280,280,280,280,280,280,280,280,8.466441,8.466442,8.46645,8.466452,8.46649,8.466531,8.466573,8.466615,599.4776
9,0.2355,0.1755,280,280,280,280,280,280,280,280,280,8.133107,8.133108,8.133116,8.13312,8.133157,8.133191,8.133225,8.13326,8.133295,622.1861
10,0.2477,0.1755,280,280,280,280,280,280,280,280,280,280,7.833088,7.833089,7.83309,7.833092,7.833128,7.833161,7.833194,7.833228,7.833262,7.833296,643.8369
