2,0.3866,0.5555,311,311,11.699975,11.699976,397.1931
3,0.4282,0.6053,311,311,311,11.866653,11.866654,11.866657,438.4516
4,0.3831,0.5528,311,311,311,311,11.766646,11.766647,11.76665,11.766653,470.0566
5,0.4174,0.5854,311,311,311,311,311,11.499943,11.499943,11.499957,11.499965,11.499983,493.9032
6,0.432,0.6053,311,311,311,311,311,311,11.666544,11.666545,11.666549,11.666552,11.666564,11.666613,536.0589
7,0.4064,0.5753,311,311,311,311,311,311,311,11.59987,11.599871,11.599873,11.599875,11.59989,11.599896,11.599944,567.7952
8,0.4221,0.5928,311,311,311,311,311,311,311,311,11.59967,11.599671,11.599691,11.599708,11.599716,11.599782,11.599851,11.599922,602.591
9,0.434,0.6053,311,311,311,311,311,311,311,311,311,11.566436,11.566445,11.566453,11.566473,11.566487,11.5665,11.566512,11.566573,11.566649,635.5626
10,0.4165,0.5843,311,311,311,311,311,311,311,311,311,311,11.499662,11.499663,11.499666,11.499668,11.499678,11.499683,11.499737,11.499791,11.499847,11.499911,666.3937
2,0.3848,0.5555,311,311,11.799985,11.799994,400.5885
3,0.4307,0.6053,311,311,311,11.733322,11.733323,11.733326,433.5253
4,0.38,0.5528,311,311,311,311,11.933263,11.933267,11.93327,11.933274,476.7128
5,0.4148,0.5854,311,311,311,311,311,11.633288,11.633289,11.633291,11.633293,11.633309,499.6295
6,0.4322,0.6053,311,311,311,311,311,311,11.666502,11.666505,11.666507,11.633177,11.666562,11.633277,535.857
7,0.4104,0.5753,311,311,311,311,311,311,311,11.399873,11.399877,11.39988,11.399882,11.39989,11.399896,11.399944,558.0056
8,0.4228,0.5928,311,311,311,311,311,311,311,311,11.566322,11.566322,11.566332,11.566351,11.566414,11.566474,11.566534,11.566596,600.8596
9,0.436,0.6053,311,311,311,311,311,311,311,311,311,11.466277,11.466278,11.466288,11.466319,11.466387,11.466399,11.466415,11.466486,11.466576,630.0624
10,0.4178,0.5843,311,311,311,311,311,311,311,311,311,311,11.432844,11.432844,11.432846,11.432858,11.432914,11.432926,11.433004,11.433085,11.433171,11.433248,662.5279
2,0.3824,0.5555,311,311,11.933312,11.93332,405.1147
3,0.4346,0.6053,311,311,311,11.533318,11.53332,11.533324,426.1355
4,0.3902,0.5528,311,311,311,311,11.399978,11.399981,11.399984,11.399987,455.4089
5,0.4141,0.5854,311,311,311,311,311,11.666494,11.666504,11.666515,11.666528,11.666577,501.0577
6,0.432,0.6053,311,311,311,311,311,311,11.666545,11.66655,11.666552,11.666555,11.666565,11.666613,536.059
7,0.4111,0.5753,311,311,311,311,311,311,311,11.366454,11.366455,11.366457,11.36646,11.366508,11.366557,11.366606,556.3727
8,0.4234,0.5928,311,311,311,311,311,311,311,311,11.53305,11.533051,11.533061,11.533081,11.533099,11.533166,11.533226,11.53328,599.1295
9,0.436,0.6053,311,311,311,311,311,311,311,311,311,11.466389,11.466393,11.466395,11.466408,11.466414,11.466462,11.46651,11.466558,11.466608,630.0655
10,0.4165,0.5843,311,311,311,311,311,311,311,311,311,311,11.49969,11.499691,11.499693,11.499696,11.499702,11.499749,11.499796,11.499844,11.499893,11.499941,666.3957
2,0.3866,0.5555,311,311,11.699982,11.699993,397.1937
3,0.4288,0.6053,311,311,311,11.833318,11.833318,11.833324,437.22
4,0.3882,0.5528,311,311,311,311,11.499933,11.499938,11.499941,11.499943,459.402
5,0.4167,0.5854,311,311,311,311,311,11.533221,11.533226,11.533235,11.533238,11.533285,495.3332
6,0.432,0.6053,311,311,311,311,311,311,11.666498,11.666503,11.666506,11.666508,11.666561,11.66661,536.0583
7,0.4058,0.5753,311,311,311,311,311,311,311,11.633116,11.633117,11.633122,11.633125,11.633178,11.633226,11.633275,569.4256
8,0.4228,0.5928,311,311,311,311,311,311,311,311,11.566326,11.566327,11.566344,11.566356,11.566414,11.566483,11.566552,11.566616,600.8604
9,0.4395,0.6053,311,311,311,311,311,311,311,311,311,11.299686,11.299687,11.299689,11.2997,11.29975,11.299797,11.299843,11.299892,11.299939,620.9069
10,0.4178,0.5843,311,311,311,311,311,311,311,311,311,311,11.432999,11.433,11.433003,11.433005,11.433057,11.433108,11.433165,11.433219,11.433272,11.43332,662.5342
