300,1,0.00191053445716
300,10,0.0191053445716
300,20,0.0382106891431
300,30,0.0573160337147
300,40,0.0764213782863
300,50,0.0955267228579
299,1,0.00191692420451
299,10,0.0191692420451
299,20,0.0383384840901
299,30,0.0575077261352
299,40,0.0766769681802
299,50,0.0958462102253
298,1,0.00192335683606
298,10,0.0192335683606
298,20,0.0384671367213
298,30,0.0577007050819
298,40,0.0769342734426
298,50,0.0961678418032
297,1,0.00192983278501
297,10,0.0192983278501
297,20,0.0385966557001
297,30,0.0578949835502
297,40,0.0771933114003
297,50,0.0964916392504
296,1,0.00193635249036
296,10,0.0193635249036
296,20,0.0387270498072
296,30,0.0580905747109
296,40,0.0774540996145
296,50,0.0968176245181
295,1,0.00194291639711
295,10,0.0194291639711
295,20,0.0388583279422
295,30,0.0582874919133
295,40,0.0777166558844
295,50,0.0971458198554
294,1,0.00194952495628
294,10,0.0194952495628
294,20,0.0389904991257
294,30,0.0584857486885
294,40,0.0779809982513
294,50,0.0974762478141
293,1,0.00195617862508
293,10,0.0195617862508
293,20,0.0391235725015
293,30,0.0586853587523
293,40,0.078247145003
293,50,0.0978089312538
292,1,0.00196287786694
292,10,0.0196287786694
292,20,0.0392575573388
292,30,0.0588863360083
292,40,0.0785151146777
292,50,0.0981438933471
291,1,0.00196962315171
291,10,0.0196962315171
291,20,0.0393924630342
291,30,0.0590886945513
291,40,0.0787849260683
291,50,0.0984811575854
290,1,0.00197641495568
290,10,0.0197641495568
290,20,0.0395282991136
290,30,0.0592924486704
290,40,0.0790565982272
290,50,0.098820747784
289,1,0.00198325376175
289,10,0.0198325376175
289,20,0.0396650752351
289,30,0.0594976128526
289,40,0.0793301504702
289,50,0.0991626880877
288,1,0.00199014005954
288,10,0.0199014005954
288,20,0.0398028011908
288,30,0.0597042017862
288,40,0.0796056023815
288,50,0.0995070029769
287,1,0.00199707434546
287,10,0.0199707434546
287,20,0.0399414869092
287,30,0.0599122303638
287,40,0.0798829738184
287,50,0.099853717273
286,1,0.00200405712289
286,10,0.0200405712289
286,20,0.0400811424578
286,30,0.0601217136868
286,40,0.0801622849157
286,50,0.100202856145
285,1,0.00201108890227
285,10,0.0201108890227
285,20,0.0402217780454
285,30,0.0603326670681
285,40,0.0804435560908
285,50,0.100554445114
284,1,0.00201817020122
284,10,0.0201817020122
284,20,0.0403634040244
284,30,0.0605451060367
284,40,0.0807268080489
284,50,0.100908510061
283,1,0.00202530154469
283,10,0.0202530154469
283,20,0.0405060308938
283,30,0.0607590463407
283,40,0.0810120617876
283,50,0.101265077234
282,1,0.00203248346506
282,10,0.0203248346506
282,20,0.0406496693012
282,30,0.0609745039518
282,40,0.0812993386024
282,50,0.101624173253
281,1,0.0020397165023
281,10,0.020397165023
281,20,0.0407943300461
281,30,0.0611914950691
281,40,0.0815886600921
281,50,0.101985825115
280,1,0.0020470012041
280,10,0.020470012041
280,20,0.0409400240819
280,30,0.0614100361229
280,40,0.0818800481639
280,50,0.102350060205
279,1,0.00205433812598
279,10,0.0205433812598
279,20,0.0410867625195
279,30,0.0616301437793
279,40,0.082173525039
279,50,0.102716906299
278,1,0.00206172783146
278,10,0.0206172783146
278,20,0.0412345566293
278,30,0.0618518349439
278,40,0.0824691132586
278,50,0.103086391573
277,1,0.00206917089223
277,10,0.0206917089223
277,20,0.0413834178446
277,30,0.0620751267668
277,40,0.0827668356891
277,50,0.103458544611
276,1,0.00207666788821
276,10,0.0207666788821
276,20,0.0415333577643
276,30,0.0623000366464
276,40,0.0830667155286
276,50,0.103833394411
275,1,0.00208421940781
275,10,0.0208421940781
275,20,0.0416843881562
275,30,0.0625265822342
275,40,0.0833687763123
275,50,0.10421097039
274,1,0.00209182604798
274,10,0.0209182604798
274,20,0.0418365209596
274,30,0.0627547814395
274,40,0.0836730419193
274,50,0.104591302399
273,1,0.00209948841446
273,10,0.0209948841446
273,20,0.0419897682892
273,30,0.0629846524338
273,40,0.0839795365783
273,50,0.104974420723
272,1,0.00210720712186
272,10,0.0210720712186
272,20,0.0421441424373
272,30,0.0632162136559
272,40,0.0842882848746
272,50,0.105360356093
271,1,0.0021149827939
271,10,0.021149827939
271,20,0.042299655878
271,30,0.063449483817
271,40,0.084599311756
271,50,0.105749139695
270,1,0.00212281606351
270,10,0.0212281606351
270,20,0.0424563212702
270,30,0.0636844819052
270,40,0.0849126425403
270,50,0.106140803175
269,1,0.00213070757304
269,10,0.0213070757304
269,20,0.0426141514608
269,30,0.0639212271911
269,40,0.0852283029215
269,50,0.106535378652
268,1,0.00213865797443
268,10,0.0213865797443
268,20,0.0427731594886
268,30,0.0641597392329
268,40,0.0855463189772
268,50,0.106932898721
267,1,0.00214666792939
267,10,0.0214666792939
267,20,0.0429333585878
267,30,0.0644000378817
267,40,0.0858667171756
267,50,0.10733339647
266,1,0.00215473810958
266,10,0.0215473810958
266,20,0.0430947621915
266,30,0.0646421432873
266,40,0.086189524383
266,50,0.107736905479
265,1,0.00216286919678
265,10,0.0216286919678
265,20,0.0432573839356
265,30,0.0648860759035
265,40,0.0865147678713
265,50,0.108143459839
264,1,0.00217106188313
264,10,0.0217106188313
264,20,0.0434212376627
264,30,0.065131856494
264,40,0.0868424753253
264,50,0.108553094157
263,1,0.00217931687128
263,10,0.0217931687128
263,20,0.0435863374256
263,30,0.0653795061385
263,40,0.0871726748513
263,50,0.108965843564
262,1,0.00218763487461
262,10,0.0218763487461
262,20,0.0437526974921
262,30,0.0656290462382
262,40,0.0875053949843
262,50,0.10938174373
261,1,0.00219601661742
261,10,0.0219601661742
261,20,0.0439203323484
261,30,0.0658804985227
261,40,0.0878406646969
261,50,0.109800830871
260,1,0.00220446283518
260,10,0.0220446283518
260,20,0.0440892567036
260,30,0.0661338850554
260,40,0.0881785134073
260,50,0.110223141759
259,1,0.0022129742747
259,10,0.022129742747
259,20,0.044259485494
259,30,0.066389228241
259,40,0.088518970988
259,50,0.110648713735
258,1,0.00222155169437
258,10,0.0222155169437
258,20,0.0444310338874
258,30,0.0666465508311
258,40,0.0888620677748
258,50,0.111077584718
257,1,0.00223019586439
257,10,0.0223019586439
257,20,0.0446039172877
257,30,0.0669058759316
257,40,0.0892078345754
257,50,0.111509793219
256,1,0.00223890756698
256,10,0.0223890756698
256,20,0.0447781513396
256,30,0.0671672270094
256,40,0.0895563026792
256,50,0.111945378349
255,1,0.00224768759666
255,10,0.0224768759666
255,20,0.0449537519331
255,30,0.0674306278997
255,40,0.0899075038662
255,50,0.112384379833
254,1,0.00225653676042
254,10,0.0225653676042
254,20,0.0451307352084
254,30,0.0676961028127
254,40,0.0902614704169
254,50,0.112826838021
253,1,0.00226545587805
253,10,0.0226545587805
253,20,0.045309117561
253,30,0.0679636763416
253,40,0.0906182351221
253,50,0.113272793903
252,1,0.00227444578233
252,10,0.0227444578233
252,20,0.0454889156466
252,30,0.0682333734699
252,40,0.0909778312932
252,50,0.113722289116
251,1,0.00228350731931
251,10,0.0228350731931
251,20,0.0456701463862
251,30,0.0685052195793
251,40,0.0913402927725
251,50,0.114175365966
250,1,0.00229264134859
250,10,0.0229264134859
250,20,0.0458528269718
250,30,0.0687792404577
250,40,0.0917056539435
250,50,0.114632067429
249,1,0.00230184874356
249,10,0.0230184874356
249,20,0.0460369748713
249,30,0.0690554623069
249,40,0.0920739497425
249,50,0.115092437178
248,1,0.00231113039172
248,10,0.0231113039172
248,20,0.0462226078344
248,30,0.0693339117517
248,40,0.0924452156689
248,50,0.115556519586
247,1,0.00232048719493
247,10,0.0232048719493
247,20,0.0464097438986
247,30,0.0696146158478
247,40,0.0928194877971
247,50,0.116024359746
246,1,0.0023299200697
246,10,0.023299200697
246,20,0.0465984013941
246,30,0.0698976020911
246,40,0.0931968027882
246,50,0.116496003485
245,1,0.00233942994754
245,10,0.0233942994754
245,20,0.0467885989508
245,30,0.0701828984262
245,40,0.0935771979016
245,50,0.116971497377
244,1,0.00234901777519
244,10,0.0234901777519
244,20,0.0469803555039
244,30,0.0704705332558
244,40,0.0939607110077
244,50,0.11745088876
243,1,0.00235868451501
243,10,0.0235868451501
243,20,0.0471736903002
243,30,0.0707605354503
243,40,0.0943473806004
243,50,0.11793422575
242,1,0.00236843114524
242,10,0.0236843114524
242,20,0.0473686229047
242,30,0.0710529343571
242,40,0.0947372458094
242,50,0.118421557262
241,1,0.00237825866036
241,10,0.0237825866036
241,20,0.0475651732072
241,30,0.0713477598108
241,40,0.0951303464145
241,50,0.118912933018
240,1,0.00238816807145
240,10,0.0238816807145
240,20,0.0477633614289
240,30,0.0716450421434
240,40,0.0955267228579
240,50,0.119408403572
239,1,0.00239816040647
239,10,0.0239816040647
239,20,0.0479632081295
239,30,0.0719448121942
239,40,0.0959264162589
239,50,0.119908020324
238,1,0.0024082367107
238,10,0.024082367107
238,20,0.048164734214
238,30,0.0722471013211
238,40,0.0963294684281
238,50,0.120411835535
237,1,0.00241839804703
237,10,0.0241839804703
237,20,0.0483679609407
237,30,0.072551941411
237,40,0.0967359218814
237,50,0.120919902352
236,1,0.00242864549639
236,10,0.0242864549639
236,20,0.0485729099277
236,30,0.0728593648916
236,40,0.0971458198554
236,50,0.121432274819
235,1,0.00243898015807
235,10,0.0243898015807
235,20,0.0487796031615
235,30,0.0731694047422
235,40,0.0975592063229
235,50,0.121949007904
234,1,0.0024494031502
234,10,0.024494031502
234,20,0.048988063004
234,30,0.073482094506
234,40,0.0979761260081
234,50,0.12247015751
233,1,0.00245991561007
233,10,0.0245991561007
233,20,0.0491983122015
233,30,0.0737974683022
233,40,0.0983966244029
233,50,0.122995780504
232,1,0.0024705186946
232,10,0.024705186946
232,20,0.049410373892
232,30,0.074115560838
232,40,0.098820747784
232,50,0.12352593473
231,1,0.00248121358072
231,10,0.0248121358072
231,20,0.0496242716145
231,30,0.0744364074217
231,40,0.0992485432289
231,50,0.124060679036
230,1,0.00249200146586
230,10,0.0249200146586
230,20,0.0498400293171
230,30,0.0747600439757
230,40,0.0996800586343
230,50,0.124600073293
229,1,0.00250288356833
229,10,0.0250288356833
229,20,0.0500576713666
229,30,0.0750865070498
229,40,0.100115342733
229,50,0.125144178416
228,1,0.00251386112784
228,10,0.0251386112784
228,20,0.0502772225568
228,30,0.0754158338352
228,40,0.100554445114
228,50,0.125693056392
227,1,0.00252493540593
227,10,0.0252493540593
227,20,0.0504987081187
227,30,0.075748062178
227,40,0.100997416237
227,50,0.126246770297
226,1,0.00253610768649
226,10,0.0253610768649
226,20,0.0507221537298
226,30,0.0760832305948
226,40,0.10144430746
226,50,0.126805384325
225,1,0.00254737927621
225,10,0.0254737927621
225,20,0.0509475855242
225,30,0.0764213782863
225,40,0.101895171048
225,50,0.12736896381
224,1,0.00255875150512
224,10,0.0255875150512
224,20,0.0511750301024
224,30,0.0767625451536
224,40,0.102350060205
224,50,0.127937575256
223,1,0.00257022572712
223,10,0.0257022572712
223,20,0.0514045145423
223,30,0.0771067718135
223,40,0.102809029085
223,50,0.128511286356
222,1,0.00258180332048
222,10,0.0258180332048
222,20,0.0516360664097
222,30,0.0774540996145
222,40,0.103272132819
222,50,0.129090166024
221,1,0.00259348568845
221,10,0.0259348568845
221,20,0.051869713769
221,30,0.0778045706535
221,40,0.103739427538
221,50,0.129674284422
220,1,0.00260527425976
220,10,0.0260527425976
220,20,0.0521054851952
220,30,0.0781582277928
220,40,0.10421097039
220,50,0.130263712988
219,1,0.00261717048926
219,10,0.0261717048926
219,20,0.0523434097851
219,30,0.0785151146777
219,40,0.10468681957
219,50,0.130858524463
218,1,0.00262917585847
218,10,0.0262917585847
218,20,0.0525835171695
218,30,0.0788752757542
218,40,0.105167034339
218,50,0.131458792924
217,1,0.00264129187625
217,10,0.0264129187625
217,20,0.0528258375251
217,30,0.0792387562876
217,40,0.10565167505
217,50,0.132064593813
216,1,0.00265352007938
216,10,0.0265352007938
216,20,0.0530704015877
216,30,0.0796056023815
216,40,0.106140803175
216,50,0.132676003969
215,1,0.00266586203324
215,10,0.0266586203324
215,20,0.0533172406649
215,30,0.0799758609973
215,40,0.10663448133
215,50,0.133293101662
214,1,0.00267831933246
214,10,0.0267831933246
214,20,0.0535663866493
214,30,0.0803495799739
214,40,0.107132773299
214,50,0.133915966623
213,1,0.00269089360163
213,10,0.0269089360163
213,20,0.0538178720326
213,30,0.0807268080489
213,40,0.107635744065
213,50,0.134544680081
212,1,0.00270358649598
212,10,0.0270358649598
212,20,0.0540717299195
212,30,0.0811075948793
212,40,0.108143459839
212,50,0.135179324799
211,1,0.00271639970212
211,10,0.0271639970212
211,20,0.0543279940424
211,30,0.0814919910636
211,40,0.108655988085
211,50,0.135819985106
210,1,0.0027293349388
210,10,0.027293349388
210,20,0.0545866987759
210,30,0.0818800481639
210,40,0.109173397552
210,50,0.13646674694
209,1,0.00274239395764
209,10,0.0274239395764
209,20,0.0548478791528
209,30,0.0822718187293
209,40,0.109695758306
209,50,0.137119697882
208,1,0.00275557854398
208,10,0.0275557854398
208,20,0.0551115708795
208,30,0.0826673563193
208,40,0.110223141759
208,50,0.137778927199
207,1,0.00276889051762
207,10,0.0276889051762
207,20,0.0553778103524
207,30,0.0830667155286
207,40,0.110755620705
207,50,0.138444525881
206,1,0.00278233173372
206,10,0.0278233173372
206,20,0.0556466346745
206,30,0.0834699520117
206,40,0.111293269349
206,50,0.139116586686
205,1,0.00279590408364
205,10,0.0279590408364
205,20,0.0559180816729
205,30,0.0838771225093
205,40,0.111836163346
205,50,0.139795204182
204,1,0.00280960949582
204,10,0.0280960949582
204,20,0.0561921899164
204,30,0.0842882848746
204,40,0.112384379833
204,50,0.140480474791
203,1,0.00282344993669
203,10,0.0282344993669
203,20,0.0564689987337
203,30,0.0847034981006
203,40,0.112937997467
203,50,0.141172496834
202,1,0.00283742741162
202,10,0.0283742741162
202,20,0.0567485482324
202,30,0.0851228223486
202,40,0.113497096465
202,50,0.141871370581
201,1,0.00285154396591
201,10,0.0285154396591
201,20,0.0570308793181
201,30,0.0855463189772
201,40,0.114061758636
201,50,0.142577198295
200,1,0.00286580168574
200,10,0.0286580168574
200,20,0.0573160337147
200,30,0.0859740505721
200,40,0.114632067429
200,50,0.143290084287
199,1,0.00288020269923
199,10,0.0288020269923
199,20,0.0576040539846
199,30,0.086406080977
199,40,0.115208107969
199,50,0.144010134962
198,1,0.00289474917751
198,10,0.0289474917751
198,20,0.0578949835502
198,30,0.0868424753253
198,40,0.1157899671
198,50,0.144737458876
197,1,0.00290944333577
197,10,0.0290944333577
197,20,0.0581888667154
197,30,0.0872833000732
197,40,0.116377733431
197,50,0.145472166789
196,1,0.00292428743442
196,10,0.0292428743442
196,20,0.0584857486885
196,30,0.0877286230327
196,40,0.116971497377
196,50,0.146214371721
195,1,0.00293928378024
195,10,0.0293928378024
195,20,0.0587856756048
195,30,0.0881785134073
195,40,0.11757135121
195,50,0.146964189012
194,1,0.00295443472756
194,10,0.0295443472756
194,20,0.0590886945513
194,30,0.0886330418269
194,40,0.118177389103
194,50,0.147721736378
193,1,0.00296974267952
193,10,0.0296974267952
193,20,0.0593948535904
193,30,0.0890922803856
193,40,0.118789707181
193,50,0.148487133976
192,1,0.00298521008931
192,10,0.0298521008931
192,20,0.0597042017862
192,30,0.0895563026792
192,40,0.119408403572
192,50,0.149260504465
191,1,0.0030008394615
191,10,0.030008394615
191,20,0.0600167892301
191,30,0.0900251838451
191,40,0.12003357846
191,50,0.150041973075
190,1,0.00301663335341
190,10,0.0301663335341
190,20,0.0603326670681
190,30,0.0904990006022
190,40,0.120665334136
190,50,0.15083166767
189,1,0.00303259437644
189,10,0.0303259437644
189,20,0.0606518875288
189,30,0.0909778312932
189,40,0.121303775058
189,50,0.151629718822
188,1,0.00304872519759
188,10,0.0304872519759
188,20,0.0609745039518
188,30,0.0914617559277
188,40,0.121949007904
188,50,0.15243625988
187,1,0.00306502854089
187,10,0.0306502854089
187,20,0.0613005708179
187,30,0.0919508562268
187,40,0.122601141636
187,50,0.153251427045
186,1,0.00308150718896
186,10,0.0308150718896
186,20,0.0616301437793
186,30,0.0924452156689
186,40,0.123260287559
186,50,0.154075359448
185,1,0.00309816398458
185,10,0.0309816398458
185,20,0.0619632796916
185,30,0.0929449195374
185,40,0.123926559383
185,50,0.154908199229
184,1,0.00311500183232
184,10,0.0311500183232
184,20,0.0623000366464
184,30,0.0934500549696
184,40,0.124600073293
184,50,0.155750091616
183,1,0.00313202370026
183,10,0.0313202370026
183,20,0.0626404740052
183,30,0.0939607110077
183,40,0.12528094801
183,50,0.156601185013
182,1,0.00314923262169
182,10,0.0314923262169
182,20,0.0629846524338
182,30,0.0944769786506
182,40,0.125969304868
182,50,0.157461631084
181,1,0.00316663169695
181,10,0.0316663169695
181,20,0.0633326339389
181,30,0.0949989509084
181,40,0.126665267878
181,50,0.158331584847
180,1,0.00318422409526
180,10,0.0318422409526
180,20,0.0636844819052
180,30,0.0955267228579
180,40,0.12736896381
180,50,0.159211204763
179,1,0.00320201305669
179,10,0.0320201305669
179,20,0.0640402611338
179,30,0.0960603917006
179,40,0.128080522268
179,50,0.160100652834
178,1,0.00322000189409
178,10,0.0322000189409
178,20,0.0644000378817
178,30,0.0966000568226
178,40,0.128800075763
178,50,0.161000094704
177,1,0.00323819399518
177,10,0.0323819399518
177,20,0.0647638799036
177,30,0.0971458198554
177,40,0.129527759807
177,50,0.161909699759
176,1,0.0032565928247
176,10,0.032565928247
176,20,0.065131856494
176,30,0.097697784741
176,40,0.130263712988
176,50,0.162829641235
175,1,0.00327520192656
175,10,0.0327520192656
175,20,0.0655040385311
175,30,0.0982560577967
175,40,0.131008077062
175,50,0.163760096328
174,1,0.00329402492613
174,10,0.0329402492613
174,20,0.0658804985227
174,30,0.098820747784
174,40,0.131760997045
174,50,0.164701246307
173,1,0.00331306553264
173,10,0.0331306553264
173,20,0.0662613106528
173,30,0.0993919659793
173,40,0.132522621306
173,50,0.165653276632
172,1,0.00333232754155
172,10,0.0333232754155
172,20,0.0666465508311
172,30,0.0999698262466
172,40,0.133293101662
172,50,0.166616377078
171,1,0.00335181483712
171,10,0.0335181483712
171,20,0.0670362967424
171,30,0.100554445114
171,40,0.134072593485
171,50,0.167590741856
170,1,0.00337153139498
170,10,0.0337153139498
170,20,0.0674306278997
170,30,0.101145941849
170,40,0.134861255799
170,50,0.168576569749
169,1,0.00339148128489
169,10,0.0339148128489
169,20,0.0678296256979
169,30,0.101744438547
169,40,0.135659251396
169,50,0.169574064245
168,1,0.00341166867349
168,10,0.0341166867349
168,20,0.0682333734699
168,30,0.102350060205
168,40,0.13646674694
168,50,0.170583433675
167,1,0.00343209782723
167,10,0.0343209782723
167,20,0.0686419565446
167,30,0.102962934817
167,40,0.137283913089
167,50,0.171604891361
166,1,0.00345277311534
166,10,0.0345277311534
166,20,0.0690554623069
166,30,0.10358319346
166,40,0.138110924614
166,50,0.172638655767
165,1,0.00347369901301
165,10,0.0347369901301
165,20,0.0694739802603
165,30,0.10421097039
165,40,0.138947960521
165,50,0.173684950651
164,1,0.00349488010456
164,10,0.0349488010456
164,20,0.0698976020911
164,30,0.104846403137
164,40,0.139795204182
164,50,0.174744005228
163,1,0.00351632108679
163,10,0.0351632108679
163,20,0.0703264217358
163,30,0.105489632604
163,40,0.140652843472
163,50,0.17581605434
162,1,0.00353802677251
162,10,0.0353802677251
162,20,0.0707605354503
162,30,0.106140803175
162,40,0.141521070901
162,50,0.176901338626
161,1,0.00356000209408
161,10,0.0356000209408
161,20,0.0712000418816
161,30,0.106800062822
161,40,0.142400083763
161,50,0.178000104704
160,1,0.00358225210717
160,10,0.0358225210717
160,20,0.0716450421434
160,30,0.107467563215
160,40,0.143290084287
160,50,0.179112605358
159,1,0.00360478199464
159,10,0.0360478199464
159,20,0.0720956398927
159,30,0.108143459839
159,40,0.144191279785
159,50,0.180239099732
158,1,0.00362759707055
158,10,0.0362759707055
158,20,0.072551941411
158,30,0.108827912117
158,40,0.145103882822
158,50,0.181379853528
157,1,0.00365070278438
157,10,0.0365070278438
157,20,0.0730140556875
157,30,0.109521083531
157,40,0.146028111375
157,50,0.182535139219
156,1,0.0036741047253
156,10,0.036741047253
156,20,0.073482094506
156,30,0.110223141759
156,40,0.146964189012
156,50,0.183705236265
155,1,0.00369780862676
155,10,0.0369780862676
155,20,0.0739561725351
155,30,0.110934258803
155,40,0.14791234507
155,50,0.184890431338
154,1,0.00372182037109
154,10,0.0372182037109
154,20,0.0744364074217
154,30,0.111654611133
154,40,0.148872814843
154,50,0.186091018554
153,1,0.00374614599443
153,10,0.0374614599443
153,20,0.0749229198885
153,30,0.112384379833
153,40,0.149845839777
153,50,0.187307299721
152,1,0.00377079169176
152,10,0.0377079169176
152,20,0.0754158338352
152,30,0.113123750753
152,40,0.15083166767
152,50,0.188539584588
151,1,0.00379576382217
151,10,0.0379576382217
151,20,0.0759152764433
151,30,0.113872914665
151,40,0.151830552887
151,50,0.189788191108
150,1,0.00382106891431
150,10,0.0382106891431
150,20,0.0764213782863
150,30,0.114632067429
150,40,0.152842756573
150,50,0.191053445716
149,1,0.00384671367213
149,10,0.0384671367213
149,20,0.0769342734426
149,30,0.115401410164
149,40,0.153868546885
149,50,0.192335683606
148,1,0.00387270498072
148,10,0.0387270498072
148,20,0.0774540996145
148,30,0.116181149422
148,40,0.154908199229
148,50,0.193635249036
147,1,0.00389904991257
147,10,0.0389904991257
147,20,0.0779809982513
147,30,0.116971497377
147,40,0.155961996503
147,50,0.194952495628
146,1,0.00392575573388
146,10,0.0392575573388
146,20,0.0785151146777
146,30,0.117772672017
146,40,0.157030229355
146,50,0.196287786694
145,1,0.00395282991136
145,10,0.0395282991136
145,20,0.0790565982272
145,30,0.118584897341
145,40,0.158113196454
145,50,0.197641495568
144,1,0.00398028011908
144,10,0.0398028011908
144,20,0.0796056023815
144,30,0.119408403572
144,40,0.159211204763
144,50,0.199014005954
143,1,0.00400811424578
143,10,0.0400811424578
143,20,0.0801622849157
143,30,0.120243427374
143,40,0.160324569831
143,50,0.200405712289
142,1,0.00403634040244
142,10,0.0403634040244
142,20,0.0807268080489
142,30,0.121090212073
142,40,0.161453616098
142,50,0.201817020122
141,1,0.00406496693012
141,10,0.0406496693012
141,20,0.0812993386024
141,30,0.121949007904
141,40,0.162598677205
141,50,0.203248346506
140,1,0.00409400240819
140,10,0.0409400240819
140,20,0.0818800481639
140,30,0.122820072246
140,40,0.163760096328
140,50,0.20470012041
139,1,0.00412345566293
139,10,0.0412345566293
139,20,0.0824691132586
139,30,0.123703669888
139,40,0.164938226517
139,50,0.206172783146
138,1,0.00415333577643
138,10,0.0415333577643
138,20,0.0830667155286
138,30,0.124600073293
138,40,0.166133431057
138,50,0.207666788821
137,1,0.00418365209596
137,10,0.0418365209596
137,20,0.0836730419193
137,30,0.125509562879
137,40,0.167346083839
137,50,0.209182604798
136,1,0.00421441424373
136,10,0.0421441424373
136,20,0.0842882848746
136,30,0.126432427312
136,40,0.168576569749
136,50,0.210720712186
135,1,0.00424563212702
135,10,0.0424563212702
135,20,0.0849126425403
135,30,0.12736896381
135,40,0.169825285081
135,50,0.212281606351
134,1,0.00427731594886
134,10,0.0427731594886
134,20,0.0855463189772
134,30,0.128319478466
134,40,0.171092637954
134,50,0.213865797443
133,1,0.00430947621915
133,10,0.0430947621915
133,20,0.086189524383
133,30,0.129284286575
133,40,0.172379048766
133,50,0.215473810958
132,1,0.00434212376627
132,10,0.0434212376627
132,20,0.0868424753253
132,30,0.130263712988
132,40,0.173684950651
132,50,0.217106188313
131,1,0.00437526974921
131,10,0.0437526974921
131,20,0.0875053949843
131,30,0.131258092476
131,40,0.175010789969
131,50,0.218763487461
130,1,0.00440892567036
130,10,0.0440892567036
130,20,0.0881785134073
130,30,0.132267770111
130,40,0.176357026815
130,50,0.220446283518
129,1,0.00444310338874
129,10,0.0444310338874
129,20,0.0888620677748
129,30,0.133293101662
129,40,0.17772413555
129,50,0.222155169437
128,1,0.00447781513396
128,10,0.0447781513396
128,20,0.0895563026792
128,30,0.134334454019
128,40,0.179112605358
128,50,0.223890756698
127,1,0.00451307352084
127,10,0.0451307352084
127,20,0.0902614704169
127,30,0.135392205625
127,40,0.180522940834
127,50,0.225653676042
126,1,0.00454889156466
126,10,0.0454889156466
126,20,0.0909778312932
126,30,0.13646674694
126,40,0.181955662586
126,50,0.227444578233
125,1,0.00458528269718
125,10,0.0458528269718
125,20,0.0917056539435
125,30,0.137558480915
125,40,0.183411307887
125,50,0.229264134859
124,1,0.00462226078344
124,10,0.0462226078344
124,20,0.0924452156689
124,30,0.138667823503
124,40,0.184890431338
124,50,0.231113039172
123,1,0.00465984013941
123,10,0.0465984013941
123,20,0.0931968027882
123,30,0.139795204182
123,40,0.186393605576
123,50,0.23299200697
122,1,0.00469803555039
122,10,0.0469803555039
122,20,0.0939607110077
122,30,0.140941066512
122,40,0.187921422015
122,50,0.234901777519
121,1,0.00473686229047
121,10,0.0473686229047
121,20,0.0947372458094
121,30,0.142105868714
121,40,0.189474491619
121,50,0.236843114524
120,1,0.00477633614289
120,10,0.0477633614289
120,20,0.0955267228579
120,30,0.143290084287
120,40,0.191053445716
120,50,0.238816807145
119,1,0.0048164734214
119,10,0.048164734214
119,20,0.0963294684281
119,30,0.144494202642
119,40,0.192658936856
119,50,0.24082367107
118,1,0.00485729099277
118,10,0.0485729099277
118,20,0.0971458198554
118,30,0.145718729783
118,40,0.194291639711
118,50,0.242864549639
117,1,0.0048988063004
117,10,0.048988063004
117,20,0.0979761260081
117,30,0.146964189012
117,40,0.195952252016
117,50,0.24494031502
116,1,0.0049410373892
116,10,0.049410373892
116,20,0.098820747784
116,30,0.148231121676
116,40,0.197641495568
116,50,0.24705186946
115,1,0.00498400293171
115,10,0.0498400293171
115,20,0.0996800586343
115,30,0.149520087951
115,40,0.199360117269
115,50,0.249200146586
114,1,0.00502772225568
114,10,0.0502772225568
114,20,0.100554445114
114,30,0.15083166767
114,40,0.201108890227
114,50,0.251386112784
113,1,0.00507221537298
113,10,0.0507221537298
113,20,0.10144430746
113,30,0.15216646119
113,40,0.202888614919
113,50,0.253610768649
112,1,0.00511750301024
112,10,0.0511750301024
112,20,0.102350060205
112,30,0.153525090307
112,40,0.20470012041
112,50,0.255875150512
111,1,0.00516360664097
111,10,0.0516360664097
111,20,0.103272132819
111,30,0.154908199229
111,40,0.206544265639
111,50,0.258180332048
110,1,0.00521054851952
110,10,0.0521054851952
110,20,0.10421097039
110,30,0.156316455586
110,40,0.208421940781
110,50,0.260527425976
109,1,0.00525835171695
109,10,0.0525835171695
109,20,0.105167034339
109,30,0.157750551508
109,40,0.210334068678
109,50,0.262917585847
108,1,0.00530704015877
108,10,0.0530704015877
108,20,0.106140803175
108,30,0.159211204763
108,40,0.212281606351
108,50,0.265352007938
107,1,0.00535663866493
107,10,0.0535663866493
107,20,0.107132773299
107,30,0.160699159948
107,40,0.214265546597
107,50,0.267831933246
106,1,0.00540717299195
106,10,0.0540717299195
106,20,0.108143459839
106,30,0.162215189759
106,40,0.216286919678
106,50,0.270358649598
105,1,0.00545866987759
105,10,0.0545866987759
105,20,0.109173397552
105,30,0.163760096328
105,40,0.218346795104
105,50,0.27293349388
104,1,0.00551115708795
104,10,0.0551115708795
104,20,0.110223141759
104,30,0.165334712639
104,40,0.220446283518
104,50,0.275557854398
103,1,0.00556466346745
103,10,0.0556466346745
103,20,0.111293269349
103,30,0.166939904023
103,40,0.222586538698
103,50,0.278233173372
102,1,0.00561921899164
102,10,0.0561921899164
102,20,0.112384379833
102,30,0.168576569749
102,40,0.224768759666
102,50,0.280960949582
101,1,0.00567485482324
101,10,0.0567485482324
101,20,0.113497096465
101,30,0.170245644697
101,40,0.22699419293
101,50,0.283742741162
100,1,0.00573160337147
100,10,0.0573160337147
100,20,0.114632067429
100,30,0.171948101144
100,40,0.229264134859
100,50,0.286580168574
99,1,0.00578949835502
99,10,0.0578949835502
99,20,0.1157899671
99,30,0.173684950651
99,40,0.231579934201
99,50,0.289474917751
98,1,0.00584857486885
98,10,0.0584857486885
98,20,0.116971497377
98,30,0.175457246065
98,40,0.233942994754
98,50,0.292428743442
97,1,0.00590886945513
97,10,0.0590886945513
97,20,0.118177389103
97,30,0.177266083654
97,40,0.236354778205
97,50,0.295443472756
96,1,0.00597042017862
96,10,0.0597042017862
96,20,0.119408403572
96,30,0.179112605358
96,40,0.238816807145
96,50,0.298521008931
95,1,0.00603326670681
95,10,0.0603326670681
95,20,0.120665334136
95,30,0.180998001204
95,40,0.241330668272
95,50,0.301663335341
94,1,0.00609745039518
94,10,0.0609745039518
94,20,0.121949007904
94,30,0.182923511855
94,40,0.243898015807
94,50,0.304872519759
93,1,0.00616301437793
93,10,0.0616301437793
93,20,0.123260287559
93,30,0.184890431338
93,40,0.246520575117
93,50,0.308150718896
92,1,0.00623000366464
92,10,0.0623000366464
92,20,0.124600073293
92,30,0.186900109939
92,40,0.249200146586
92,50,0.311500183232
91,1,0.00629846524338
91,10,0.0629846524338
91,20,0.125969304868
91,30,0.188953957301
91,40,0.251938609735
91,50,0.314923262169
90,1,0.00636844819052
90,10,0.0636844819052
90,20,0.12736896381
90,30,0.191053445716
90,40,0.254737927621
90,50,0.318422409526
89,1,0.00644000378817
89,10,0.0644000378817
89,20,0.128800075763
89,30,0.193200113645
89,40,0.257600151527
89,50,0.322000189409
88,1,0.0065131856494
88,10,0.065131856494
88,20,0.130263712988
88,30,0.195395569482
88,40,0.260527425976
88,50,0.32565928247
87,1,0.00658804985227
87,10,0.0658804985227
87,20,0.131760997045
87,30,0.197641495568
87,40,0.263521994091
87,50,0.329402492613
86,1,0.00666465508311
86,10,0.0666465508311
86,20,0.133293101662
86,30,0.199939652493
86,40,0.266586203324
86,50,0.333232754155
85,1,0.00674306278997
85,10,0.0674306278997
85,20,0.134861255799
85,30,0.202291883699
85,40,0.269722511599
85,50,0.337153139498
84,1,0.00682333734699
84,10,0.0682333734699
84,20,0.13646674694
84,30,0.20470012041
84,40,0.27293349388
84,50,0.341166867349
83,1,0.00690554623069
83,10,0.0690554623069
83,20,0.138110924614
83,30,0.207166386921
83,40,0.276221849228
83,50,0.345277311534
82,1,0.00698976020911
82,10,0.0698976020911
82,20,0.139795204182
82,30,0.209692806273
82,40,0.279590408364
82,50,0.349488010456
81,1,0.00707605354503
81,10,0.0707605354503
81,20,0.141521070901
81,30,0.212281606351
81,40,0.283042141801
81,50,0.353802677251
80,1,0.00716450421434
80,10,0.0716450421434
80,20,0.143290084287
80,30,0.21493512643
80,40,0.286580168574
80,50,0.358225210717
79,1,0.0072551941411
79,10,0.072551941411
79,20,0.145103882822
79,30,0.217655824233
79,40,0.290207765644
79,50,0.362759707055
78,1,0.0073482094506
78,10,0.073482094506
78,20,0.146964189012
78,30,0.220446283518
78,40,0.293928378024
78,50,0.36741047253
77,1,0.00744364074217
77,10,0.0744364074217
77,20,0.148872814843
77,30,0.223309222265
77,40,0.297745629687
77,50,0.372182037109
76,1,0.00754158338352
76,10,0.0754158338352
76,20,0.15083166767
76,30,0.226247501505
76,40,0.301663335341
76,50,0.377079169176
75,1,0.00764213782863
75,10,0.0764213782863
75,20,0.152842756573
75,30,0.229264134859
75,40,0.305685513145
75,50,0.382106891431
74,1,0.00774540996145
74,10,0.0774540996145
74,20,0.154908199229
74,30,0.232362298843
74,40,0.309816398458
74,50,0.387270498072
73,1,0.00785151146777
73,10,0.0785151146777
73,20,0.157030229355
73,30,0.235545344033
73,40,0.314060458711
73,50,0.392575573388
72,1,0.00796056023815
72,10,0.0796056023815
72,20,0.159211204763
72,30,0.238816807145
72,40,0.318422409526
72,50,0.398028011908
71,1,0.00807268080489
71,10,0.0807268080489
71,20,0.161453616098
71,30,0.242180424147
71,40,0.322907232196
71,50,0.403634040244
70,1,0.00818800481639
70,10,0.0818800481639
70,20,0.163760096328
70,30,0.245640144492
70,40,0.327520192656
70,50,0.409400240819
69,1,0.00830667155286
69,10,0.0830667155286
69,20,0.166133431057
69,30,0.249200146586
69,40,0.332266862114
69,50,0.415333577643
68,1,0.00842882848746
68,10,0.0842882848746
68,20,0.168576569749
68,30,0.252864854624
68,40,0.337153139498
68,50,0.421441424373
67,1,0.00855463189772
67,10,0.0855463189772
67,20,0.171092637954
67,30,0.256638956932
67,40,0.342185275909
67,50,0.427731594886
66,1,0.00868424753253
66,10,0.0868424753253
66,20,0.173684950651
66,30,0.260527425976
66,40,0.347369901301
66,50,0.434212376627
65,1,0.00881785134073
65,10,0.0881785134073
65,20,0.176357026815
65,30,0.264535540222
65,40,0.352714053629
65,50,0.440892567036
64,1,0.00895563026792
64,10,0.0895563026792
64,20,0.179112605358
64,30,0.268668908038
64,40,0.358225210717
64,50,0.447781513396
63,1,0.00909778312932
63,10,0.0909778312932
63,20,0.181955662586
63,30,0.27293349388
63,40,0.363911325173
63,50,0.454889156466
62,1,0.00924452156689
62,10,0.0924452156689
62,20,0.184890431338
62,30,0.277335647007
62,40,0.369780862676
62,50,0.462226078344
61,1,0.00939607110077
61,10,0.0939607110077
61,20,0.187921422015
61,30,0.281882133023
61,40,0.375842844031
61,50,0.469803555039
60,1,0.00955267228579
60,10,0.0955267228579
60,20,0.191053445716
60,30,0.286580168574
60,40,0.382106891431
60,50,0.477633614289
59,1,0.00971458198554
59,10,0.0971458198554
59,20,0.194291639711
59,30,0.291437459566
59,40,0.388583279422
59,50,0.485729099277
58,1,0.0098820747784
58,10,0.098820747784
58,20,0.197641495568
58,30,0.296462243352
58,40,0.395282991136
58,50,0.49410373892
57,1,0.0100554445114
57,10,0.100554445114
57,20,0.201108890227
57,30,0.301663335341
57,40,0.402217780454
57,50,0.502772225568
56,1,0.0102350060205
56,10,0.102350060205
56,20,0.20470012041
56,30,0.307050180615
56,40,0.409400240819
56,50,0.511750301024
55,1,0.010421097039
55,10,0.10421097039
55,20,0.208421940781
55,30,0.312632911171
55,40,0.416843881562
55,50,0.521054851952
54,1,0.0106140803175
54,10,0.106140803175
54,20,0.212281606351
54,30,0.318422409526
54,40,0.424563212702
54,50,0.530704015877
53,1,0.0108143459839
53,10,0.108143459839
53,20,0.216286919678
53,30,0.324430379517
53,40,0.432573839356
53,50,0.540717299195
52,1,0.0110223141759
52,10,0.110223141759
52,20,0.220446283518
52,30,0.330669425277
52,40,0.440892567036
52,50,0.551115708795
51,1,0.0112384379833
51,10,0.112384379833
51,20,0.224768759666
51,30,0.337153139498
51,40,0.449537519331
51,50,0.561921899164
50,1,0.0114632067429
50,10,0.114632067429
50,20,0.229264134859
50,30,0.343896202288
50,40,0.458528269718
50,50,0.573160337147
49,1,0.0116971497377
49,10,0.116971497377
49,20,0.233942994754
49,30,0.350914492131
49,40,0.467885989508
49,50,0.575585896731
48,1,0.0119408403572
48,10,0.119408403572
48,20,0.238816807145
48,30,0.358225210717
48,40,0.477633614289
48,50,0.578011456314
47,1,0.0121949007904
47,10,0.121949007904
47,20,0.243898015807
47,30,0.365847023711
47,40,0.487796031615
47,50,0.580437015898
46,1,0.0124600073293
46,10,0.124600073293
46,20,0.249200146586
46,30,0.373800219879
46,40,0.498400293171
46,50,0.582862575482
45,1,0.012736896381
45,10,0.12736896381
45,20,0.254737927621
45,30,0.382106891431
45,40,0.509475855242
45,50,0.585288135065
44,1,0.0130263712988
44,10,0.130263712988
44,20,0.260527425976
44,30,0.390791138964
44,40,0.521054851952
44,50,0.587713694649
43,1,0.0133293101662
43,10,0.133293101662
43,20,0.266586203324
43,30,0.399879304986
43,40,0.533172406649
43,50,0.590139254232
42,1,0.013646674694
42,10,0.13646674694
42,20,0.27293349388
42,30,0.409400240819
42,40,0.545866987759
42,50,0.592564813816
41,1,0.0139795204182
41,10,0.139795204182
41,20,0.279590408364
41,30,0.419385612547
41,40,0.559180816729
41,50,0.5949903734
40,1,0.0143290084287
40,10,0.143290084287
40,20,0.286580168574
40,30,0.42987025286
40,40,0.573160337147
40,50,0.597415932983
39,1,0.0146964189012
39,10,0.146964189012
39,20,0.293928378024
39,30,0.440892567036
39,40,0.576192286627
39,50,0.599841492567
38,1,0.015083166767
38,10,0.15083166767
38,20,0.301663335341
38,30,0.452495003011
38,40,0.579224236106
38,50,0.60226705215
37,1,0.0154908199229
37,10,0.154908199229
37,20,0.309816398458
37,30,0.464724597687
37,40,0.582256185586
37,50,0.604692611734
36,1,0.0159211204763
36,10,0.159211204763
36,20,0.318422409526
36,30,0.477633614289
36,40,0.585288135065
36,50,0.607118171318
35,1,0.0163760096328
35,10,0.163760096328
35,20,0.327520192656
35,30,0.491280288983
35,40,0.588320084545
35,50,0.609543730901
34,1,0.0168576569749
34,10,0.168576569749
34,20,0.337153139498
34,30,0.505729709247
34,40,0.591352034024
34,50,0.611969290485
33,1,0.0173684950651
33,10,0.173684950651
33,20,0.347369901301
33,30,0.521054851952
33,40,0.594383983504
33,50,0.614394850068
32,1,0.0179112605358
32,10,0.179112605358
32,20,0.358225210717
32,30,0.537337816075
32,40,0.597415932983
32,50,0.616820409652
31,1,0.0184890431338
31,10,0.184890431338
31,20,0.369780862676
31,30,0.554671294013
31,40,0.600447882463
31,50,0.619245969236
30,1,0.0191053445716
30,10,0.191053445716
30,20,0.382106891431
30,30,0.573160337147
30,40,0.603479831942
30,50,0.621671528819
29,1,0.0197641495568
29,10,0.197641495568
29,20,0.395282991136
29,30,0.577202936453
29,40,0.606511781422
29,50,0.624097088403
28,1,0.020470012041
28,10,0.20470012041
28,20,0.409400240819
28,30,0.581245535759
28,40,0.609543730901
28,50,0.626522647986
27,1,0.0212281606351
27,10,0.212281606351
27,20,0.424563212702
27,30,0.585288135065
27,40,0.612575680381
27,50,0.62894820757
26,1,0.0220446283518
26,10,0.220446283518
26,20,0.440892567036
26,30,0.589330734371
26,40,0.61560762986
26,50,0.631373767154
25,1,0.0229264134859
25,10,0.229264134859
25,20,0.458528269718
25,30,0.593373333677
25,40,0.61863957934
25,50,0.694438316327
24,1,0.0238816807145
24,10,0.238816807145
24,20,0.477633614289
24,30,0.597415932983
24,40,0.621671528819
24,50,0.696594325609
23,1,0.0249200146586
23,10,0.249200146586
23,20,0.498400293171
23,30,0.601458532289
23,40,0.624703478299
23,50,0.69875033489
22,1,0.0260527425976
22,10,0.260527425976
22,20,0.521054851952
22,30,0.605501131595
22,40,0.627735427778
22,50,0.700906344171
21,1,0.027293349388
21,10,0.27293349388
21,20,0.545866987759
21,30,0.609543730901
21,40,0.630767377258
21,50,0.703062353452
20,1,0.0286580168574
20,10,0.286580168574
20,20,0.573160337147
20,30,0.613586330207
20,40,0.694438316327
20,50,0.705218362733
19,1,0.0301663335341
19,10,0.301663335341
19,20,0.579224236106
19,30,0.617628929513
19,40,0.697133327929
19,50,0.707374372014
18,1,0.0318422409526
18,10,0.318422409526
18,20,0.585288135065
18,30,0.621671528819
18,40,0.69982833953
18,50,0.709530381296
17,1,0.0337153139498
17,10,0.337153139498
17,20,0.591352034024
17,30,0.625714128125
17,40,0.702523351132
17,50,0.711686390577
16,1,0.0358225210717
16,10,0.358225210717
16,20,0.597415932983
16,30,0.629756727431
16,40,0.705218362733
16,50,0.749490423589
15,1,0.0382106891431
15,10,0.382106891431
15,20,0.603479831942
15,30,0.694438316327
15,40,0.707913374335
15,50,0.751218236438
14,1,0.0409400240819
14,10,0.409400240819
14,20,0.609543730901
14,30,0.698031665129
14,40,0.710608385936
14,50,0.752946049288
13,1,0.0440892567036
13,10,0.440892567036
13,20,0.61560762986
13,30,0.701625013931
13,40,0.749058470377
13,50,0.754673862137
12,1,0.0477633614289
12,10,0.477633614289
12,20,0.621671528819
12,30,0.705218362733
12,40,0.751218236438
12,50,0.777867495376
11,1,0.0521054851952
11,10,0.521054851952
11,20,0.627735427778
11,30,0.708811711535
11,40,0.7533780025
11,50,0.779331627781
10,1,0.0573160337147
10,10,0.573160337147
10,20,0.694438316327
10,30,0.748338548357
10,40,0.777135429174
10,50,0.795437084237
9,1,0.0636844819052
9,10,0.585288135065
9,20,0.69982833953
9,30,0.751218236438
9,40,0.77896559468
9,50,0.796776592356
8,1,0.0716450421434
8,10,0.597415932983
8,20,0.705218362733
8,30,0.75409792452
8,40,0.795437084237
8,50,0.80926586821
7,1,0.0818800481639
7,10,0.609543730901
7,20,0.710608385936
7,30,0.778355539511
7,40,0.797111469386
7,50,0.819862072264
6,1,0.0955267228579
6,10,0.621671528819
6,20,0.751218236438
6,30,0.795437084237
6,40,0.80991642237
6,50,0.829378347159
5,1,0.114632067429
5,10,0.694438316327
5,20,0.777135429174
5,30,0.808832165436
5,40,0.829041609392
5,50,0.845203901133
4,1,0.143290084287
4,10,0.705218362733
4,20,0.795437084237
4,30,0.82029919308
4,40,0.845203901133
4,50,0.859463896223
3,1,0.191053445716
3,10,0.751218236438
3,20,0.80991642237
3,30,0.845203901133
3,40,0.865762923489
3,50,0.883080296879
2,1,0.286580168574
2,10,0.795437084237
2,20,0.845203901133
2,30,0.877418988754
2,40,0.902108401346
2,50,0.921342687175
1,1,0.573160337147
1,10,0.845203901133
1,20,0.902108401346
1,30,0.936437081645
1,40,0.957843181416
1,50,0.971534705643
