0,1,0.3294,0.9150,0.4377,0.8050
0,2,0.2877,0.9350,0.4249,0.8183
0,3,0.2655,0.9450,0.4174,0.8217
0,4,0.2508,0.9550,0.4120,0.8267
0,5,0.2400,0.9550,0.4080,0.8267
0,6,0.2314,0.9550,0.4047,0.8283
0,7,0.2243,0.9600,0.4019,0.8283
0,8,0.2184,0.9600,0.3995,0.8283
0,9,0.2132,0.9600,0.3974,0.8283
0,10,0.2087,0.9600,0.3955,0.8250
0,11,0.2048,0.9600,0.3938,0.8250
0,12,0.2012,0.9600,0.3923,0.8300
0,13,0.1979,0.9600,0.3909,0.8283
0,14,0.1950,0.9600,0.3896,0.8283
0,15,0.1923,0.9600,0.3884,0.8300
0,16,0.1898,0.9600,0.3873,0.8300
0,17,0.1875,0.9650,0.3862,0.8300
0,18,0.1853,0.9650,0.3852,0.8300
0,19,0.1833,0.9650,0.3843,0.8300
0,20,0.1813,0.9650,0.3834,0.8283
0,21,0.1795,0.9650,0.3826,0.8283
0,22,0.1778,0.9650,0.3818,0.8300
0,23,0.1762,0.9650,0.3810,0.8300
0,24,0.1747,0.9650,0.3803,0.8300
0,25,0.1732,0.9650,0.3796,0.8317
0,26,0.1718,0.9650,0.3790,0.8317
0,27,0.1705,0.9650,0.3783,0.8317
0,28,0.1692,0.9650,0.3777,0.8317
0,29,0.1680,0.9650,0.3771,0.8317
0,30,0.1668,0.9650,0.3765,0.8333
0,31,0.1657,0.9650,0.3760,0.8317
0,32,0.1646,0.9650,0.3755,0.8317
0,33,0.1635,0.9650,0.3749,0.8317
0,34,0.1625,0.9650,0.3744,0.8317
0,35,0.1615,0.9650,0.3740,0.8317
0,36,0.1606,0.9650,0.3735,0.8317
0,37,0.1597,0.9650,0.3730,0.8317
0,38,0.1588,0.9650,0.3726,0.8317
0,39,0.1579,0.9650,0.3721,0.8317
0,40,0.1571,0.9650,0.3717,0.8333
3,1,0.3293,0.9150,0.4374,0.8050
3,2,0.2877,0.9400,0.4246,0.8217
3,3,0.2656,0.9450,0.4170,0.8200
3,4,0.2509,0.9550,0.4117,0.8267
3,5,0.2400,0.9550,0.4076,0.8267
3,6,0.2314,0.9550,0.4042,0.8283
3,7,0.2243,0.9600,0.4015,0.8283
3,8,0.2183,0.9600,0.3991,0.8283
3,9,0.2132,0.9600,0.3970,0.8267
3,10,0.2087,0.9600,0.3951,0.8267
3,11,0.2047,0.9600,0.3934,0.8267
3,12,0.2011,0.9600,0.3919,0.8283
3,13,0.1979,0.9600,0.3905,0.8283
3,14,0.1950,0.9600,0.3892,0.8283
3,15,0.1922,0.9600,0.3880,0.8300
3,16,0.1897,0.9600,0.3868,0.8300
3,17,0.1874,0.9650,0.3858,0.8300
3,18,0.1852,0.9650,0.3848,0.8300
3,19,0.1832,0.9650,0.3839,0.8300
3,20,0.1813,0.9650,0.3830,0.8300
3,21,0.1795,0.9650,0.3822,0.8300
3,22,0.1778,0.9650,0.3814,0.8300
3,23,0.1762,0.9650,0.3806,0.8300
3,24,0.1746,0.9650,0.3799,0.8300
3,25,0.1732,0.9650,0.3792,0.8317
3,26,0.1718,0.9650,0.3785,0.8317
3,27,0.1704,0.9650,0.3779,0.8317
3,28,0.1692,0.9650,0.3773,0.8317
3,29,0.1679,0.9650,0.3767,0.8317
3,30,0.1667,0.9650,0.3761,0.8317
3,31,0.1656,0.9650,0.3756,0.8317
3,32,0.1645,0.9650,0.3750,0.8333
3,33,0.1635,0.9650,0.3745,0.8333
3,34,0.1624,0.9650,0.3740,0.8333
3,35,0.1615,0.9650,0.3735,0.8333
3,36,0.1605,0.9650,0.3731,0.8317
3,37,0.1596,0.9650,0.3726,0.8317
3,38,0.1587,0.9650,0.3721,0.8317
3,39,0.1578,0.9650,0.3717,0.8333
3,40,0.1570,0.9650,0.3713,0.8333
9,1,0.3296,0.9100,0.4378,0.8050
9,2,0.2880,0.9400,0.4252,0.8200
9,3,0.2658,0.9450,0.4176,0.8217
9,4,0.2512,0.9550,0.4123,0.8267
9,5,0.2403,0.9550,0.4082,0.8267
9,6,0.2316,0.9550,0.4049,0.8300
9,7,0.2246,0.9550,0.4021,0.8283
9,8,0.2186,0.9600,0.3997,0.8267
9,9,0.2135,0.9600,0.3976,0.8283
9,10,0.2090,0.9600,0.3958,0.8267
9,11,0.2050,0.9600,0.3941,0.8267
9,12,0.2014,0.9600,0.3926,0.8300
9,13,0.1982,0.9600,0.3912,0.8283
9,14,0.1953,0.9600,0.3899,0.8283
9,15,0.1925,0.9600,0.3887,0.8300
9,16,0.1900,0.9600,0.3876,0.8300
9,17,0.1877,0.9650,0.3865,0.8300
9,18,0.1855,0.9650,0.3855,0.8300
9,19,0.1835,0.9650,0.3846,0.8283
9,20,0.1816,0.9650,0.3837,0.8283
9,21,0.1798,0.9650,0.3829,0.8283
9,22,0.1781,0.9650,0.3821,0.8283
9,23,0.1765,0.9650,0.3814,0.8283
9,24,0.1749,0.9650,0.3806,0.8317
9,25,0.1735,0.9650,0.3799,0.8317
9,26,0.1721,0.9650,0.3793,0.8317
9,27,0.1707,0.9650,0.3786,0.8317
9,28,0.1695,0.9650,0.3780,0.8317
9,29,0.1682,0.9650,0.3774,0.8317
9,30,0.1671,0.9650,0.3769,0.8317
9,31,0.1659,0.9650,0.3763,0.8317
9,32,0.1648,0.9650,0.3758,0.8333
9,33,0.1638,0.9650,0.3752,0.8333
9,34,0.1628,0.9650,0.3747,0.8333
9,35,0.1618,0.9650,0.3743,0.8333
9,36,0.1608,0.9650,0.3738,0.8333
9,37,0.1599,0.9650,0.3733,0.8333
9,38,0.1590,0.9650,0.3729,0.8333
9,39,0.1581,0.9650,0.3725,0.8333
9,40,0.1573,0.9650,0.3720,0.8317
15,1,0.3307,0.9100,0.4375,0.8050
15,2,0.2890,0.9400,0.4248,0.8183
15,3,0.2669,0.9450,0.4173,0.8183
15,4,0.2523,0.9550,0.4121,0.8267
15,5,0.2414,0.9550,0.4081,0.8267
15,6,0.2328,0.9550,0.4048,0.8267
15,7,0.2257,0.9550,0.4020,0.8283
15,8,0.2198,0.9600,0.3997,0.8267
15,9,0.2147,0.9600,0.3976,0.8267
15,10,0.2102,0.9600,0.3958,0.8250
15,11,0.2062,0.9600,0.3941,0.8250
15,12,0.2026,0.9600,0.3927,0.8300
15,13,0.1994,0.9600,0.3913,0.8300
15,14,0.1964,0.9600,0.3900,0.8300
15,15,0.1937,0.9600,0.3888,0.8300
15,16,0.1912,0.9600,0.3877,0.8300
15,17,0.1889,0.9650,0.3867,0.8300
15,18,0.1867,0.9650,0.3858,0.8300
15,19,0.1846,0.9650,0.3848,0.8283
15,20,0.1827,0.9650,0.3840,0.8283
15,21,0.1809,0.9650,0.3831,0.8300
15,22,0.1792,0.9650,0.3824,0.8300
15,23,0.1776,0.9650,0.3816,0.8300
15,24,0.1761,0.9650,0.3809,0.8300
15,25,0.1746,0.9650,0.3802,0.8317
15,26,0.1732,0.9650,0.3796,0.8317
15,27,0.1719,0.9650,0.3789,0.8317
15,28,0.1706,0.9650,0.3783,0.8317
15,29,0.1694,0.9650,0.3777,0.8333
15,30,0.1682,0.9650,0.3772,0.8333
15,31,0.1671,0.9650,0.3766,0.8333
15,32,0.1660,0.9650,0.3761,0.8333
15,33,0.1649,0.9650,0.3756,0.8333
15,34,0.1639,0.9650,0.3751,0.8333
15,35,0.1629,0.9650,0.3746,0.8333
15,36,0.1620,0.9650,0.3741,0.8333
15,37,0.1611,0.9650,0.3737,0.8333
15,38,0.1602,0.9650,0.3733,0.8333
15,39,0.1593,0.9650,0.3728,0.8333
15,40,0.1585,0.9650,0.3724,0.8333
21,1,0.3330,0.9100,0.4380,0.8050
21,2,0.2914,0.9350,0.4256,0.8183
21,3,0.2693,0.9450,0.4184,0.8217
21,4,0.2547,0.9550,0.4133,0.8267
21,5,0.2438,0.9550,0.4093,0.8267
21,6,0.2353,0.9550,0.4061,0.8250
21,7,0.2282,0.9550,0.4034,0.8267
21,8,0.2222,0.9550,0.4011,0.8267
21,9,0.2171,0.9600,0.3990,0.8250
21,10,0.2126,0.9600,0.3972,0.8250
21,11,0.2086,0.9600,0.3956,0.8267
21,12,0.2049,0.9600,0.3941,0.8283
21,13,0.2017,0.9600,0.3927,0.8283
21,14,0.1987,0.9600,0.3915,0.8300
21,15,0.1959,0.9600,0.3903,0.8300
21,16,0.1934,0.9600,0.3893,0.8300
21,17,0.1911,0.9600,0.3883,0.8300
21,18,0.1889,0.9600,0.3873,0.8300
21,19,0.1868,0.9650,0.3864,0.8283
21,20,0.1849,0.9650,0.3856,0.8283
21,21,0.1831,0.9650,0.3848,0.8283
21,22,0.1813,0.9650,0.3840,0.8300
21,23,0.1797,0.9650,0.3833,0.8300
21,24,0.1782,0.9650,0.3826,0.8300
21,25,0.1767,0.9650,0.3820,0.8300
21,26,0.1753,0.9650,0.3814,0.8300
21,27,0.1739,0.9650,0.3808,0.8300
21,28,0.1726,0.9650,0.3802,0.8317
21,29,0.1714,0.9650,0.3796,0.8317
21,30,0.1702,0.9650,0.3791,0.8333
21,31,0.1691,0.9650,0.3785,0.8333
21,32,0.1680,0.9650,0.3780,0.8333
21,33,0.1669,0.9650,0.3775,0.8333
21,34,0.1659,0.9650,0.3771,0.8333
21,35,0.1649,0.9650,0.3766,0.8333
21,36,0.1640,0.9650,0.3762,0.8333
21,37,0.1631,0.9650,0.3757,0.8333
21,38,0.1622,0.9650,0.3753,0.8333
21,39,0.1613,0.9650,0.3749,0.8333
21,40,0.1605,0.9650,0.3745,0.8333
27,1,0.3358,0.9050,0.4392,0.8033
27,2,0.2946,0.9300,0.4271,0.8183
27,3,0.2725,0.9450,0.4199,0.8233
27,4,0.2579,0.9550,0.4148,0.8250
27,5,0.2470,0.9550,0.4110,0.8250
27,6,0.2385,0.9550,0.4078,0.8250
27,7,0.2315,0.9550,0.4052,0.8250
27,8,0.2255,0.9550,0.4029,0.8267
27,9,0.2204,0.9550,0.4009,0.8250
27,10,0.2158,0.9600,0.3992,0.8250
27,11,0.2118,0.9600,0.3975,0.8250
27,12,0.2082,0.9600,0.3961,0.8267
27,13,0.2050,0.9600,0.3947,0.8267
27,14,0.2020,0.9600,0.3935,0.8267
27,15,0.1992,0.9600,0.3924,0.8300
27,16,0.1967,0.9600,0.3913,0.8300
27,17,0.1943,0.9600,0.3903,0.8300
27,18,0.1921,0.9600,0.3894,0.8300
27,19,0.1900,0.9600,0.3885,0.8300
27,20,0.1881,0.9600,0.3877,0.8300
27,21,0.1862,0.9650,0.3869,0.8283
27,22,0.1845,0.9650,0.3862,0.8283
27,23,0.1828,0.9650,0.3855,0.8283
27,24,0.1813,0.9650,0.3848,0.8317
27,25,0.1798,0.9650,0.3842,0.8317
27,26,0.1784,0.9650,0.3836,0.8317
27,27,0.1770,0.9650,0.3830,0.8317
27,28,0.1757,0.9650,0.3824,0.8317
27,29,0.1745,0.9650,0.3818,0.8317
27,30,0.1733,0.9650,0.3813,0.8317
27,31,0.1721,0.9650,0.3808,0.8317
27,32,0.1710,0.9650,0.3803,0.8317
27,33,0.1700,0.9650,0.3799,0.8317
27,34,0.1689,0.9650,0.3794,0.8317
27,35,0.1679,0.9650,0.3790,0.8317
27,36,0.1670,0.9650,0.3785,0.8333
27,37,0.1661,0.9650,0.3781,0.8333
27,38,0.1652,0.9650,0.3777,0.8333
27,39,0.1643,0.9650,0.3773,0.8333
27,40,0.1634,0.9650,0.3769,0.8333
33,1,0.3416,0.9050,0.4409,0.8050
33,2,0.3008,0.9300,0.4294,0.8133
33,3,0.2790,0.9450,0.4225,0.8217
33,4,0.2646,0.9550,0.4178,0.8250
33,5,0.2538,0.9550,0.4141,0.8233
33,6,0.2454,0.9550,0.4111,0.8233
33,7,0.2384,0.9550,0.4086,0.8217
33,8,0.2324,0.9550,0.4065,0.8200
33,9,0.2273,0.9550,0.4046,0.8217
33,10,0.2228,0.9600,0.4029,0.8233
33,11,0.2188,0.9600,0.4014,0.8250
33,12,0.2152,0.9600,0.4000,0.8267
33,13,0.2120,0.9600,0.3987,0.8250
33,14,0.2090,0.9600,0.3975,0.8233
33,15,0.2062,0.9600,0.3965,0.8233
33,16,0.2037,0.9600,0.3954,0.8250
33,17,0.2013,0.9600,0.3945,0.8267
33,18,0.1991,0.9600,0.3936,0.8283
33,19,0.1970,0.9600,0.3928,0.8300
33,20,0.1951,0.9600,0.3920,0.8300
33,21,0.1932,0.9600,0.3913,0.8283
33,22,0.1915,0.9600,0.3906,0.8300
33,23,0.1898,0.9600,0.3899,0.8300
33,24,0.1883,0.9600,0.3893,0.8300
33,25,0.1868,0.9600,0.3887,0.8300
33,26,0.1853,0.9600,0.3881,0.8300
33,27,0.1840,0.9650,0.3875,0.8317
33,28,0.1826,0.9650,0.3870,0.8317
33,29,0.1814,0.9650,0.3864,0.8317
33,30,0.1802,0.9650,0.3859,0.8317
33,31,0.1790,0.9650,0.3854,0.8317
33,32,0.1779,0.9650,0.3850,0.8317
33,33,0.1768,0.9650,0.3845,0.8317
33,34,0.1758,0.9650,0.3841,0.8317
33,35,0.1748,0.9650,0.3837,0.8317
33,36,0.1738,0.9650,0.3832,0.8317
33,37,0.1729,0.9650,0.3828,0.8317
33,38,0.1720,0.9650,0.3825,0.8317
33,39,0.1711,0.9650,0.3821,0.8317
33,40,0.1702,0.9650,0.3817,0.8317
39,1,0.3501,0.8900,0.4436,0.8017
39,2,0.3099,0.9300,0.4329,0.8133
39,3,0.2884,0.9350,0.4265,0.8200
39,4,0.2741,0.9450,0.4220,0.8233
39,5,0.2635,0.9500,0.4186,0.8233
39,6,0.2551,0.9550,0.4159,0.8217
39,7,0.2482,0.9550,0.4136,0.8200
39,8,0.2424,0.9550,0.4117,0.8183
39,9,0.2373,0.9550,0.4100,0.8183
39,10,0.2329,0.9600,0.4085,0.8200
39,11,0.2289,0.9600,0.4071,0.8217
39,12,0.2254,0.9600,0.4059,0.8217
39,13,0.2222,0.9600,0.4048,0.8217
39,14,0.2192,0.9600,0.4037,0.8233
39,15,0.2165,0.9600,0.4027,0.8217
39,16,0.2140,0.9600,0.4018,0.8233
39,17,0.2116,0.9600,0.4009,0.8267
39,18,0.2094,0.9600,0.4001,0.8267
39,19,0.2074,0.9600,0.3994,0.8267
39,20,0.2054,0.9600,0.3987,0.8300
39,21,0.2036,0.9600,0.3980,0.8317
39,22,0.2018,0.9600,0.3973,0.8317
39,23,0.2002,0.9600,0.3967,0.8317
39,24,0.1986,0.9600,0.3961,0.8317
39,25,0.1971,0.9600,0.3956,0.8317
39,26,0.1957,0.9600,0.3950,0.8300
39,27,0.1943,0.9600,0.3945,0.8300
39,28,0.1930,0.9600,0.3940,0.8300
39,29,0.1917,0.9600,0.3935,0.8300
39,30,0.1905,0.9600,0.3931,0.8300
39,31,0.1894,0.9600,0.3926,0.8300
39,32,0.1882,0.9600,0.3922,0.8300
39,33,0.1872,0.9600,0.3918,0.8300
39,34,0.1861,0.9600,0.3914,0.8300
39,35,0.1851,0.9600,0.3910,0.8300
39,36,0.1841,0.9600,0.3906,0.8300
39,37,0.1832,0.9600,0.3902,0.8300
39,38,0.1823,0.9600,0.3899,0.8300
39,39,0.1814,0.9600,0.3895,0.8283
39,40,0.1805,0.9600,0.3892,0.8283
45,1,0.3655,0.8650,0.4485,0.8033
45,2,0.3271,0.9100,0.4390,0.8067
45,3,0.3062,0.9200,0.4335,0.8133
45,4,0.2922,0.9350,0.4296,0.8183
45,5,0.2818,0.9450,0.4267,0.8233
45,6,0.2736,0.9450,0.4244,0.8217
45,7,0.2669,0.9500,0.4225,0.8183
45,8,0.2611,0.9500,0.4208,0.8183
45,9,0.2562,0.9500,0.4194,0.8183
45,10,0.2518,0.9500,0.4181,0.8183
45,11,0.2479,0.9500,0.4170,0.8183
45,12,0.2444,0.9500,0.4160,0.8183
45,13,0.2412,0.9600,0.4150,0.8200
45,14,0.2383,0.9600,0.4142,0.8200
45,15,0.2356,0.9600,0.4134,0.8200
45,16,0.2331,0.9600,0.4126,0.8200
45,17,0.2308,0.9600,0.4119,0.8217
45,18,0.2286,0.9600,0.4113,0.8200
45,19,0.2266,0.9600,0.4107,0.8200
45,20,0.2247,0.9600,0.4101,0.8200
45,21,0.2229,0.9600,0.4095,0.8183
45,22,0.2211,0.9600,0.4090,0.8183
45,23,0.2195,0.9600,0.4085,0.8183
45,24,0.2179,0.9600,0.4080,0.8183
45,25,0.2165,0.9600,0.4076,0.8183
45,26,0.2151,0.9600,0.4071,0.8167
45,27,0.2137,0.9600,0.4067,0.8183
45,28,0.2124,0.9600,0.4063,0.8217
45,29,0.2112,0.9600,0.4059,0.8217
45,30,0.2100,0.9600,0.4056,0.8217
45,31,0.2088,0.9600,0.4052,0.8217
45,32,0.2077,0.9600,0.4049,0.8217
45,33,0.2066,0.9600,0.4045,0.8217
45,34,0.2056,0.9600,0.4042,0.8233
45,35,0.2046,0.9600,0.4039,0.8233
45,36,0.2036,0.9600,0.4036,0.8233
45,37,0.2027,0.9600,0.4033,0.8233
45,38,0.2018,0.9600,0.4030,0.8250
45,39,0.2009,0.9600,0.4027,0.8250
45,40,0.2000,0.9600,0.4025,0.8250
51,1,0.3815,0.8550,0.4540,0.8017
51,2,0.3446,0.8950,0.4451,0.8017
51,3,0.3244,0.9100,0.4400,0.8117
51,4,0.3109,0.9200,0.4366,0.8117
51,5,0.3008,0.9250,0.4340,0.8167
51,6,0.2929,0.9300,0.4319,0.8150
51,7,0.2863,0.9350,0.4302,0.8150
51,8,0.2807,0.9400,0.4288,0.8167
51,9,0.2758,0.9450,0.4275,0.8167
51,10,0.2715,0.9500,0.4264,0.8167
51,11,0.2677,0.9500,0.4255,0.8167
51,12,0.2643,0.9500,0.4246,0.8167
51,13,0.2611,0.9500,0.4237,0.8167
51,14,0.2583,0.9500,0.4230,0.8150
51,15,0.2556,0.9500,0.4223,0.8167
51,16,0.2532,0.9500,0.4217,0.8167
51,17,0.2509,0.9500,0.4211,0.8167
51,18,0.2487,0.9500,0.4205,0.8167
51,19,0.2467,0.9500,0.4200,0.8167
51,20,0.2448,0.9500,0.4195,0.8167
51,21,0.2430,0.9500,0.4190,0.8167
51,22,0.2413,0.9500,0.4185,0.8167
51,23,0.2397,0.9500,0.4181,0.8167
51,24,0.2382,0.9500,0.4177,0.8167
51,25,0.2367,0.9500,0.4173,0.8183
51,26,0.2353,0.9500,0.4169,0.8183
51,27,0.2340,0.9600,0.4165,0.8183
51,28,0.2327,0.9600,0.4162,0.8167
51,29,0.2315,0.9600,0.4158,0.8167
51,30,0.2303,0.9600,0.4155,0.8167
51,31,0.2292,0.9600,0.4152,0.8167
51,32,0.2281,0.9600,0.4149,0.8150
51,33,0.2270,0.9600,0.4146,0.8150
51,34,0.2260,0.9600,0.4144,0.8150
51,35,0.2250,0.9600,0.4141,0.8150
51,36,0.2240,0.9600,0.4138,0.8150
51,37,0.2231,0.9600,0.4136,0.8150
51,38,0.2222,0.9600,0.4133,0.8133
51,39,0.2213,0.9600,0.4131,0.8133
51,40,0.2205,0.9600,0.4129,0.8133
57,1,0.3996,0.8500,0.4606,0.7983
57,2,0.3644,0.8750,0.4518,0.8033
57,3,0.3448,0.8950,0.4470,0.8067
57,4,0.3318,0.9000,0.4438,0.8100
57,5,0.3220,0.9150,0.4414,0.8117
57,6,0.3142,0.9200,0.4395,0.8117
57,7,0.3078,0.9250,0.4380,0.8150
57,8,0.3024,0.9250,0.4367,0.8150
57,9,0.2977,0.9300,0.4356,0.8150
57,10,0.2935,0.9300,0.4346,0.8150
57,11,0.2898,0.9300,0.4337,0.8150
57,12,0.2865,0.9300,0.4329,0.8150
57,13,0.2834,0.9300,0.4322,0.8150
57,14,0.2807,0.9400,0.4316,0.8133
57,15,0.2781,0.9450,0.4310,0.8150
57,16,0.2757,0.9450,0.4304,0.8167
57,17,0.2735,0.9450,0.4299,0.8150
57,18,0.2714,0.9450,0.4294,0.8167
57,19,0.2695,0.9450,0.4289,0.8167
57,20,0.2676,0.9450,0.4285,0.8167
57,21,0.2659,0.9450,0.4281,0.8167
57,22,0.2642,0.9450,0.4277,0.8167
57,23,0.2627,0.9450,0.4273,0.8167
57,24,0.2612,0.9450,0.4270,0.8167
57,25,0.2597,0.9450,0.4267,0.8167
57,26,0.2584,0.9500,0.4263,0.8167
57,27,0.2571,0.9500,0.4260,0.8167
57,28,0.2558,0.9500,0.4257,0.8167
57,29,0.2546,0.9500,0.4254,0.8167
57,30,0.2535,0.9500,0.4252,0.8167
57,31,0.2524,0.9500,0.4249,0.8167
57,32,0.2513,0.9500,0.4247,0.8167
57,33,0.2502,0.9500,0.4244,0.8167
57,34,0.2492,0.9500,0.4242,0.8150
57,35,0.2483,0.9500,0.4240,0.8150
57,36,0.2473,0.9500,0.4237,0.8150
57,37,0.2464,0.9500,0.4235,0.8150
57,38,0.2455,0.9500,0.4233,0.8167
57,39,0.2447,0.9500,0.4231,0.8167
57,40,0.2438,0.9500,0.4229,0.8167
63,1,0.4205,0.8250,0.4692,0.7933
63,2,0.3878,0.8550,0.4603,0.7967
63,3,0.3694,0.8650,0.4557,0.8000
63,4,0.3571,0.8700,0.4528,0.8033
63,5,0.3479,0.8750,0.4506,0.8050
63,6,0.3405,0.8900,0.4489,0.8100
63,7,0.3345,0.9000,0.4475,0.8117
63,8,0.3293,0.9000,0.4463,0.8100
63,9,0.3248,0.9050,0.4454,0.8100
63,10,0.3209,0.9100,0.4445,0.8133
63,11,0.3174,0.9150,0.4437,0.8133
63,12,0.3142,0.9200,0.4430,0.8133
63,13,0.3113,0.9200,0.4424,0.8117
63,14,0.3086,0.9200,0.4418,0.8117
63,15,0.3062,0.9200,0.4413,0.8117
63,16,0.3039,0.9200,0.4408,0.8133
63,17,0.3018,0.9200,0.4404,0.8133
63,18,0.2998,0.9200,0.4399,0.8117
63,19,0.2979,0.9250,0.4395,0.8117
63,20,0.2962,0.9250,0.4392,0.8117
63,21,0.2945,0.9250,0.4388,0.8133
63,22,0.2929,0.9250,0.4385,0.8133
63,23,0.2914,0.9300,0.4382,0.8133
63,24,0.2900,0.9300,0.4379,0.8133
63,25,0.2886,0.9300,0.4376,0.8133
63,26,0.2873,0.9350,0.4373,0.8100
63,27,0.2861,0.9350,0.4371,0.8100
63,28,0.2849,0.9400,0.4368,0.8117
63,29,0.2837,0.9400,0.4366,0.8117
63,30,0.2826,0.9400,0.4363,0.8133
63,31,0.2815,0.9400,0.4361,0.8133
63,32,0.2805,0.9400,0.4359,0.8133
63,33,0.2795,0.9400,0.4357,0.8133
63,34,0.2785,0.9400,0.4355,0.8133
63,35,0.2776,0.9400,0.4353,0.8133
63,36,0.2767,0.9400,0.4351,0.8133
63,37,0.2758,0.9400,0.4349,0.8133
63,38,0.2750,0.9400,0.4348,0.8133
63,39,0.2741,0.9400,0.4346,0.8133
63,40,0.2733,0.9400,0.4344,0.8133
69,1,0.4424,0.8000,0.4788,0.7900
69,2,0.4118,0.8350,0.4697,0.7933
69,3,0.3946,0.8400,0.4651,0.7883
69,4,0.3830,0.8550,0.4622,0.7933
69,5,0.3744,0.8600,0.4601,0.7900
69,6,0.3675,0.8600,0.4585,0.7933
69,7,0.3618,0.8650,0.4572,0.7983
69,8,0.3570,0.8650,0.4561,0.8017
69,9,0.3528,0.8700,0.4551,0.8017
69,10,0.3491,0.8700,0.4543,0.8033
69,11,0.3458,0.8700,0.4536,0.8050
69,12,0.3429,0.8750,0.4530,0.8067
69,13,0.3401,0.8850,0.4524,0.8067
69,14,0.3377,0.8900,0.4519,0.8100
69,15,0.3354,0.8950,0.4514,0.8100
69,16,0.3332,0.8950,0.4510,0.8100
69,17,0.3312,0.8950,0.4506,0.8100
69,18,0.3294,0.8950,0.4502,0.8117
69,19,0.3276,0.8950,0.4499,0.8100
69,20,0.3260,0.8950,0.4495,0.8100
69,21,0.3244,0.9100,0.4492,0.8100
69,22,0.3229,0.9100,0.4489,0.8100
69,23,0.3215,0.9100,0.4487,0.8100
69,24,0.3202,0.9100,0.4484,0.8100
69,25,0.3189,0.9100,0.4482,0.8083
69,26,0.3176,0.9100,0.4479,0.8100
69,27,0.3165,0.9100,0.4477,0.8100
69,28,0.3153,0.9100,0.4475,0.8100
69,29,0.3142,0.9100,0.4473,0.8083
69,30,0.3132,0.9100,0.4471,0.8083
69,31,0.3122,0.9100,0.4469,0.8083
69,32,0.3112,0.9100,0.4467,0.8083
69,33,0.3103,0.9100,0.4465,0.8083
69,34,0.3094,0.9100,0.4464,0.8083
69,35,0.3085,0.9100,0.4462,0.8100
69,36,0.3076,0.9100,0.4460,0.8100
69,37,0.3068,0.9100,0.4459,0.8117
69,38,0.3060,0.9100,0.4457,0.8117
69,39,0.3052,0.9100,0.4456,0.8117
69,40,0.3045,0.9100,0.4455,0.8117
75,1,0.4806,0.7950,0.4984,0.7850
75,2,0.4534,0.7950,0.4879,0.7867
75,3,0.4381,0.8150,0.4829,0.7900
75,4,0.4278,0.8250,0.4797,0.7850
75,5,0.4202,0.8250,0.4775,0.7817
75,6,0.4141,0.8300,0.4758,0.7833
75,7,0.4091,0.8300,0.4745,0.7817
75,8,0.4048,0.8300,0.4734,0.7817
75,9,0.4011,0.8300,0.4725,0.7817
75,10,0.3978,0.8450,0.4717,0.7817
75,11,0.3948,0.8450,0.4710,0.7833
75,12,0.3922,0.8450,0.4703,0.7833
75,13,0.3898,0.8450,0.4698,0.7867
75,14,0.3875,0.8450,0.4693,0.7883
75,15,0.3855,0.8500,0.4688,0.7883
75,16,0.3836,0.8500,0.4684,0.7883
75,17,0.3818,0.8500,0.4680,0.7883
75,18,0.3801,0.8500,0.4677,0.7883
75,19,0.3786,0.8500,0.4673,0.7883
75,20,0.3771,0.8550,0.4670,0.7900
75,21,0.3757,0.8550,0.4667,0.7900
75,22,0.3744,0.8600,0.4664,0.7933
75,23,0.3731,0.8600,0.4662,0.7950
75,24,0.3719,0.8600,0.4659,0.7950
75,25,0.3708,0.8600,0.4657,0.7950
75,26,0.3697,0.8600,0.4655,0.7967
75,27,0.3686,0.8650,0.4653,0.7983
75,28,0.3676,0.8650,0.4651,0.7983
75,29,0.3667,0.8650,0.4649,0.7983
75,30,0.3657,0.8650,0.4647,0.7983
75,31,0.3648,0.8650,0.4645,0.7967
75,32,0.3640,0.8650,0.4644,0.7967
75,33,0.3631,0.8650,0.4642,0.7967
75,34,0.3623,0.8650,0.4640,0.7967
75,35,0.3615,0.8650,0.4639,0.7983
75,36,0.3608,0.8650,0.4637,0.7983
75,37,0.3600,0.8650,0.4636,0.7983
75,38,0.3593,0.8650,0.4635,0.7983
75,39,0.3586,0.8650,0.4633,0.7983
75,40,0.3579,0.8650,0.4632,0.8000
81,1,0.5645,0.7100,0.5508,0.7483
81,2,0.5442,0.7350,0.5368,0.7550
81,3,0.5325,0.7550,0.5299,0.7633
81,4,0.5247,0.7600,0.5254,0.7700
81,5,0.5189,0.7700,0.5222,0.7733
81,6,0.5143,0.7700,0.5197,0.7733
81,7,0.5105,0.7650,0.5177,0.7733
81,8,0.5074,0.7600,0.5161,0.7717
81,9,0.5046,0.7650,0.5147,0.7717
81,10,0.5021,0.7650,0.5135,0.7750
81,11,0.4999,0.7750,0.5124,0.7783
81,12,0.4979,0.7750,0.5115,0.7800
81,13,0.4961,0.7750,0.5106,0.7800
81,14,0.4945,0.7750,0.5099,0.7833
81,15,0.4930,0.7800,0.5092,0.7833
81,16,0.4916,0.7800,0.5085,0.7850
81,17,0.4903,0.7800,0.5079,0.7850
81,18,0.4890,0.7850,0.5074,0.7817
81,19,0.4879,0.7800,0.5069,0.7817
81,20,0.4868,0.7800,0.5064,0.7817
81,21,0.4858,0.7800,0.5060,0.7817
81,22,0.4848,0.7850,0.5055,0.7817
81,23,0.4839,0.7900,0.5052,0.7817
81,24,0.4830,0.7900,0.5048,0.7850
81,25,0.4822,0.7900,0.5044,0.7850
81,26,0.4814,0.7900,0.5041,0.7850
81,27,0.4806,0.7900,0.5038,0.7850
81,28,0.4798,0.7900,0.5035,0.7850
81,29,0.4791,0.7900,0.5032,0.7867
81,30,0.4784,0.7900,0.5029,0.7867
81,31,0.4778,0.7900,0.5027,0.7867
81,32,0.4772,0.7900,0.5024,0.7883
81,33,0.4765,0.7900,0.5022,0.7867
81,34,0.4760,0.7900,0.5020,0.7867
81,35,0.4754,0.7900,0.5017,0.7867
81,36,0.4748,0.7900,0.5015,0.7867
81,37,0.4743,0.7900,0.5013,0.7867
81,38,0.4738,0.7900,0.5011,0.7867
81,39,0.4733,0.7900,0.5009,0.7867
81,40,0.4728,0.7900,0.5007,0.7850
84,1,0.6990,0.4850,0.6723,0.6100
84,2,0.6975,0.4850,0.6702,0.6167
84,3,0.6967,0.4950,0.6691,0.6150
84,4,0.6961,0.5000,0.6683,0.6183
84,5,0.6957,0.5050,0.6678,0.6250
84,6,0.6954,0.5050,0.6673,0.6267
84,7,0.6951,0.5050,0.6669,0.6267
84,8,0.6948,0.5050,0.6666,0.6267
84,9,0.6946,0.5000,0.6664,0.6267
84,10,0.6944,0.5000,0.6661,0.6267
84,11,0.6943,0.5050,0.6659,0.6283
84,12,0.6941,0.5050,0.6657,0.6283
84,13,0.6940,0.5050,0.6655,0.6283
84,14,0.6939,0.5050,0.6654,0.6300
84,15,0.6937,0.5050,0.6652,0.6283
84,16,0.6936,0.5050,0.6651,0.6283
84,17,0.6935,0.5050,0.6649,0.6283
84,18,0.6934,0.5050,0.6648,0.6283
84,19,0.6933,0.5050,0.6647,0.6267
84,20,0.6933,0.5050,0.6646,0.6250
84,21,0.6932,0.5050,0.6645,0.6250
84,22,0.6931,0.5050,0.6644,0.6250
84,23,0.6930,0.5050,0.6643,0.6250
84,24,0.6930,0.5050,0.6642,0.6250
84,25,0.6929,0.5050,0.6641,0.6250
84,26,0.6928,0.5050,0.6640,0.6250
84,27,0.6928,0.5050,0.6640,0.6250
84,28,0.6927,0.5050,0.6639,0.6250
84,29,0.6926,0.5050,0.6638,0.6250
84,30,0.6926,0.5050,0.6637,0.6250
84,31,0.6925,0.5050,0.6637,0.6250
84,32,0.6925,0.5050,0.6636,0.6250
84,33,0.6924,0.5050,0.6635,0.6250
84,34,0.6924,0.5050,0.6635,0.6250
84,35,0.6923,0.5050,0.6634,0.6250
84,36,0.6923,0.5050,0.6634,0.6250
84,37,0.6922,0.5050,0.6633,0.6250
84,38,0.6922,0.5050,0.6633,0.6250
84,39,0.6922,0.5050,0.6632,0.6250
84,40,0.6921,0.5050,0.6632,0.6250
