1,0.9994979367629108
2,0.9963224595170166
3,0.9882163460779911
4,0.9838547503592681
5,0.9765841609753788
6,0.9713729430558306
7,0.9667439213642949
8,0.962556083889015
9,0.9578643126625043
10,0.9475414875008478
11,0.940109352733919
12,0.9315698424804596
13,0.926667130460724
14,0.9216256596685755
15,0.9142412987490038
16,0.9050139225686175
17,0.8983322528032156
18,0.8931997071503446
19,0.8880644751881003
20,0.880614545186026
21,0.8734874407113847
22,0.8676577047671253
23,0.860287491374773
24,0.8549501387811187
25,0.848512652578286
26,0.8427695896028121
27,0.8370166215345763
28,0.8310634366132247
29,0.8261766379443966
30,0.8213204692902089
31,0.8154455424344137
32,0.8077813638628412
33,0.8013832692124029
34,0.7920848102792489
35,0.7851273903131778
36,0.7773954561865399
37,0.7710270731703505
38,0.7634338192751451
39,0.7516408742548225
40,0.7454450421458004
41,0.7374099739483198
42,0.7307231142814619
43,0.7242320515014221
44,0.7166187448415274
45,0.7099557655492786
46,0.7021707907190304
47,0.6959958746061176
48,0.69005167757709
49,0.6843240739737508
50,0.678220391342656
51,0.6723163700265357
52,0.6655049944878304
53,0.6599594130622259
54,0.6545986093522463
55,0.6494125045734029
56,0.6413734487312664
57,0.6362214984980779
58,0.629856401219755
59,0.6249979890626142
60,0.6202829430330304
61,0.6157042123378454
62,0.6112552010737814
63,0.6055505919957983
64,0.6010959112001443
65,0.5967124346234355
66,0.5924932185042583
67,0.587941265824612
68,0.5835100396274795
69,0.5791942909353599
70,0.5749890707123241
71,0.5708897087413688
72,0.5666856986343951
73,0.5625856660396152
74,0.558585395652481
75,0.553112748806921
76,0.5477257196699901
77,0.5434052678564459
78,0.5388066953050865
79,0.5343181011335261
80,0.5299353611525225
81,0.5256545548364994
82,0.5212909330444828
83,0.5170271395229952
84,0.5128596089766605
85,0.5087849438887088
86,0.5045172706497357
87,0.5004456031464897
88,0.4964621200530233
89,0.4925638488611419
90,0.48874794917412595
91,0.48484855164166824
92,0.481030418331935
93,0.4772909278183867
94,0.4736275702245494
95,0.4700379413529585
96,0.46651973718104384
97,0.46307074869747517
98,0.45968885705465007
99,0.45637202901497026
100,0.45311831267034136
101,0.44992583341596
102,0.44679279016093637
103,0.4437174517596583
104,0.44055535728441386
105,0.43745092634853094
106,0.43440252696504666
107,0.4314085881558563
108,0.4284675971272294
109,0.425578096600802
110,0.42273868229015027
111,0.4198141941416386
112,0.4168073517676139
113,0.4138522166287135
114,0.4109474280082237
115,0.4080916725187074
116,0.4051556339107935
117,0.4022687299359288
118,0.3994297114085275
119,0.39663737113243513
120,0.3938905421513689
121,0.3911880960861132
122,0.3885289415534925
123,0.3859120226624668
124,0.3833363175829976
125,0.38068199472584147
126,0.37806917440219395
127,0.37549687623724753
128,0.372964150492908
129,0.36910245599142444
130,0.36663881748290744
131,0.3642120743973978
132,0.36182138820255433
133,0.35946594558505396
134,0.3571449575095829
135,0.35485765831965166
136,0.35260330487807917
137,0.35038117574512034
138,0.3481905703923271
139,0.3460308084503434
140,0.34390122898893744
141,0.34180118982767144
142,0.3397300668756975
143,0.33768725349925427
144,0.3356721599155179
145,0.3336842126115362
146,0.33172285378704003
147,0.32978754081999906
148,0.3278777457538434
149,0.3259929548053336
150,0.32403360790289515
151,0.32209983274571274
152,0.32009336646463316
153,0.3181129897498167
154,0.31615819436295944
155,0.3142284851815848
156,0.3123233797786643
157,0.31044240801830386
158,0.308585111666784
159,0.30675104401827746
160,0.30493976953460294
161,0.3031508634984031
162,0.3013839116791693
163,0.29963851001155856
164,0.2979142642854802
165,0.2962107898474518
166,0.2945277113127496
167,0.2928646622879007
168,0.29122128510308615
169,0.2895972305540452
170,0.28799215765308755
171,0.2864057333888434
172,0.28483763249439337
173,0.2832875372234403
174,0.2817551371341999
175,0.2802401288806999
176,0.27874221601119475
177,0.2772611087734133
178,0.2757965239263715
179,0.2743481845584927
180,0.2729158199117908
181,0.2714991652118817
182,0.2700979615035985
183,0.2687119554919964
184,0.2673408993885427
185,0.2659845507622944
186,0.2646426723958772
187,0.2633150321460853
188,0.2620014028089299
189,0.2607015619889724
190,0.2594152919727834
191,0.2581423796063769
192,0.2568826161764752
193,0.25563579729546404
194,0.25440172278990714
195,0.25318019659248964
196,0.25197102663727083
197,0.25077402475812577
198,0.24958900659026542
199,0.24841579147472578
200,0.24725420236572196
201,0.24610406574076837
202,0.24496521151346826
203,0.24383747294888083
204,0.2427206865813781
205,0.24161469213490513
206,0.24051933244556337
207,0.23943445338643787
208,0.23835990379459293
209,0.2372955354001632
210,0.2362412027574713
211,0.23519676317810392
212,0.23416207666588193
213,0.2331370058536625
214,0.2321214159419128
215,0.23111517463899842
216,0.2301181521031299
217,0.22913022088591503
218,0.228151255877464
219,0.22718113425299916
220,0.22621973542092091
221,0.22526694097228264
222,0.22432263463163246
223,0.2233867022091769
224,0.22245903155422578
225,0.22153951250987913
226,0.2206280368689164
227,0.2197244983308525
228,0.21882879246012285
229,0.21794081664536502
230,0.217060470059762
231,0.21618765362241574
232,0.21532226996071932
233,0.21446422337369886
234,0.2136134197962943
235,0.21276976676455314
236,0.21193317338170847
237,0.2111035502851161
238,0.21028080961402484
239,0.20946486497815645
240,0.20865563142707075
241,0.20785302542029313
242,0.20705696479818347
243,0.20626736875352367
244,0.20548415780380402
245,0.20470725376418866
246,0.20393657972113957
247,0.20317206000668242
248,0.20241362017329376
249,0.20166118696939453
250,0.2009146883154309
251,0.2001740532805271
252,0.19943921205969428
253,0.19871009595157987
254,0.19798663733674235
255,0.19726876965643722
256,0.1965564273919004
257,0.19584954604411528
258,0.1950904392765024
259,0.1943371943372109
260,0.1935897435897601
261,0.1928480204342438
262,0.1921119592875482
263,0.1913814955640214
264,0.19065656565658196
265,0.18993710691825516
266,0.18922305764412642
267,0.18851435705369898
268,0.18781094527364792
269,0.18711276332095772
270,0.18641975308643563
271,0.18573185731858902
272,0.1850490196078589
273,0.18437118437120006
274,0.18369829683699865
275,0.18303030303031864
276,0.18236714975846965
277,0.18170878459688675
278,0.1810551558753152
279,0.18040621266429258
280,0.1797619047619201
281,0.17912218268091684
282,0.17848699763594902
283,0.17785630153122836
284,0.17723004694837194
285,0.17660818713451798
286,0.175990675990691
287,0.17537746806040985
288,0.1747685185185334
289,0.17416378316033784
290,0.17356321839081942
291,0.17296678121421868
292,0.172374429223759
293,0.171786120591596
294,0.1712018140589715
295,0.17062146892656824
296,0.17004504504505955
297,0.1694725028058506
298,0.16890380313200548
299,0.16833890746935656
300,0.1677777777777921
