2,0.0725,0.0,14,14,6.999967,6.999983
3,0.3484,0.0,14,14,14,4.533314,4.566655,4.533325
4,0.6424,0.0,14,14,14,14,3.3333,3.366638,3.399974,3.366643
5,0.7666,0.0,14,14,14,14,14,2.733305,2.699977,2.699979,2.733313,2.733315
6,0.8481,0.0,14,14,14,14,14,14,2.199965,2.199968,2.19997,2.166639,2.199973,2.199986
7,0.8855,0.0,14,14,14,14,14,14,14,1.89997,1.899973,1.933307,1.899975,1.899975,1.899979,1.899987
8,0.9137,0.0,14,14,14,14,14,14,14,14,1.666102,1.666105,1.699428,1.632785,1.632785,1.632786,1.666116,1.632804
9,0.9345,0.0,14,14,14,14,14,14,14,14,14,1.399284,1.46592,1.432604,1.365972,1.499237,1.499239,1.432606,1.432612,1.432617
10,0.9488,0.0,14,14,14,14,14,14,14,14,14,14,1.266624,1.366623,1.233295,1.366625,1.233296,1.266632,1.2333,1.233308,1.233316,1.29999
2,0.0833,0.0,14,14,6.433322,6.433327
3,0.3861,0.0,14,14,14,4.399993,4.433329,4.399997
4,0.6529,0.0,14,14,14,14,3.299991,3.36666,3.266661,3.33333
5,0.7878,0.0,14,14,14,14,14,2.599981,2.599983,2.599984,2.566651,2.599986
6,0.8474,0.0,14,14,14,14,14,14,2.198908,2.165592,2.19891,2.165594,2.232229,2.23223
7,0.8878,0.0,14,14,14,14,14,14,14,1.866639,1.899974,1.899974,1.899975,1.866642,1.866651,1.899991
8,0.9188,0.0,14,14,14,14,14,14,14,14,1.599975,1.599976,1.63331,1.599977,1.566645,1.633312,1.599986,1.599992
9,0.9354,0.0,14,14,14,14,14,14,14,14,14,1.466631,1.4333,1.4333,1.399968,1.533299,1.399975,1.399981,1.466653,1.333327
10,0.9472,0.0,14,14,14,14,14,14,14,14,14,14,1.366637,1.26664,1.266641,1.233309,1.266642,1.366647,1.299982,1.266655,1.26666,1.333332
