2,0.2844,0.705,311,311,11.733326,11.733327
3,0.2203,0.705,311,311,311,11.899988,11.89999,11.899992
4,0.2837,0.705,311,311,311,311,11.79993,11.799934,11.799936,11.79994
5,0.2844,0.705,311,311,311,311,311,11.73326,11.733261,11.733264,11.733266,11.733279
6,0.2847,0.705,311,311,311,311,311,311,11.699824,11.699827,11.699834,11.699839,11.699895,11.699945
7,0.2851,0.705,311,311,311,311,311,311,311,11.666496,11.666497,11.666503,11.666506,11.666519,11.666566,11.666613
8,0.2885,0.705,311,311,311,311,311,311,311,311,11.366391,11.366395,11.366398,11.366401,11.366453,11.366501,11.36655,11.366607
9,0.2889,0.705,311,311,311,311,311,311,311,311,311,11.332888,11.332897,11.332899,11.332927,11.332988,11.333,11.333082,11.333166,11.333251
10,0.2874,0.705,311,311,311,311,311,311,311,311,311,311,11.466252,11.466258,11.466268,11.466275,11.466331,11.466336,11.466412,11.466486,11.466569,11.466647
2,0.2203,0.705,311,311,11.899992,11.899994
3,0.221,0.705,311,311,311,11.833318,11.833323,11.833325
4,0.284,0.705,311,311,311,311,11.7666,11.766601,11.766604,11.766607
5,0.2837,0.705,311,311,311,311,311,11.799924,11.799929,11.799931,11.799934,11.799945
6,0.2851,0.705,311,311,311,311,311,311,11.666498,11.6665,11.666505,11.666509,11.666562,11.666612
7,0.2847,0.705,311,311,311,311,311,311,311,11.699825,11.699825,11.699827,11.69983,11.699842,11.699892,11.699942
8,0.2851,0.705,311,311,311,311,311,311,311,311,11.666436,11.666437,11.66644,11.666442,11.666499,11.666548,11.6666,11.666653
9,0.2866,0.705,311,311,311,311,311,311,311,311,311,11.533049,11.533051,11.533057,11.53307,11.533122,11.53313,11.533176,11.533226,11.533276
10,0.2877,0.705,311,311,311,311,311,311,311,311,311,311,11.432968,11.432975,11.432984,11.432999,11.433059,11.433064,11.433143,11.433217,11.433301,11.433312
