3,0.0417,0.2271,0.0,33,69,39,8,6,8
6,0.0662,0.2046,0.0,33,69,39,33,57,39,8,6,8,8,6,8
9,0.0483,0.2186,0.0,33,69,33,33,57,39,33,69,39,8,6,8,8,6,8,8,6,8
12,0.0671,0.2091,0.0163,33,57,63,33,69,63,33,69,69,33,69,69,8,6,8,8,6,8,8,6,8,8,6,8
15,0.0628,0.2152,0.017,57,57,57,57,69,57,57,69,57,57,69,57,57,69,57,8,6,8,8,6,8,8,6,8,8,6,8,8,6,8
18,0.0946,0.2026,0.0313,57,57,75,57,69,75,57,69,75,57,69,75,57,69,75,57,69,75,8,6,7,8,6,7,8,6,6,8,6,6,8,6,6,8,6,6
21,0.1034,0.2023,0.034,57,57,75,57,69,75,57,69,75,75,69,75,75,69,75,75,69,75,75,69,75,8,6,7,8,6,6,7,6,6,8,6,6,8,6,6,8,6,6,8,6,6
24,0.1295,0.2024,0.0361,75,57,75,75,69,75,75,69,75,75,69,75,75,69,75,75,69,75,75,69,75,75,69,75,8,6,6,8,6,6,8,6,6,8,6,6,8,6,6,8,6,5,8,6,5,8,6,5
27,0.1296,0.2088,0.0386,75,57,75,75,69,75,75,69,75,75,69,75,75,69,75,75,75,75,75,75,75,75,75,75,75,75,75,8,6,6,8,6,6,8,6,6,8,6,6,8,6,6,8,6,5,8,6,5,8,6,5,8,6,5
30,0.135,0.2134,0.0407,75,57,75,75,69,75,75,75,75,75,75,75,75,75,75,75,75,75,75,75,75,75,75,75,75,75,75,75,75,75,8,6,6,8,6,6,8,6,6,8,6,6,8,6,5,8,6,5,8,6,5,8,6,5,8,6,5,8,6,5
