3,0.0779,0.402,0.0,33,45,39,5,7,8
6,0.1007,0.3876,0.0,33,45,39,51,45,39,5,7,8,5,7,8
9,0.2237,0.5281,0.2227,33,69,81,51,75,81,51,75,81,4,6,12,5,8,12,5,8,12
12,0.2741,0.5254,0.2331,33,75,81,57,75,81,45,75,81,45,75,81,4,6,12,5,6,12,4,6,12,4,6,12
15,0.1921,0.4083,0.05,33,63,75,51,63,75,51,75,75,51,75,75,51,75,75,5,5,6,5,5,6,5,8,5,5,8,5,5,8,5
18,0.2456,0.3747,0.0203,51,63,75,39,39,75,51,39,75,51,39,75,51,39,75,51,39,75,5,5,5,5,5,5,5,5,5,5,5,5,5,5,5,5,5,5
21,0.1586,0.3896,0.0024,51,51,51,51,51,51,51,51,51,51,51,51,51,51,51,51,51,51,51,51,51,5,7,5,5,7,5,5,7,5,5,7,5,5,7,5,5,7,5,5,7,5
24,0.1774,0.5248,0.1917,57,75,75,57,75,75,57,75,81,57,75,81,57,75,81,57,75,81,57,75,81,57,75,81,5,8,6,5,8,5,5,8,12,5,8,12,5,8,12,5,8,12,5,8,12,5,8,12
27,0.2304,0.5334,0.2333,57,75,81,57,75,81,57,75,81,57,75,81,57,75,81,57,75,81,57,75,81,57,75,81,57,75,81,5,7,12,5,7,12,5,7,12,5,7,12,5,7,12,5,6,12,5,6,12,5,6,12,5,6,12
30,0.2875,0.5242,0.2333,57,75,81,57,75,81,57,75,81,57,75,81,57,75,81,57,75,81,57,75,81,57,75,81,57,75,81,57,75,81,5,5,12,5,5,12,5,5,12,5,5,12,5,5,12,5,5,12,5,5,12,5,5,12,4,5,12,4,5,12
