3,0.039,0.1881,0.0,33,45,39,8,7,8
6,0.0521,0.1782,0.0,33,45,39,33,45,39,8,7,8,8,7,8
9,0.0844,0.1756,0.0273,33,39,75,57,51,75,57,45,75,7,7,7,8,7,7,8,6,7
12,0.0488,0.1805,0.0012,33,45,45,33,45,45,33,45,45,33,45,45,8,7,8,8,7,8,8,7,8,8,7,8
15,0.0585,0.1807,0.0122,33,33,57,33,51,57,57,51,57,57,51,57,57,51,57,7,7,8,7,7,8,8,7,8,8,7,8,8,7,8
18,0.058,0.1864,0.0256,57,57,57,57,57,57,57,57,63,57,57,63,57,57,63,57,57,63,8,7,8,8,7,8,8,7,8,8,7,8,8,7,8,8,7,8
21,0.0597,0.1903,0.0335,57,57,75,57,57,75,57,57,75,57,57,75,57,57,75,57,57,75,57,57,75,8,7,8,8,7,8,8,7,8,8,7,8,8,7,8,8,7,8,8,7,8
24,0.4085,0.3412,0.3045,57,75,81,75,75,81,75,75,81,75,75,81,75,75,81,75,75,81,81,75,81,81,75,81,4,5,12,4,4,12,4,4,12,4,4,12,4,4,12,4,4,12,15,4,12,15,4,12
27,0.3619,0.3999,0.3721,57,75,81,75,75,81,75,75,81,75,75,81,81,75,81,81,75,81,81,75,81,81,75,81,81,75,81,4,5,12,4,5,12,4,4,12,4,4,12,15,4,12,15,4,12,15,4,12,15,4,12,15,4,12
30,0.3334,0.4463,0.4262,57,75,81,75,75,81,81,75,81,81,75,81,81,75,81,81,75,81,81,75,81,81,75,81,81,75,81,81,75,81,4,5,12,4,5,12,15,4,12,15,4,12,15,4,12,15,4,12,15,4,12,15,4,12,15,4,12,15,4,12
