4,0.0972,0.3864,0.0,69,51,33,39,6,5,7,8
8,0.0875,0.386,0.0,69,51,33,39,69,51,45,39,6,5,7,8,6,5,7,8
12,0.1137,0.3692,0.0133,69,51,33,63,69,51,45,75,69,51,45,75,6,5,7,6,6,5,7,7,6,5,7,7
16,0.0977,0.3775,0.0014,69,51,33,33,69,51,33,51,69,51,33,51,69,51,33,51,6,5,7,8,6,5,7,8,6,5,7,8,6,5,7,8
20,0.1324,0.3641,0.0153,75,51,51,75,69,51,51,75,69,51,51,75,69,51,51,75,69,51,51,75,6,5,7,6,6,5,6,6,6,5,6,6,6,5,6,6,6,5,6,6
24,0.1643,0.4409,0.096,75,57,75,75,75,57,75,75,75,57,75,75,75,57,75,75,75,57,75,81,75,57,75,81,6,5,8,6,6,5,8,5,6,5,8,5,6,5,8,5,6,5,8,12,6,5,8,12
28,0.2137,0.4947,0.1793,75,57,75,81,75,57,75,81,75,57,75,81,75,57,75,81,75,57,75,81,75,57,75,81,75,57,75,81,6,5,7,12,6,5,7,12,6,5,7,12,6,5,7,12,6,5,6,12,6,5,6,12,6,5,6,12
32,0.336,0.4791,0.1793,75,57,75,81,75,57,75,81,75,57,75,81,75,57,75,81,75,57,75,81,75,57,75,81,75,57,75,81,75,57,75,81,5,5,5,12,4,5,5,12,4,5,5,12,4,5,5,12,4,5,5,12,4,5,5,12,4,5,5,12,4,5,5,12
36,0.4324,0.5691,0.2724,57,75,75,81,81,75,75,81,81,75,75,81,81,75,75,81,81,75,75,81,81,75,75,81,81,75,75,81,81,75,81,81,81,75,81,81,4,3,3,12,8,3,3,12,8,3,3,12,8,3,3,12,8,3,3,12,8,3,3,12,8,3,3,12,8,3,15,12,8,3,15,12
40,0.3817,0.6251,0.3374,57,75,75,81,81,75,75,81,81,75,75,81,81,75,75,81,81,75,81,81,81,75,81,81,81,75,81,81,81,75,81,81,81,75,81,81,81,75,81,81,4,4,3,12,8,4,3,12,8,3,3,12,8,3,3,12,8,3,15,12,8,3,15,12,8,3,15,12,8,3,15,12,8,3,15,12,8,3,15,12
