4,0.1301,0.4311,0.0,69,51,45,33,6,5,7,8
8,0.1159,0.437,0.0,69,51,45,33,69,51,45,33,6,5,7,8,6,5,7,8
12,0.1266,0.4286,0.0,69,51,33,33,69,51,33,33,69,51,33,33,6,5,7,8,6,5,7,8,6,5,7,8
16,0.1531,0.4273,0.0153,75,51,63,63,69,51,57,75,69,51,57,75,69,51,57,75,6,5,6,8,6,5,5,8,6,5,6,8,6,5,6,8
20,0.3929,0.5553,0.1682,57,75,75,75,81,75,75,75,81,75,75,75,81,75,75,81,81,75,75,81,4,5,4,4,8,5,4,4,8,5,4,4,8,5,4,15,8,5,4,15
24,0.3595,0.6352,0.2699,57,75,75,81,81,75,75,81,81,75,75,81,81,75,75,81,81,75,75,81,81,75,75,81,4,5,4,15,8,5,4,15,8,5,4,15,8,5,4,15,8,5,4,15,8,5,3,15
28,0.4004,0.6358,0.2714,57,75,75,81,81,75,75,81,81,75,75,81,81,75,75,81,81,75,75,81,81,75,75,81,81,75,75,81,4,5,3,15,8,5,3,15,8,5,3,15,8,4,3,15,8,4,3,15,8,4,3,15,8,4,3,15
32,0.4549,0.639,0.2726,57,75,75,81,81,75,75,81,81,75,75,81,81,75,75,81,81,75,75,81,81,75,75,81,81,75,75,81,81,75,75,81,4,4,3,15,8,4,3,15,8,3,3,15,8,3,3,15,8,3,3,15,8,3,3,15,8,3,3,15,8,3,3,15
36,0.4637,0.685,0.3302,57,75,75,81,81,75,75,81,81,75,75,81,81,75,75,81,81,75,75,81,81,75,75,81,81,75,81,81,81,75,81,81,81,75,81,81,4,4,3,15,8,3,3,15,8,3,3,15,8,3,3,15,8,3,3,15,8,3,3,15,8,3,15,15,8,3,15,15,8,3,15,15
40,0.4136,0.7208,0.3763,57,75,75,81,81,75,75,81,81,75,75,81,81,75,75,81,81,75,81,81,81,75,81,81,81,75,81,81,81,75,81,81,81,75,81,81,81,75,81,81,4,3,3,15,8,3,3,15,8,3,3,15,8,3,3,15,8,3,15,15,8,3,15,15,8,3,15,15,8,3,15,15,8,3,15,15,8,3,15,15
