4,0.0738,0.3999,0.0,33,69,51,39,8,6,5,8
8,0.0958,0.3843,0.0,33,69,51,39,33,69,51,39,8,6,5,8,8,6,5,8
12,0.0955,0.3832,0.0,33,69,51,33,33,69,51,33,33,69,51,33,8,6,5,8,8,6,5,8,8,6,5,8
16,0.1084,0.3898,0.0244,75,69,51,75,51,69,51,75,51,69,51,75,51,69,51,75,8,6,5,8,8,6,5,8,8,6,5,8,8,6,5,8
20,0.122,0.3836,0.027,75,69,51,75,75,69,51,75,75,69,51,75,75,69,51,75,75,69,51,75,8,6,5,7,8,6,5,7,8,6,5,7,8,6,5,7,8,6,5,6
24,0.1509,0.3818,0.0299,75,69,51,75,75,69,51,75,75,75,51,75,75,75,51,75,75,75,51,75,75,75,51,75,8,6,5,6,8,6,5,6,8,6,5,6,8,6,5,5,8,6,5,5,8,6,5,5
28,0.2522,0.5786,0.2896,57,81,75,81,75,81,75,81,75,81,75,81,75,81,75,81,81,81,75,81,81,81,75,81,81,81,75,81,4,8,5,12,5,8,5,12,5,8,5,12,5,8,5,12,15,8,5,12,15,8,5,12,15,8,5,12
32,0.2427,0.6201,0.3429,57,81,75,81,75,81,75,81,81,81,75,81,81,81,75,81,81,81,75,81,81,81,75,81,81,81,75,81,81,81,75,81,4,8,5,12,6,8,5,12,15,8,5,12,15,8,5,12,15,8,5,12,15,8,5,12,15,8,5,12,15,8,5,12
36,0.2569,0.6345,0.366,57,81,75,81,81,81,75,81,81,81,75,81,81,81,75,81,81,81,75,81,81,81,75,81,81,81,75,81,81,81,75,81,81,81,75,81,4,8,5,12,15,8,5,12,15,8,5,12,15,8,5,12,15,8,5,12,15,8,5,12,15,8,4,12,15,8,4,12,15,8,4,12
40,0.2882,0.6375,0.3679,57,81,75,81,81,81,75,81,81,81,75,81,81,81,75,81,81,81,75,81,81,81,75,81,81,81,75,81,81,81,75,81,81,81,75,81,81,81,75,81,4,8,4,12,15,8,4,12,15,8,4,12,15,8,4,12,15,8,4,12,15,8,4,12,15,8,4,12,15,8,4,12,15,8,4,12,15,8,4,12
