3,0.097,0.2753,0.012,57,45,57,6,7,8
6,0.0974,0.2778,0.0,69,45,33,69,45,33,6,7,8,6,7,8
9,0.1,0.2717,0.0,69,45,33,69,45,33,69,45,33,6,7,8,6,7,8,6,7,7
12,0.1034,0.2796,0.0142,69,57,57,69,57,57,69,57,57,69,57,57,6,7,8,6,7,8,6,7,8,6,7,8
15,0.1041,0.2798,0.0142,69,57,57,69,57,57,69,57,57,69,57,57,69,57,57,6,7,8,6,7,8,6,7,8,6,7,8,6,7,8
18,0.1174,0.2734,0.0182,69,57,57,69,57,75,69,57,75,69,57,75,69,57,75,69,57,75,6,7,8,6,7,8,6,6,8,6,6,8,6,6,8,6,6,8
21,0.1577,0.2695,0.0206,69,57,75,69,57,75,69,57,75,69,57,75,69,57,75,75,57,75,75,57,75,6,6,8,6,6,8,6,5,8,6,5,8,6,5,8,6,5,8,6,6,8
24,0.4469,0.4177,0.1945,57,75,75,81,75,75,81,75,75,81,75,75,81,75,75,81,75,75,81,75,81,81,75,81,4,4,4,8,4,4,8,4,4,8,4,4,8,4,4,8,4,4,8,4,15,8,4,15
27,0.4129,0.4697,0.2632,57,75,75,81,75,75,81,75,75,81,75,75,81,75,81,81,75,81,81,75,81,81,75,81,81,75,81,4,4,4,8,4,4,8,4,4,8,4,4,8,4,15,8,4,15,8,4,15,8,4,15,8,4,15
30,0.3812,0.5282,0.3182,57,75,75,81,75,75,81,75,81,81,75,81,81,75,81,81,75,81,81,75,81,81,75,81,81,75,81,81,75,81,4,5,4,8,4,4,8,4,15,8,4,15,8,4,15,8,4,15,8,4,15,8,4,15,8,4,15,8,4,15
