3,0.0805,0.4411,0.0,69,51,39,6,5,8
6,0.0952,0.4301,0.0,69,51,33,69,51,39,6,5,8,6,5,8
9,0.0969,0.4253,0.0,69,51,33,69,51,39,69,51,39,6,5,8,6,5,8,6,5,8
12,0.0928,0.4292,0.0,69,51,33,69,51,33,69,51,33,69,51,33,6,5,8,6,5,8,6,5,8,6,5,8
15,0.0962,0.4272,0.0,69,51,33,69,51,33,69,51,33,69,51,33,69,51,33,6,5,8,6,5,8,6,5,8,6,5,8,6,5,8
18,0.1829,0.5139,0.158,69,33,69,69,51,81,69,51,81,69,51,81,69,51,81,69,51,81,6,5,8,6,5,12,6,5,12,6,5,12,6,5,12,6,5,12
21,0.1756,0.4595,0.0727,75,51,75,75,51,75,75,51,75,75,51,75,75,51,75,75,51,81,75,51,81,6,5,6,6,5,5,6,5,5,6,5,5,6,5,5,6,5,12,6,5,12
24,0.1841,0.4581,0.0671,75,57,75,75,57,75,75,57,75,75,57,75,75,57,75,75,57,75,75,57,81,75,57,81,6,5,5,6,5,5,6,5,5,6,5,5,6,5,5,6,5,5,6,5,12,6,5,12
27,0.1946,0.5293,0.1735,75,57,75,75,57,81,75,57,81,75,57,81,75,57,81,75,57,81,75,57,81,75,57,81,75,57,81,6,5,6,6,5,12,6,5,12,6,5,12,6,5,12,6,5,12,6,5,12,6,5,12,6,5,12
30,0.2911,0.5321,0.1921,75,57,81,75,57,81,75,57,81,75,57,81,75,57,81,75,57,81,75,57,81,75,57,81,75,57,81,75,57,81,5,5,12,5,5,12,5,5,12,5,5,12,4,5,12,4,5,12,4,5,12,4,5,12,4,5,12,4,5,12
