2,0.0318,0.144,0.0,45,39,7,8
4,0.0407,0.1363,0.0,45,39,33,39,7,8,7,8
6,0.0437,0.1337,0.0,33,39,45,39,45,39,7,8,7,8,7,8
8,0.0407,0.1363,0.0,33,39,45,39,45,39,45,39,7,8,7,8,7,8,7,8
10,0.0731,0.1317,0.02,33,75,45,69,45,57,45,57,45,75,7,7,7,7,7,6,7,6,7,7
12,0.09,0.1278,0.0287,45,69,45,75,39,75,45,75,51,75,51,75,7,7,7,6,7,6,7,6,7,6,7,6
14,0.0507,0.1442,0.0264,45,63,39,69,45,69,45,69,45,69,45,69,45,69,7,8,7,8,7,8,7,8,7,8,7,8,7,8
16,0.0473,0.1432,0.02,33,63,51,57,45,63,45,63,45,63,45,63,45,63,45,63,7,8,7,8,7,8,7,8,7,8,7,8,7,8,7,8
18,0.0554,0.1414,0.0218,51,63,51,63,51,63,51,63,51,63,51,63,51,63,51,63,51,63,7,8,7,8,7,8,7,8,6,8,7,8,6,8,7,8,6,8
20,0.0602,0.1382,0.0172,57,57,57,57,57,57,57,57,57,57,57,57,57,57,57,75,57,75,57,75,7,7,7,7,7,7,7,7,7,7,7,7,7,7,7,8,7,8,7,8
