3,0.087,0.4136,0.0,33,51,39,8,5,8
6,0.0957,0.3969,0.0,33,51,39,33,51,39,8,5,8,8,5,8
9,0.104,0.4076,0.0189,33,51,75,33,51,75,33,51,69,8,5,8,8,5,8,8,5,7
12,0.0913,0.4052,0.0,33,51,33,33,51,33,33,51,33,33,51,33,8,5,8,8,5,8,8,5,8,8,5,8
15,0.1025,0.401,0.0118,33,51,51,33,51,51,33,51,69,33,51,69,33,51,69,8,5,7,8,5,7,8,5,8,8,5,8,8,5,8
18,0.1236,0.4014,0.0209,75,51,51,51,51,51,51,51,51,51,51,51,51,51,75,51,51,75,8,5,7,8,5,7,8,5,6,8,5,6,8,5,8,8,5,8
21,0.204,0.4213,0.0837,75,51,75,75,51,75,75,51,75,75,51,75,75,51,75,75,51,81,75,51,81,7,5,5,6,5,5,6,5,5,6,5,5,6,5,5,6,5,12,6,5,12
24,0.2493,0.5967,0.3435,57,75,81,75,75,81,75,75,81,81,75,81,81,75,81,81,75,81,81,75,81,81,75,81,4,5,12,5,5,12,5,5,12,15,5,12,15,5,12,15,5,12,15,5,12,15,5,12
27,0.2672,0.6294,0.4019,57,75,81,81,75,81,81,75,81,81,75,81,81,75,81,81,75,81,81,75,81,81,75,81,81,75,81,4,5,12,15,5,12,15,5,12,15,5,12,15,5,12,15,5,12,15,5,12,15,5,12,15,5,12
30,0.2709,0.6311,0.4044,57,75,81,81,75,81,81,75,81,81,75,81,81,75,81,81,75,81,81,75,81,81,75,81,81,75,81,81,75,81,4,5,12,15,5,12,15,5,12,15,5,12,15,5,12,15,4,12,15,4,12,15,4,12,15,4,12,15,4,12
