2,0.0768,0.2571,0.0,45,33,7,8
4,0.075,0.2565,0.0,45,33,45,33,7,8,7,8
6,0.0756,0.2567,0.0,45,33,45,33,45,33,7,8,7,8,7,8
8,0.075,0.2565,0.0,45,33,45,33,45,33,45,33,7,8,7,8,7,8,7,8
10,0.0754,0.2566,0.0,45,33,45,33,45,33,45,33,45,33,7,8,7,8,7,8,7,8,7,8
12,0.0793,0.2536,0.0,45,33,45,33,45,33,45,33,45,33,45,33,7,8,7,8,7,8,7,8,7,8,7,7
14,0.0882,0.2513,0.0129,45,33,45,33,45,57,39,57,45,57,45,57,45,57,7,7,7,7,7,8,7,8,7,8,7,8,7,8
16,0.0953,0.2512,0.018,33,57,51,57,51,57,51,57,51,57,51,57,51,57,51,57,6,8,7,8,7,8,7,8,7,8,7,8,6,8,6,8
18,0.5508,0.3112,0.1619,57,75,75,75,75,75,75,75,75,75,75,75,75,75,75,81,75,81,3,4,5,4,5,4,4,4,4,4,4,4,4,4,4,15,4,15
20,0.54,0.3674,0.2216,57,75,75,75,75,75,75,75,75,75,75,75,75,81,75,81,75,81,75,81,3,4,4,4,4,4,4,4,4,4,4,4,4,15,4,15,4,15,4,15
