4,0.0884,0.3691,0.0,33,51,45,39,8,5,7,8
8,0.0996,0.3643,0.0145,33,51,45,75,33,51,45,75,8,5,7,8,8,5,7,7
12,0.093,0.3603,0.0031,33,51,45,51,33,51,45,57,33,51,45,57,8,5,7,8,8,5,7,8,8,5,7,8
16,0.1184,0.3473,0.0018,33,51,33,51,33,51,33,51,33,51,33,51,33,51,33,51,7,5,7,6,7,5,7,6,7,5,7,6,7,5,7,6
20,0.3592,0.5011,0.2553,57,75,75,81,75,75,75,81,75,75,75,81,81,75,75,81,81,75,75,81,4,5,5,12,4,5,5,12,4,5,4,12,15,5,4,12,15,5,4,12
24,0.3471,0.5678,0.3273,57,75,75,81,81,75,75,81,81,75,75,81,81,75,75,81,81,75,75,81,81,75,75,81,4,5,4,12,15,5,4,12,15,5,4,12,15,5,4,12,15,5,3,12,15,5,3,12
28,0.4067,0.5663,0.3313,57,75,75,81,81,75,75,81,81,75,75,81,81,75,75,81,81,75,75,81,81,75,75,81,81,75,75,81,4,5,3,12,15,4,3,12,15,4,3,12,15,4,3,12,15,4,3,12,15,4,3,12,15,4,3,12
32,0.4523,0.5728,0.3343,57,75,75,81,81,75,75,81,81,75,75,81,81,75,75,81,81,75,75,81,81,75,75,81,81,75,75,81,81,75,75,81,4,4,3,12,15,3,3,12,15,3,3,12,15,3,3,12,15,3,3,12,15,3,3,12,15,3,3,12,15,3,3,12
36,0.4037,0.6203,0.4124,57,75,75,81,81,75,75,81,81,75,75,81,81,75,75,81,81,75,75,81,81,75,81,81,81,75,81,81,81,75,81,81,81,75,81,81,4,4,3,12,15,3,3,12,15,3,3,12,15,3,3,12,15,3,3,12,15,3,15,12,15,3,15,12,15,3,15,12,15,3,15,12
40,0.3858,0.654,0.4578,57,75,75,81,81,75,75,81,81,75,75,81,81,75,81,81,81,75,81,81,81,75,81,81,81,75,81,81,81,75,81,81,81,75,81,81,81,75,81,81,4,3,3,12,15,3,3,12,15,3,3,12,15,3,15,12,15,3,15,12,15,3,15,12,15,3,15,12,15,3,15,12,15,3,15,12,15,3,15,12
