5,0.0877,0.3608,0.0,33,69,51,45,39,8,6,5,7,8
10,0.1135,0.3513,0.0109,33,69,51,45,69,33,69,51,45,69,8,6,5,7,7,8,6,5,7,7
15,0.1071,0.3606,0.0197,75,69,51,51,75,51,69,51,51,75,51,69,51,51,75,8,6,5,7,8,8,6,5,7,8,8,6,5,7,8
20,0.164,0.3462,0.0225,75,69,51,51,75,75,69,51,51,75,75,69,51,51,75,75,75,51,51,75,8,6,5,6,6,8,6,5,6,5,8,6,5,5,5,8,6,5,6,5
25,0.3489,0.5175,0.2559,57,81,75,75,81,75,81,75,75,81,75,81,75,75,81,81,81,75,75,81,81,81,75,75,81,4,8,5,4,12,4,8,5,4,12,4,8,5,4,12,15,8,5,4,12,15,8,5,4,12
30,0.3383,0.5772,0.3135,57,81,75,75,81,81,81,75,75,81,81,81,75,75,81,81,81,75,75,81,81,81,75,75,81,81,81,75,75,81,4,8,5,4,12,15,8,5,3,12,15,8,5,3,12,15,8,5,3,12,15,8,5,3,12,15,8,5,3,12
35,0.3892,0.5827,0.3167,57,81,75,75,81,81,81,75,75,81,81,81,75,75,81,81,81,75,75,81,81,81,75,75,81,81,81,75,75,81,81,81,75,75,81,4,8,4,3,12,15,8,4,3,12,15,8,4,3,12,15,8,4,3,12,15,8,4,3,12,15,8,3,3,12,15,8,3,3,12
40,0.3909,0.6058,0.3532,57,81,75,75,81,81,81,75,75,81,81,81,75,75,81,81,81,75,75,81,81,81,75,75,81,81,81,75,75,81,81,81,75,81,81,81,81,75,81,81,4,8,4,3,12,15,8,3,3,12,15,8,3,3,12,15,8,3,3,12,15,8,3,3,12,15,8,3,3,12,15,8,3,15,12,15,8,3,15,12
45,0.3499,0.6474,0.4118,57,81,75,75,81,81,81,75,75,81,81,81,75,75,81,81,81,75,81,81,81,81,75,81,81,81,81,75,81,81,81,81,75,81,81,81,81,75,81,81,81,81,75,81,81,4,8,4,3,12,15,8,3,3,12,15,8,3,3,12,15,8,3,15,12,15,8,3,15,12,15,8,3,15,12,15,8,3,15,12,15,8,3,15,12,15,8,3,15,12
50,0.3292,0.6815,0.4588,57,81,75,81,81,81,81,75,81,81,81,81,75,81,81,81,81,75,81,81,81,81,75,81,81,81,81,75,81,81,81,81,75,81,81,81,81,75,81,81,81,81,75,81,81,81,81,75,81,81,4,8,4,15,12,15,8,3,15,12,15,8,3,15,12,15,8,3,15,12,15,8,3,15,12,15,8,3,15,12,15,8,3,15,12,15,8,3,15,12,15,8,3,15,12,15,8,3,15,12
