3,0.0674,0.2029,0.0,69,33,39,6,7,8
6,0.0722,0.1968,0.0,69,33,39,69,45,39,6,7,8,6,7,8
9,0.0648,0.2009,0.0,69,33,33,69,45,39,69,45,39,6,7,8,6,7,8,6,7,8
12,0.077,0.2029,0.0145,69,33,33,69,33,75,69,33,75,69,33,75,6,7,7,6,7,8,6,7,8,6,7,8
15,0.069,0.2035,0.0061,69,33,63,69,45,45,69,45,57,69,45,57,69,45,57,6,7,8,6,7,8,6,7,8,6,7,8,6,7,8
18,0.0757,0.2096,0.0215,69,57,75,69,57,75,69,57,75,69,57,75,69,57,75,69,57,75,6,7,8,6,7,8,6,7,8,6,7,8,6,7,8,6,7,8
21,0.1038,0.1867,0.0176,69,51,63,69,45,69,69,45,69,69,45,69,69,45,69,69,51,69,69,51,69,6,7,6,6,7,6,6,7,6,6,7,6,6,7,6,6,7,6,6,7,6
24,0.1201,0.1804,0.0197,69,57,57,69,57,75,69,57,75,69,57,75,69,57,75,69,57,75,69,57,75,69,57,75,6,6,6,6,6,6,6,6,6,6,6,6,6,6,6,6,6,6,6,6,6,6,6,6
27,0.1764,0.2226,0.059,69,57,75,69,57,75,69,75,75,69,75,75,69,75,75,75,75,75,75,75,75,75,75,75,75,75,75,6,5,6,6,5,5,6,8,5,6,8,5,6,8,5,6,8,5,6,8,5,6,8,5,6,8,5
30,0.1662,0.2694,0.1049,57,75,75,75,75,75,75,75,75,75,75,75,75,75,75,75,75,75,75,75,75,75,75,75,75,75,81,75,75,81,5,8,5,6,8,5,6,8,5,6,8,5,6,8,5,6,8,5,6,8,5,6,8,5,6,8,12,6,8,12
