4,0.0545,0.2292,0.0,33,57,45,39,8,6,7,8
8,0.0693,0.2172,0.0,33,69,45,39,33,69,45,39,8,6,7,8,8,6,7,8
12,0.0689,0.2236,0.0144,57,69,57,57,57,69,57,57,57,69,57,57,8,6,7,8,8,6,7,8,8,6,7,8
16,0.0768,0.2251,0.0252,57,69,57,75,57,69,57,75,57,69,57,75,57,69,57,75,8,6,7,8,8,6,7,8,8,6,7,8,8,6,7,8
20,0.1155,0.2051,0.0273,57,69,57,75,57,69,57,75,75,69,57,75,75,69,57,75,75,69,57,75,8,6,6,7,7,6,6,6,8,6,6,6,8,6,6,6,8,6,6,6
24,0.151,0.229,0.0511,75,69,57,75,75,69,57,75,75,69,75,75,75,69,75,75,75,69,75,75,75,69,75,75,8,6,5,6,8,6,6,5,8,6,8,5,8,6,8,5,8,6,8,5,8,6,8,5
28,0.1497,0.242,0.0558,75,69,57,75,75,69,57,75,75,75,75,75,75,75,75,75,75,75,75,75,75,75,75,75,75,75,75,75,8,6,5,6,8,6,5,5,8,6,8,5,8,6,8,5,8,6,8,5,8,6,8,5,8,6,8,5
32,0.3468,0.4343,0.3137,57,81,75,81,75,81,75,81,75,81,75,81,75,81,75,81,75,81,75,81,81,81,75,81,81,81,75,81,81,81,75,81,4,8,4,12,4,8,4,12,4,8,4,12,4,8,4,12,4,8,4,12,15,8,4,12,15,8,4,12,15,8,4,12
36,0.3264,0.4699,0.3621,57,81,75,81,75,81,75,81,75,81,75,81,81,81,75,81,81,81,75,81,81,81,75,81,81,81,75,81,81,81,75,81,81,81,75,81,4,8,4,12,4,8,4,12,4,8,4,12,15,8,4,12,15,8,4,12,15,8,4,12,15,8,4,12,15,8,4,12,15,8,4,12
40,0.3069,0.5051,0.4008,57,81,75,81,81,81,75,81,81,81,75,81,81,81,75,81,81,81,75,81,81,81,75,81,81,81,75,81,81,81,75,81,81,81,75,81,81,81,75,81,4,8,4,12,15,8,4,12,15,8,4,12,15,8,4,12,15,8,4,12,15,8,4,12,15,8,4,12,15,8,4,12,15,8,4,12,15,8,4,12
