2,0.0357,0.2025,0.0,69,39,6,8
4,0.0506,0.1835,0.0,69,33,57,39,6,8,6,8
6,0.0456,0.1898,0.0,69,33,57,39,69,39,6,8,6,8,6,8
8,0.0506,0.1835,0.0,69,33,57,39,69,39,69,39,6,8,6,8,6,8,6,8
10,0.0476,0.1873,0.0,69,33,57,39,69,39,69,39,69,39,6,8,6,8,6,8,6,8,6,8
12,0.05,0.193,0.0074,69,57,57,57,69,57,69,57,69,57,69,57,6,8,6,8,6,8,6,8,6,8,6,8
14,0.0524,0.1895,0.0074,69,57,57,57,69,57,69,57,69,57,69,57,69,57,6,8,6,8,6,8,6,8,6,8,6,8,6,8
16,0.051,0.1915,0.0074,69,57,57,57,69,57,69,57,69,57,69,57,69,57,69,57,6,8,6,8,6,8,6,8,6,8,6,8,6,8,6,8
18,0.0668,0.1849,0.0194,69,57,57,57,69,57,69,57,69,75,69,75,69,75,69,75,69,75,6,7,6,7,6,7,6,7,6,8,6,8,6,8,6,8,6,8
20,0.0652,0.1923,0.0289,69,75,57,75,69,75,69,75,69,75,69,75,69,75,69,75,69,75,69,75,6,8,6,8,6,8,6,8,6,8,6,8,6,8,6,8,6,8,6,8
