2,0.03,0.1488,0.0,33,39,8,8
4,0.03,0.1488,0.0,33,39,33,39,8,8,8,8
6,0.03,0.1488,0.0,33,39,33,39,33,39,8,8,8,8,8,8
8,0.03,0.1488,0.0,33,39,33,39,33,39,33,39,8,8,8,8,8,8,8,8
10,0.03,0.1488,0.0,33,33,33,33,33,33,33,33,33,39,8,8,8,8,8,8,8,8,8,8
12,0.0372,0.1569,0.023,33,63,33,57,33,69,33,69,33,69,33,69,8,8,8,8,8,8,8,8,8,8,7,8
14,0.0446,0.1528,0.0218,33,63,33,63,33,63,33,63,33,63,33,63,33,63,8,8,8,8,8,8,7,8,7,8,7,8,7,8
16,0.0384,0.1563,0.033,33,63,33,63,33,63,57,63,57,63,57,63,57,63,57,63,8,8,8,8,8,8,8,8,8,8,8,8,8,8,8,8
18,0.0457,0.1518,0.0302,57,57,57,57,57,57,57,57,57,57,57,57,57,57,57,75,57,75,8,8,8,7,8,7,8,7,8,7,8,7,8,7,8,8,8,8
20,0.0417,0.1559,0.0384,57,57,57,57,57,57,57,57,57,75,57,75,57,75,57,75,57,75,57,75,8,8,8,8,8,8,8,7,8,8,8,8,8,8,8,8,8,8,8,8
