2,0.1473,0.6127,0.0,51,69,5,6
4,0.1467,0.6091,0.0,51,69,51,69,5,6,5,6
6,0.1469,0.6103,0.0,51,69,51,69,33,69,5,6,5,6,5,6
8,0.1467,0.6091,0.0,51,69,51,69,51,69,51,69,5,6,5,6,5,6,5,6
10,0.1468,0.6098,0.0,51,69,51,69,51,69,51,69,51,69,5,6,5,6,5,6,5,6,5,6
12,0.1467,0.6091,0.0,51,69,51,69,51,69,51,69,51,69,51,69,5,6,5,6,5,6,5,6,5,6,5,6
14,0.1468,0.6096,0.0,51,69,51,69,51,69,51,69,51,69,51,69,51,69,5,6,5,6,5,6,5,6,5,6,5,6,5,6
16,0.1467,0.6091,0.0,51,69,51,69,51,69,51,69,51,69,51,69,51,69,51,69,5,6,5,6,5,6,5,6,5,6,5,6,5,6,5,6
18,0.1468,0.6095,0.0,51,69,51,69,51,69,51,69,51,69,51,69,51,69,51,69,51,69,5,6,5,6,5,6,5,6,5,6,5,6,5,6,5,6,5,6
20,0.1467,0.6091,0.0,51,69,51,69,51,69,51,69,51,69,51,69,51,69,51,69,51,69,51,69,5,6,5,6,5,6,5,6,5,6,5,6,5,6,5,6,5,6,5,6
