2,0.1086,0.2715,0.0,45,69,7,6
4,0.1104,0.2734,0.0,45,69,45,69,7,6,7,6
6,0.1098,0.2728,0.0,45,69,45,69,39,69,7,6,7,6,7,6
8,0.1104,0.2734,0.0,33,69,45,69,45,69,45,69,7,6,7,6,7,6,7,6
10,0.11,0.273,0.0,33,69,45,69,45,69,45,69,45,69,7,6,7,6,7,6,7,6,7,6
12,0.1104,0.2741,0.0,33,69,45,69,45,69,51,69,51,69,51,69,7,6,7,6,7,6,7,6,7,6,7,6
14,0.1101,0.2732,0.0,45,69,45,69,45,69,45,69,45,69,45,69,45,69,7,6,7,6,7,6,7,6,7,6,7,6,7,6
16,0.1125,0.2775,0.0033,57,69,57,69,57,69,57,69,57,69,57,69,57,69,57,69,7,6,7,6,7,6,7,6,7,6,7,6,7,6,7,6
18,0.1122,0.2773,0.0033,57,69,57,69,57,69,57,69,57,69,57,69,57,69,57,69,57,69,7,6,7,6,7,6,7,6,7,6,7,6,7,6,7,6,7,6
20,0.1125,0.2775,0.0033,57,69,57,69,57,69,57,69,57,69,57,69,57,69,57,69,57,69,57,69,7,6,7,6,7,6,7,6,7,6,7,6,7,6,7,6,7,6,7,6
