2,0.1315,0.5769,0.0,45,51,7,5
4,0.1442,0.5692,0.0,45,51,33,51,7,5,7,5
6,0.14,0.5717,0.0,45,51,33,51,45,51,7,5,7,5,7,5
8,0.1442,0.5692,0.0,33,51,45,51,45,51,45,51,7,5,7,5,7,5,7,5
10,0.1416,0.5707,0.0,33,51,45,51,45,51,45,51,45,51,7,5,7,5,7,5,7,5,7,5
12,0.1442,0.5692,0.0,33,51,45,51,45,51,45,51,45,51,45,51,7,5,7,5,7,5,7,5,7,5,7,5
14,0.1424,0.5703,0.0,33,51,45,51,45,51,45,51,45,51,45,51,45,51,7,5,7,5,7,5,7,5,7,5,7,5,7,5
16,0.1378,0.5735,0.0,33,51,45,51,45,51,45,51,45,51,51,51,51,51,51,51,7,5,7,5,7,5,7,5,7,5,7,5,7,5,7,5
18,0.1371,0.5742,0.0,33,51,33,51,33,51,33,51,51,51,51,51,51,51,51,51,51,51,7,5,7,5,7,5,7,5,7,5,7,5,7,5,7,5,7,5
20,0.1547,0.5712,0.0072,51,51,51,51,51,51,51,51,51,51,51,51,51,51,69,51,69,51,69,51,7,5,6,5,6,5,6,5,6,5,6,5,6,5,8,5,8,5,8,5
