2,0.0062,0.9938,0.0,45,45,8.133307,8.133317
3,0.056,0.944,0.0,45,45,45,5.533248,5.566583,5.499928
4,0.144,0.856,0.0,45,45,45,45,4.366635,4.366644,4.366646,4.333318
5,0.2098,0.7902,0.0,45,45,45,45,45,3.666599,3.666601,3.63327,3.699943,3.633281
6,0.4064,0.5936,0.0,45,45,45,45,45,45,3.199921,3.13326,3.166597,3.166602,3.199937,3.166609
7,0.579,0.421,0.0,45,45,45,45,45,45,45,2.666595,2.699931,2.699935,2.666606,2.633276,2.666613,2.666614
8,0.6696,0.3304,0.0,45,45,45,45,45,45,45,45,2.333269,2.366603,2.399937,2.399939,2.333277,2.366612,2.366613,2.366615
9,0.7406,0.2594,0.0,45,45,45,45,45,45,45,45,45,2.13326,2.066598,1.966604,2.03327,2.166602,2.099941,2.133275,2.133278,2.133282
10,0.7943,0.2057,0.0,45,45,45,45,45,45,45,45,45,45,1.766605,1.966599,1.833271,1.866604,1.933269,1.866606,1.89994,1.899943,1.833279,1.799948
2,0.0062,0.9938,0.0,45,45,8.1333,8.133317
3,0.0557,0.9443,0.0,45,45,45,5.566638,5.533307,5.566648
4,0.1434,0.8566,0.0,45,45,45,45,4.433316,4.366653,4.333323,4.366658
5,0.1954,0.8046,0.0,45,45,45,45,45,3.666634,3.66664,3.733311,3.69998,3.699985
6,0.4169,0.5831,0.0,45,45,45,45,45,45,3.132979,3.166313,3.132985,3.166319,3.132993,3.132995
7,0.5639,0.4361,0.0,45,45,45,45,45,45,45,2.733252,2.733256,2.699928,2.733263,2.699932,2.733266,2.699938
8,0.6567,0.3433,0.0,45,45,45,45,45,45,45,45,2.433256,2.433258,2.399928,2.433263,2.366601,2.433266,2.399939,2.399941
9,0.7407,0.2593,0.0,45,45,45,45,45,45,45,45,45,2.099944,2.199943,2.033284,2.09995,2.06662,2.099956,2.099958,2.099962,2.066631
10,0.7951,0.2049,0.0,45,45,45,45,45,45,45,45,45,45,1.899925,1.866596,1.833266,1.899932,1.899934,1.79994,1.899939,1.799944,1.833278,1.899945
2,0.0062,0.9938,0.0,45,45,8.166598,8.166609
3,0.0557,0.9443,0.0,45,45,45,5.566633,5.533308,5.566649
4,0.144,0.856,0.0,45,45,45,45,4.333308,4.39998,4.366649,4.333319
5,0.1896,0.8104,0.0,45,45,45,45,45,3.699967,3.699971,3.699975,3.699979,3.733319
6,0.4311,0.5689,0.0,45,45,45,45,45,45,3.133247,3.066587,3.099922,3.099925,3.099929,3.133267
7,0.5639,0.4361,0.0,45,45,45,45,45,45,45,2.699927,2.699931,2.733268,2.733269,2.699941,2.733276,2.733277
8,0.6696,0.3304,0.0,45,45,45,45,45,45,45,45,2.43326,2.333268,2.366604,2.333273,2.366606,2.333276,2.399944,2.366615
9,0.7408,0.2592,0.0,45,45,45,45,45,45,45,45,45,2.066604,2.066605,2.066608,2.133274,2.099943,2.133276,2.099945,2.133278,2.066615
2,0.0062,0.9938,0.0,45,45,8.166638,8.166651
3,0.0563,0.9437,0.0,45,45,45,5.533266,5.466605,5.533276
2,0.0062,0.9938,0.0,45,45,8.133262,8.133272
3,0.0563,0.9437,0.0,45,45,45,5.466641,5.566645,5.499986
4,0.1437,0.8563,0.0,45,45,45,45,4.333298,4.399977,4.333317,4.399986
5,0.1926,0.8074,0.0,45,45,45,45,45,3.699657,3.699658,3.69966,3.699662,3.699664
6,0.4214,0.5786,0.0,45,45,45,45,45,45,3.098572,3.131895,3.1319,3.165222,3.131905,3.131909
7,0.585,0.415,0.0,45,45,45,45,45,45,45,2.63325,2.666586,2.666589,2.666594,2.633267,2.666602,2.633273
8,0.6638,0.3362,0.0,45,45,45,45,45,45,45,45,2.366584,2.399921,2.366592,2.399928,2.399929,2.399931,2.399934,2.366604
9,0.7408,0.2592,0.0,45,45,45,45,45,45,45,45,45,2.099923,2.099924,2.066594,2.066598,2.066601,2.099935,2.13327,2.133272,2.099942
10,0.7914,0.2086,0.0,45,45,45,45,45,45,45,45,45,45,1.866583,1.833253,1.866589,1.866591,1.866593,1.933258,1.866596,1.833265,1.899931,1.966598
2,0.0062,0.9938,0.0,45,45,8.133305,8.133319
3,0.056,0.944,0.0,45,45,45,5.533315,5.499986,5.566658
4,0.1434,0.8566,0.0,45,45,45,45,4.333309,4.366648,4.399984,4.399987
5,0.1896,0.8104,0.0,45,45,45,45,45,3.699912,3.666586,3.733258,3.699929,3.733268
6,0.4168,0.5832,0.0,45,45,45,45,45,45,3.166577,3.13325,3.166588,3.099927,3.166594,3.133263
7,0.5775,0.4225,0.0,45,45,45,45,45,45,45,2.699921,2.666593,2.666594,2.666597,2.633265,2.699931,2.699936
8,0.6616,0.3384,0.0,45,45,45,45,45,45,45,45,2.365705,2.399025,2.399028,2.332391,2.399034,2.465677,2.399039,2.399046
9,0.7426,0.2574,0.0,45,45,45,45,45,45,45,45,45,2.133254,2.099925,2.099927,2.066597,2.066602,2.066603,2.099936,2.066607,2.09994
10,0.7899,0.2101,0.0,45,45,45,45,45,45,45,45,45,45,1.833258,1.899925,1.899926,1.93326,1.866597,1.966595,1.833269,1.799938,1.866607,1.966606
