0,1,0.5297,0.7639,0.7245,0.4945
0,2,0.4995,0.8024,0.7297,0.4917
0,3,0.4830,0.8289,0.7330,0.4926
0,4,0.4717,0.8386,0.7356,0.4926
0,5,0.4632,0.8434,0.7375,0.4935
0,6,0.4564,0.8482,0.7392,0.4945
0,7,0.4507,0.8482,0.7406,0.4972
0,8,0.4458,0.8482,0.7419,0.4945
0,9,0.4415,0.8506,0.7429,0.4963
0,10,0.4377,0.8530,0.7439,0.4972
0,11,0.4344,0.8530,0.7448,0.4972
0,12,0.4313,0.8530,0.7456,0.4972
0,13,0.4285,0.8530,0.7463,0.4982
0,14,0.4259,0.8554,0.7470,0.4991
0,15,0.4236,0.8578,0.7476,0.5009
0,16,0.4214,0.8578,0.7482,0.5028
0,17,0.4193,0.8578,0.7488,0.5028
0,18,0.4173,0.8602,0.7494,0.5037
0,19,0.4155,0.8602,0.7499,0.5037
0,20,0.4138,0.8602,0.7504,0.5028
0,21,0.4122,0.8627,0.7508,0.5037
0,22,0.4106,0.8627,0.7513,0.5046
0,23,0.4091,0.8627,0.7517,0.5046
0,24,0.4077,0.8651,0.7521,0.5055
0,25,0.4064,0.8651,0.7525,0.5055
0,26,0.4051,0.8651,0.7529,0.5065
0,27,0.4039,0.8675,0.7532,0.5074
0,28,0.4027,0.8675,0.7536,0.5074
0,29,0.4015,0.8675,0.7539,0.5083
0,30,0.4004,0.8675,0.7542,0.5083
0,31,0.3994,0.8675,0.7545,0.5074
0,32,0.3984,0.8699,0.7548,0.5074
0,33,0.3974,0.8699,0.7551,0.5074
0,34,0.3964,0.8699,0.7554,0.5083
0,35,0.3955,0.8723,0.7557,0.5083
0,36,0.3946,0.8723,0.7560,0.5083
0,37,0.3937,0.8747,0.7562,0.5083
0,38,0.3929,0.8771,0.7565,0.5092
0,39,0.3921,0.8771,0.7567,0.5083
0,40,0.3913,0.8795,0.7570,0.5074
3,1,0.5294,0.7590,0.7245,0.4917
3,2,0.4993,0.7952,0.7298,0.4908
3,3,0.4828,0.8193,0.7331,0.4926
3,4,0.4716,0.8361,0.7356,0.4889
3,5,0.4630,0.8434,0.7375,0.4908
3,6,0.4562,0.8458,0.7392,0.4926
3,7,0.4505,0.8482,0.7406,0.4954
3,8,0.4456,0.8506,0.7419,0.4972
3,9,0.4414,0.8506,0.7430,0.4945
3,10,0.4376,0.8530,0.7440,0.4954
3,11,0.4342,0.8578,0.7449,0.4963
3,12,0.4312,0.8578,0.7458,0.4963
3,13,0.4284,0.8578,0.7466,0.4963
3,14,0.4258,0.8578,0.7473,0.4991
3,15,0.4234,0.8578,0.7479,0.5000
3,16,0.4212,0.8578,0.7486,0.5009
3,17,0.4192,0.8602,0.7491,0.5018
3,18,0.4172,0.8627,0.7497,0.5009
3,19,0.4154,0.8627,0.7502,0.5018
3,20,0.4137,0.8627,0.7508,0.5028
3,21,0.4121,0.8627,0.7512,0.5037
3,22,0.4105,0.8651,0.7517,0.5046
3,23,0.4090,0.8651,0.7521,0.5055
3,24,0.4076,0.8651,0.7526,0.5055
3,25,0.4063,0.8675,0.7530,0.5065
3,26,0.4050,0.8675,0.7534,0.5074
3,27,0.4038,0.8675,0.7537,0.5074
3,28,0.4026,0.8675,0.7541,0.5083
3,29,0.4015,0.8675,0.7544,0.5083
3,30,0.4004,0.8675,0.7548,0.5083
3,31,0.3993,0.8675,0.7551,0.5083
3,32,0.3983,0.8675,0.7554,0.5083
3,33,0.3973,0.8675,0.7557,0.5092
3,34,0.3963,0.8699,0.7560,0.5092
3,35,0.3954,0.8699,0.7563,0.5092
3,36,0.3945,0.8699,0.7566,0.5092
3,37,0.3936,0.8699,0.7569,0.5092
3,38,0.3928,0.8699,0.7572,0.5092
3,39,0.3920,0.8699,0.7574,0.5092
3,40,0.3912,0.8723,0.7577,0.5092
9,1,0.5299,0.7566,0.7246,0.4917
9,2,0.4997,0.8024,0.7298,0.4926
9,3,0.4832,0.8241,0.7331,0.4908
9,4,0.4720,0.8361,0.7356,0.4889
9,5,0.4634,0.8410,0.7377,0.4917
9,6,0.4566,0.8458,0.7394,0.4954
9,7,0.4509,0.8482,0.7408,0.4945
9,8,0.4460,0.8530,0.7420,0.4935
9,9,0.4417,0.8530,0.7431,0.4972
9,10,0.4380,0.8530,0.7441,0.4982
9,11,0.4346,0.8506,0.7450,0.4991
9,12,0.4315,0.8554,0.7459,0.5009
9,13,0.4287,0.8578,0.7467,0.5000
9,14,0.4262,0.8602,0.7474,0.5000
9,15,0.4238,0.8602,0.7480,0.5018
9,16,0.4216,0.8602,0.7487,0.5028
9,17,0.4195,0.8602,0.7493,0.5028
9,18,0.4176,0.8627,0.7499,0.5037
9,19,0.4157,0.8627,0.7504,0.5037
9,20,0.4140,0.8627,0.7509,0.5055
9,21,0.4124,0.8651,0.7514,0.5065
9,22,0.4109,0.8651,0.7518,0.5065
9,23,0.4094,0.8651,0.7523,0.5055
9,24,0.4080,0.8675,0.7527,0.5055
9,25,0.4066,0.8675,0.7531,0.5065
9,26,0.4054,0.8675,0.7535,0.5065
9,27,0.4041,0.8675,0.7539,0.5065
9,28,0.4029,0.8675,0.7542,0.5065
9,29,0.4018,0.8675,0.7546,0.5083
9,30,0.4007,0.8675,0.7549,0.5083
9,31,0.3996,0.8675,0.7553,0.5083
9,32,0.3986,0.8675,0.7556,0.5092
9,33,0.3976,0.8675,0.7559,0.5092
9,34,0.3967,0.8675,0.7562,0.5092
9,35,0.3957,0.8699,0.7565,0.5101
9,36,0.3948,0.8699,0.7568,0.5101
9,37,0.3940,0.8747,0.7571,0.5101
9,38,0.3931,0.8747,0.7573,0.5101
9,39,0.3923,0.8747,0.7576,0.5101
9,40,0.3915,0.8747,0.7579,0.5092
15,1,0.5305,0.7590,0.7243,0.4880
15,2,0.5005,0.7976,0.7296,0.4880
15,3,0.4841,0.8241,0.7329,0.4899
15,4,0.4729,0.8361,0.7353,0.4899
15,5,0.4644,0.8434,0.7373,0.4908
15,6,0.4576,0.8482,0.7389,0.4917
15,7,0.4519,0.8506,0.7403,0.4963
15,8,0.4471,0.8506,0.7416,0.4954
15,9,0.4429,0.8530,0.7426,0.4963
15,10,0.4391,0.8530,0.7436,0.4972
15,11,0.4357,0.8506,0.7445,0.4954
15,12,0.4327,0.8530,0.7453,0.4982
15,13,0.4299,0.8554,0.7460,0.5000
15,14,0.4273,0.8554,0.7467,0.5000
15,15,0.4250,0.8578,0.7474,0.5009
15,16,0.4228,0.8602,0.7480,0.5018
15,17,0.4207,0.8602,0.7486,0.5009
15,18,0.4188,0.8627,0.7491,0.5018
15,19,0.4170,0.8627,0.7496,0.5037
15,20,0.4152,0.8627,0.7501,0.5055
15,21,0.4136,0.8627,0.7506,0.5065
15,22,0.4121,0.8651,0.7510,0.5065
15,23,0.4106,0.8651,0.7514,0.5083
15,24,0.4092,0.8651,0.7518,0.5083
15,25,0.4078,0.8651,0.7522,0.5083
15,26,0.4066,0.8651,0.7526,0.5083
15,27,0.4053,0.8675,0.7529,0.5083
15,28,0.4041,0.8675,0.7533,0.5083
15,29,0.4030,0.8675,0.7536,0.5083
15,30,0.4019,0.8675,0.7539,0.5083
15,31,0.4009,0.8675,0.7543,0.5074
15,32,0.3998,0.8675,0.7546,0.5074
15,33,0.3988,0.8675,0.7549,0.5083
15,34,0.3979,0.8699,0.7552,0.5083
15,35,0.3970,0.8699,0.7555,0.5092
15,36,0.3961,0.8699,0.7557,0.5092
15,37,0.3952,0.8699,0.7560,0.5101
15,38,0.3943,0.8747,0.7563,0.5101
15,39,0.3935,0.8747,0.7565,0.5101
15,40,0.3927,0.8747,0.7568,0.5101
21,1,0.5317,0.7566,0.7240,0.4935
21,2,0.5018,0.8000,0.7293,0.4908
21,3,0.4855,0.8241,0.7326,0.4908
21,4,0.4744,0.8289,0.7351,0.4926
21,5,0.4659,0.8410,0.7370,0.4926
21,6,0.4592,0.8458,0.7386,0.4954
21,7,0.4535,0.8506,0.7400,0.4954
21,8,0.4487,0.8506,0.7412,0.4963
21,9,0.4445,0.8530,0.7422,0.4963
21,10,0.4408,0.8554,0.7432,0.4935
21,11,0.4375,0.8554,0.7440,0.4954
21,12,0.4345,0.8554,0.7448,0.4963
0,1,0.3935,0.8584,0.6399,0.6227
0,2,0.3611,0.8755,0.6294,0.6348
0,3,0.3434,0.8841,0.6237,0.6423
0,4,0.3314,0.8927,0.6198,0.6506
0,5,0.3224,0.9013,0.6169,0.6521
0,6,0.3152,0.9077,0.6146,0.6529
0,7,0.3093,0.9142,0.6127,0.6551
0,8,0.3043,0.9142,0.6110,0.6574
0,9,0.2999,0.9163,0.6096,0.6619
0,10,0.2960,0.9163,0.6084,0.6634
0,11,0.2926,0.9163,0.6072,0.6657
0,12,0.2895,0.9163,0.6062,0.6687
0,13,0.2866,0.9163,0.6053,0.6687
0,14,0.2840,0.9163,0.6045,0.6679
0,15,0.2816,0.9163,0.6037,0.6679
0,16,0.2794,0.9163,0.6030,0.6679
0,17,0.2773,0.9163,0.6023,0.6679
0,18,0.2754,0.9185,0.6016,0.6679
0,19,0.2736,0.9185,0.6010,0.6679
0,20,0.2719,0.9185,0.6004,0.6702
0,21,0.2702,0.9185,0.5999,0.6709
0,22,0.2687,0.9185,0.5994,0.6709
0,23,0.2672,0.9185,0.5989,0.6709
0,24,0.2658,0.9206,0.5984,0.6717
0,25,0.2645,0.9206,0.5980,0.6724
0,26,0.2632,0.9206,0.5975,0.6732
0,27,0.2620,0.9206,0.5971,0.6732
0,28,0.2609,0.9206,0.5967,0.6732
0,29,0.2597,0.9206,0.5963,0.6732
0,30,0.2587,0.9227,0.5960,0.6747
0,31,0.2576,0.9227,0.5956,0.6755
0,32,0.2566,0.9227,0.5953,0.6770
0,33,0.2556,0.9227,0.5950,0.6770
0,34,0.2547,0.9249,0.5946,0.6777
0,35,0.2538,0.9249,0.5943,0.6800
0,36,0.2529,0.9249,0.5940,0.6792
0,37,0.2521,0.9270,0.5937,0.6792
0,38,0.2512,0.9292,0.5935,0.6792
0,39,0.2504,0.9313,0.5932,0.6785
0,40,0.2496,0.9313,0.5929,0.6785
3,1,0.3939,0.8562,0.6401,0.6227
3,2,0.3616,0.8755,0.6296,0.6333
3,3,0.3439,0.8820,0.6240,0.6453
3,4,0.3319,0.8927,0.6202,0.6498
3,5,0.3228,0.8991,0.6173,0.6536
3,6,0.3157,0.9056,0.6150,0.6559
3,7,0.3097,0.9120,0.6130,0.6566
3,8,0.3047,0.9163,0.6114,0.6596
3,9,0.3003,0.9163,0.6100,0.6596
3,10,0.2964,0.9163,0.6088,0.6634
3,11,0.2929,0.9163,0.6077,0.6634
3,12,0.2898,0.9163,0.6067,0.6627
3,13,0.2870,0.9163,0.6057,0.6627
3,14,0.2844,0.9163,0.6049,0.6634
3,15,0.2820,0.9163,0.6041,0.6642
3,16,0.2798,0.9163,0.6034,0.6642
3,17,0.2777,0.9163,0.6027,0.6642
3,18,0.2757,0.9163,0.6021,0.6649
3,19,0.2739,0.9185,0.6015,0.6672
3,20,0.2722,0.9185,0.6009,0.6679
3,21,0.2705,0.9185,0.6004,0.6679
3,22,0.2690,0.9185,0.5998,0.6679
3,23,0.2675,0.9185,0.5994,0.6694
3,24,0.2661,0.9185,0.5989,0.6694
3,25,0.2648,0.9185,0.5984,0.6709
3,26,0.2635,0.9185,0.5980,0.6717
3,27,0.2623,0.9185,0.5976,0.6717
3,28,0.2611,0.9185,0.5972,0.6717
3,29,0.2600,0.9185,0.5969,0.6717
3,30,0.2589,0.9185,0.5965,0.6724
3,31,0.2579,0.9185,0.5961,0.6732
3,32,0.2569,0.9206,0.5958,0.6739
3,33,0.2559,0.9249,0.5955,0.6739
3,34,0.2550,0.9249,0.5952,0.6739
3,35,0.2541,0.9270,0.5949,0.6739
3,36,0.2532,0.9270,0.5946,0.6739
3,37,0.2523,0.9270,0.5943,0.6755
3,38,0.2515,0.9270,0.5940,0.6762
3,39,0.2507,0.9292,0.5938,0.6762
3,40,0.2499,0.9292,0.5935,0.6762
9,1,0.3942,0.8519,0.6400,0.6235
9,2,0.3619,0.8755,0.6295,0.6348
9,3,0.3442,0.8820,0.6240,0.6446
9,4,0.3322,0.8884,0.6202,0.6483
9,5,0.3232,0.8970,0.6173,0.6529
9,6,0.3160,0.9056,0.6150,0.6559
9,7,0.3101,0.9099,0.6131,0.6574
9,8,0.3051,0.9163,0.6115,0.6581
9,9,0.3007,0.9163,0.6101,0.6589
9,10,0.2968,0.9163,0.6089,0.6604
9,11,0.2934,0.9163,0.6078,0.6619
9,12,0.2903,0.9163,0.6068,0.6619
9,13,0.2874,0.9163,0.6059,0.6627
9,14,0.2848,0.9163,0.6050,0.6619
9,15,0.2825,0.9163,0.6043,0.6634
9,16,0.2802,0.9163,0.6035,0.6642
9,17,0.2782,0.9163,0.6029,0.6657
9,18,0.2762,0.9163,0.6022,0.6657
9,19,0.2744,0.9185,0.6017,0.6657
9,20,0.2727,0.9185,0.6011,0.6664
9,21,0.2710,0.9185,0.6006,0.6664
9,22,0.2695,0.9185,0.6000,0.6679
9,23,0.2680,0.9185,0.5996,0.6687
9,24,0.2666,0.9185,0.5991,0.6694
9,25,0.2653,0.9185,0.5987,0.6702
9,26,0.2640,0.9185,0.5983,0.6709
9,27,0.2628,0.9185,0.5979,0.6702
9,28,0.2616,0.9185,0.5975,0.6709
9,29,0.2605,0.9185,0.5971,0.6717
9,30,0.2594,0.9185,0.5968,0.6724
9,31,0.2584,0.9185,0.5964,0.6724
9,32,0.2574,0.9227,0.5961,0.6724
9,33,0.2564,0.9227,0.5958,0.6724
9,34,0.2555,0.9227,0.5955,0.6724
9,35,0.2546,0.9270,0.5952,0.6724
9,36,0.2537,0.9270,0.5949,0.6724
9,37,0.2528,0.9270,0.5946,0.6739
9,38,0.2520,0.9292,0.5943,0.6739
9,39,0.2512,0.9292,0.5941,0.6739
9,40,0.2504,0.9313,0.5938,0.6770
15,1,0.3953,0.8541,0.6401,0.6242
15,2,0.3630,0.8734,0.6296,0.6355
15,3,0.3454,0.8841,0.6241,0.6438
15,4,0.3334,0.8884,0.6204,0.6476
15,5,0.3245,0.8948,0.6176,0.6514
15,6,0.3173,0.9056,0.6154,0.6559
15,7,0.3114,0.9120,0.6135,0.6596
15,8,0.3064,0.9142,0.6119,0.6589
15,9,0.3020,0.9163,0.6106,0.6589
15,10,0.2982,0.9163,0.6094,0.6619
15,11,0.2947,0.9163,0.6083,0.6619
15,12,0.2916,0.9163,0.6073,0.6627
15,13,0.2888,0.9163,0.6064,0.6627
15,14,0.2862,0.9163,0.6056,0.6634
15,15,0.2838,0.9163,0.6049,0.6634
15,16,0.2816,0.9163,0.6042,0.6649
15,17,0.2795,0.9163,0.6035,0.6672
15,18,0.2776,0.9163,0.6029,0.6664
15,19,0.2758,0.9185,0.6023,0.6657
15,20,0.2741,0.9185,0.6017,0.6657
15,21,0.2725,0.9185,0.6012,0.6672
15,22,0.2709,0.9185,0.6007,0.6672
15,23,0.2695,0.9185,0.6003,0.6679
15,24,0.2681,0.9185,0.5998,0.6679
15,25,0.2667,0.9206,0.5994,0.6679
15,26,0.2655,0.9206,0.5990,0.6694
15,27,0.2643,0.9206,0.5986,0.6694
15,28,0.2631,0.9206,0.5982,0.6709
15,29,0.2620,0.9206,0.5978,0.6717
15,30,0.2609,0.9227,0.5975,0.6724
15,31,0.2599,0.9227,0.5972,0.6732
15,32,0.2589,0.9227,0.5968,0.6732
15,33,0.2579,0.9249,0.5965,0.6739
15,34,0.2570,0.9270,0.5962,0.6747
15,35,0.2561,0.9270,0.5959,0.6755
15,36,0.2552,0.9270,0.5957,0.6755
15,37,0.2543,0.9292,0.5954,0.6755
15,38,0.2535,0.9292,0.5951,0.6762
15,39,0.2527,0.9270,0.5949,0.6770
15,40,0.2520,0.9292,0.5946,0.6777
21,1,0.3974,0.8519,0.6410,0.6250
21,2,0.3653,0.8734,0.6309,0.6348
21,3,0.3478,0.8820,0.6256,0.6416
21,4,0.3359,0.8884,0.6220,0.6438
21,5,0.3269,0.8948,0.6194,0.6514
21,6,0.3198,0.9013,0.6173,0.6536
21,7,0.3139,0.9056,0.6155,0.6566
21,8,0.3089,0.9120,0.6140,0.6574
21,9,0.3046,0.9163,0.6127,0.6566
21,10,0.3008,0.9163,0.6115,0.6574
21,11,0.2974,0.9163,0.6105,0.6596
21,12,0.2943,0.9185,0.6096,0.6611
21,13,0.2915,0.9185,0.6087,0.6611
21,14,0.2889,0.9185,0.6080,0.6627
21,15,0.2865,0.9185,0.6072,0.6642
21,16,0.2843,0.9185,0.6066,0.6642
21,17,0.2823,0.9185,0.6059,0.6664
21,18,0.2803,0.9185,0.6054,0.6672
21,19,0.2785,0.9206,0.6048,0.6672
21,20,0.2768,0.9206,0.6043,0.6672
21,21,0.2752,0.9206,0.6038,0.6672
21,22,0.2737,0.9206,0.6033,0.6679
21,23,0.2722,0.9206,0.6029,0.6679
21,24,0.2708,0.9206,0.6025,0.6679
21,25,0.2695,0.9206,0.6021,0.6679
21,26,0.2682,0.9206,0.6017,0.6679
21,27,0.2670,0.9206,0.6013,0.6672
21,28,0.2659,0.9206,0.6009,0.6694
21,29,0.2648,0.9227,0.6006,0.6694
21,30,0.2637,0.9227,0.6003,0.6694
21,31,0.2626,0.9227,0.6000,0.6709
21,32,0.2617,0.9227,0.5996,0.6709
21,33,0.2607,0.9227,0.5994,0.6709
21,34,0.2598,0.9227,0.5991,0.6724
21,35,0.2589,0.9227,0.5988,0.6724
21,36,0.2580,0.9249,0.5985,0.6732
21,37,0.2571,0.9249,0.5983,0.6732
21,38,0.2563,0.9249,0.5980,0.6732
21,39,0.2555,0.9270,0.5977,0.6732
21,40,0.2548,0.9270,0.5975,0.6732
27,1,0.4002,0.8519,0.6421,0.6212
27,2,0.3685,0.8712,0.6324,0.6318
27,3,0.3512,0.8820,0.6275,0.6370
27,4,0.3394,0.8841,0.6242,0.6446
27,5,0.3306,0.8927,0.6217,0.6468
27,6,0.3236,0.8991,0.6197,0.6498
27,7,0.3178,0.9056,0.6181,0.6514
27,8,0.3128,0.9099,0.6167,0.6544
27,9,0.3085,0.9163,0.6155,0.6551
27,10,0.3047,0.9163,0.6144,0.6551
27,11,0.3013,0.9163,0.6134,0.6544
27,12,0.2983,0.9163,0.6126,0.6566
27,13,0.2955,0.9185,0.6118,0.6574
27,14,0.2929,0.9185,0.6111,0.6596
27,15,0.2906,0.9185,0.6104,0.6596
27,16,0.2884,0.9185,0.6098,0.6604
27,17,0.2864,0.9185,0.6092,0.6619
27,18,0.2844,0.9185,0.6087,0.6627
27,19,0.2827,0.9185,0.6082,0.6634
27,20,0.2810,0.9206,0.6077,0.6642
27,21,0.2794,0.9206,0.6072,0.6649
27,22,0.2778,0.9206,0.6068,0.6642
27,23,0.2764,0.9206,0.6064,0.6642
27,24,0.2750,0.9206,0.6060,0.6634
27,25,0.2737,0.9206,0.6056,0.6642
27,26,0.2725,0.9206,0.6053,0.6649
27,27,0.2713,0.9206,0.6049,0.6649
27,28,0.2701,0.9206,0.6046,0.6664
27,29,0.2690,0.9206,0.6043,0.6664
27,30,0.2679,0.9206,0.6040,0.6664
27,31,0.2669,0.9227,0.6037,0.6664
27,32,0.2659,0.9227,0.6034,0.6664
27,33,0.2650,0.9227,0.6031,0.6664
27,34,0.2641,0.9227,0.6029,0.6664
27,35,0.2632,0.9227,0.6026,0.6664
27,36,0.2623,0.9227,0.6024,0.6679
27,37,0.2615,0.9249,0.6022,0.6687
27,38,0.2607,0.9249,0.6019,0.6687
27,39,0.2599,0.9249,0.6017,0.6687
27,40,0.2591,0.9249,0.6015,0.6687
33,1,0.4050,0.8519,0.6427,0.6212
33,2,0.3738,0.8712,0.6335,0.6340
33,3,0.3568,0.8777,0.6290,0.6355
33,4,0.3452,0.8820,0.6260,0.6378
33,5,0.3366,0.8884,0.6238,0.6446
33,6,0.3297,0.8948,0.6220,0.6506
33,7,0.3239,0.8970,0.6205,0.6514
33,8,0.3190,0.8991,0.6193,0.6536
33,9,0.3148,0.9099,0.6182,0.6544
33,10,0.3111,0.9142,0.6173,0.6544
33,11,0.3078,0.9142,0.6164,0.6566
33,12,0.3047,0.9163,0.6157,0.6581
33,13,0.3020,0.9163,0.6150,0.6574
33,14,0.2995,0.9163,0.6143,0.6589
33,15,0.2972,0.9163,0.6137,0.6589
33,16,0.2950,0.9185,0.6132,0.6589
33,17,0.2930,0.9185,0.6127,0.6596
33,18,0.2911,0.9185,0.6122,0.6604
33,19,0.2893,0.9185,0.6118,0.6596
33,20,0.2877,0.9185,0.6113,0.6611
33,21,0.2861,0.9185,0.6109,0.6619
33,22,0.2846,0.9185,0.6106,0.6619
33,23,0.2832,0.9206,0.6102,0.6627
33,24,0.2818,0.9206,0.6099,0.6627
33,25,0.2805,0.9206,0.6095,0.6642
33,26,0.2793,0.9227,0.6092,0.6649
33,27,0.2781,0.9227,0.6089,0.6649
33,28,0.2769,0.9227,0.6087,0.6657
33,29,0.2758,0.9227,0.6084,0.6657
33,30,0.2748,0.9227,0.6081,0.6649
33,31,0.2738,0.9227,0.6079,0.6657
33,32,0.2728,0.9227,0.6076,0.6657
33,33,0.2719,0.9227,0.6074,0.6657
33,34,0.2709,0.9227,0.6072,0.6649
33,35,0.2701,0.9227,0.6069,0.6649
33,36,0.2692,0.9227,0.6067,0.6657
33,37,0.2684,0.9227,0.6065,0.6649
33,38,0.2676,0.9227,0.6063,0.6657
33,39,0.2668,0.9227,0.6061,0.6657
33,40,0.2660,0.9227,0.6059,0.6657
39,1,0.4122,0.8433,0.6431,0.6160
39,2,0.3815,0.8648,0.6343,0.6310
39,3,0.3649,0.8777,0.6299,0.6325
39,4,0.3536,0.8820,0.6271,0.6401
39,5,0.3451,0.8863,0.6250,0.6431
39,6,0.3383,0.8884,0.6233,0.6453
39,7,0.3327,0.8906,0.6220,0.6476
39,8,0.3279,0.8970,0.6208,0.6491
39,9,0.3238,0.8991,0.6198,0.6483
39,10,0.3201,0.9013,0.6189,0.6498
39,11,0.3168,0.9056,0.6181,0.6514
39,12,0.3139,0.9077,0.6174,0.6529
39,13,0.3112,0.9077,0.6167,0.6521
39,14,0.3087,0.9120,0.6161,0.6544
39,15,0.3064,0.9142,0.6156,0.6551
39,16,0.3043,0.9163,0.6151,0.6551
39,17,0.3023,0.9163,0.6146,0.6566
39,18,0.3005,0.9163,0.6141,0.6604
39,19,0.2988,0.9163,0.6137,0.6596
39,20,0.2971,0.9163,0.6133,0.6604
39,21,0.2956,0.9163,0.6130,0.6611
39,22,0.2941,0.9163,0.6126,0.6604
39,23,0.2927,0.9163,0.6123,0.6611
39,24,0.2914,0.9163,0.6120,0.6619
39,25,0.2901,0.9185,0.6117,0.6642
39,26,0.2889,0.9185,0.6114,0.6649
39,27,0.2878,0.9185,0.6111,0.6649
39,28,0.2866,0.9206,0.6108,0.6649
39,29,0.2856,0.9227,0.6106,0.6657
39,30,0.2845,0.9227,0.6103,0.6657
39,31,0.2835,0.9227,0.6101,0.6657
39,32,0.2826,0.9227,0.6099,0.6657
39,33,0.2817,0.9227,0.6097,0.6649
39,34,0.2808,0.9227,0.6094,0.6642
39,35,0.2799,0.9227,0.6092,0.6642
39,36,0.2791,0.9227,0.6090,0.6642
39,37,0.2783,0.9227,0.6089,0.6642
39,38,0.2775,0.9227,0.6087,0.6642
39,39,0.2767,0.9227,0.6085,0.6657
39,40,0.2760,0.9206,0.6083,0.6649
45,1,0.4251,0.8219,0.6447,0.6175
45,2,0.3955,0.8455,0.6364,0.6265
45,3,0.3794,0.8605,0.6324,0.6303
45,4,0.3685,0.8670,0.6297,0.6348
45,5,0.3603,0.8755,0.6278,0.6370
45,6,0.3537,0.8777,0.6262,0.6416
45,7,0.3483,0.8841,0.6250,0.6446
45,8,0.3437,0.8863,0.6239,0.6468
45,9,0.3397,0.8863,0.6230,0.6483
45,10,0.3361,0.8863,0.6223,0.6476
45,11,0.3329,0.8884,0.6216,0.6476
45,12,0.3301,0.8927,0.6209,0.6468
45,13,0.3275,0.8948,0.6204,0.6491
45,14,0.3251,0.8991,0.6198,0.6506
45,15,0.3228,0.8991,0.6194,0.6514
45,16,0.3208,0.9034,0.6189,0.6536
45,17,0.3189,0.9077,0.6185,0.6529
45,18,0.3171,0.9077,0.6181,0.6521
45,19,0.3154,0.9099,0.6178,0.6536
45,20,0.3138,0.9099,0.6174,0.6536
45,21,0.3123,0.9099,0.6171,0.6544
45,22,0.3109,0.9099,0.6168,0.6551
45,23,0.3095,0.9099,0.6165,0.6551
45,24,0.3082,0.9099,0.6163,0.6551
45,25,0.3070,0.9120,0.6160,0.6566
45,26,0.3058,0.9120,0.6158,0.6566
45,27,0.3047,0.9120,0.6155,0.6574
45,28,0.3036,0.9120,0.6153,0.6574
45,29,0.3026,0.9142,0.6151,0.6574
45,30,0.3016,0.9142,0.6149,0.6574
45,31,0.3006,0.9142,0.6147,0.6581
45,32,0.2997,0.9142,0.6145,0.6574
45,33,0.2988,0.9142,0.6143,0.6574
45,34,0.2979,0.9163,0.6142,0.6581
45,35,0.2971,0.9185,0.6140,0.6581
45,36,0.2962,0.9185,0.6138,0.6581
45,37,0.2955,0.9185,0.6137,0.6581
45,38,0.2947,0.9185,0.6135,0.6589
45,39,0.2939,0.9206,0.6134,0.6589
45,40,0.2932,0.9206,0.6132,0.6589
51,1,0.4396,0.8112,0.6470,0.6137
51,2,0.4111,0.8369,0.6391,0.6190
51,3,0.3957,0.8476,0.6354,0.6273
51,4,0.3852,0.8541,0.6330,0.6295
51,5,0.3773,0.8648,0.6312,0.6318
51,6,0.3710,0.8648,0.6299,0.6325
51,7,0.3658,0.8627,0.6288,0.6378
51,8,0.3614,0.8627,0.6278,0.6393
51,9,0.3575,0.8648,0.6271,0.6416
51,10,0.3541,0.8734,0.6264,0.6446
51,11,0.3511,0.8755,0.6258,0.6453
51,12,0.3483,0.8755,0.6252,0.6468
51,13,0.3458,0.8755,0.6247,0.6476
51,14,0.3435,0.8777,0.6243,0.6498
51,15,0.3413,0.8798,0.6238,0.6491
51,16,0.3394,0.8820,0.6235,0.6491
51,17,0.3375,0.8863,0.6231,0.6491
51,18,0.3358,0.8906,0.6228,0.6491
51,19,0.3342,0.8927,0.6225,0.6514
51,20,0.3326,0.8927,0.6222,0.6514
51,21,0.3312,0.8927,0.6219,0.6498
51,22,0.3298,0.8927,0.6217,0.6498
51,23,0.3285,0.8927,0.6214,0.6491
51,24,0.3272,0.8970,0.6212,0.6514
51,25,0.3261,0.8970,0.6210,0.6514
51,26,0.3249,0.8991,0.6208,0.6529
51,27,0.3238,0.8991,0.6206,0.6529
51,28,0.3228,0.8991,0.6204,0.6536
51,29,0.3218,0.8991,0.6202,0.6544
51,30,0.3208,0.8991,0.6200,0.6544
51,31,0.3199,0.8991,0.6199,0.6551
51,32,0.3190,0.9013,0.6197,0.6544
51,33,0.3181,0.9034,0.6196,0.6544
51,34,0.3173,0.9034,0.6194,0.6544
51,35,0.3165,0.9034,0.6193,0.6544
51,36,0.3157,0.9056,0.6191,0.6551
51,37,0.3149,0.9056,0.6190,0.6551
51,38,0.3142,0.9077,0.6189,0.6551
51,39,0.3135,0.9077,0.6188,0.6551
51,40,0.3128,0.9077,0.6186,0.6551
57,1,0.4559,0.8047,0.6489,0.6130
57,2,0.4288,0.8219,0.6416,0.6190
57,3,0.4141,0.8262,0.6382,0.6235
57,4,0.4041,0.8412,0.6360,0.6242
57,5,0.3966,0.8476,0.6345,0.6288
57,6,0.3906,0.8519,0.6333,0.6295
57,7,0.3857,0.8541,0.6324,0.6303
57,8,0.3814,0.8562,0.6316,0.6303
57,9,0.3778,0.8584,0.6309,0.6310
57,10,0.3745,0.8605,0.6303,0.6318
57,11,0.3716,0.8627,0.6298,0.6333
57,12,0.3690,0.8627,0.6294,0.6355
57,13,0.3666,0.8627,0.6289,0.6348
57,14,0.3644,0.8670,0.6286,0.6340
57,15,0.3624,0.8691,0.6282,0.6348
57,16,0.3605,0.8691,0.6279,0.6348
57,17,0.3588,0.8691,0.6276,0.6355
57,18,0.3572,0.8712,0.6273,0.6355
57,19,0.3556,0.8734,0.6271,0.6378
57,20,0.3542,0.8734,0.6268,0.6378
57,21,0.3528,0.8755,0.6266,0.6401
57,22,0.3515,0.8777,0.6264,0.6408
57,23,0.3502,0.8777,0.6262,0.6423
57,24,0.3491,0.8777,0.6260,0.6423
57,25,0.3479,0.8777,0.6258,0.6423
57,26,0.3469,0.8777,0.6257,0.6438
57,27,0.3458,0.8777,0.6255,0.6446
57,28,0.3448,0.8777,0.6253,0.6438
57,29,0.3439,0.8777,0.6252,0.6438
57,30,0.3430,0.8798,0.6251,0.6438
57,31,0.3421,0.8820,0.6249,0.6438
57,32,0.3412,0.8841,0.6248,0.6431
57,33,0.3404,0.8863,0.6247,0.6431
57,34,0.3396,0.8884,0.6245,0.6431
57,35,0.3388,0.8884,0.6244,0.6431
57,36,0.3381,0.8884,0.6243,0.6431
57,37,0.3373,0.8906,0.6242,0.6423
57,38,0.3366,0.8906,0.6241,0.6416
57,39,0.3360,0.8906,0.6240,0.6423
57,40,0.3353,0.8906,0.6239,0.6423
63,1,0.4735,0.7961,0.6512,0.6047
63,2,0.4478,0.8047,0.6444,0.6107
63,3,0.4339,0.8155,0.6413,0.6212
63,4,0.4245,0.8197,0.6393,0.6212
63,5,0.4174,0.8219,0.6380,0.6242
63,6,0.4117,0.8262,0.6369,0.6273
63,7,0.4070,0.8305,0.6361,0.6280
63,8,0.4031,0.8348,0.6354,0.6310
63,9,0.3996,0.8369,0.6348,0.6310
63,10,0.3965,0.8391,0.6343,0.6310
63,11,0.3938,0.8433,0.6339,0.6310
63,12,0.3913,0.8455,0.6335,0.6310
63,13,0.3891,0.8498,0.6332,0.6303
63,14,0.3870,0.8498,0.6328,0.6295
63,15,0.3851,0.8519,0.6326,0.6303
63,16,0.3833,0.8519,0.6323,0.6310
63,17,0.3817,0.8541,0.6321,0.6310
63,18,0.3801,0.8562,0.6319,0.6310
63,19,0.3786,0.8562,0.6317,0.6318
63,20,0.3773,0.8605,0.6315,0.6318
63,21,0.3760,0.8605,0.6313,0.6318
63,22,0.3747,0.8605,0.6311,0.6318
63,23,0.3736,0.8627,0.6310,0.6310
63,24,0.3724,0.8648,0.6308,0.6310
63,25,0.3714,0.8648,0.6307,0.6280
63,26,0.3704,0.8648,0.6306,0.6295
63,27,0.3694,0.8648,0.6304,0.6303
63,28,0.3684,0.8670,0.6303,0.6303
63,29,0.3675,0.8670,0.6302,0.6318
63,30,0.3667,0.8670,0.6301,0.6318
63,31,0.3658,0.8670,0.6300,0.6333
63,32,0.3650,0.8670,0.6299,0.6325
63,33,0.3643,0.8670,0.6298,0.6333
63,34,0.3635,0.8691,0.6297,0.6333
63,35,0.3628,0.8691,0.6296,0.6325
63,36,0.3621,0.8691,0.6295,0.6333
63,37,0.3614,0.8691,0.6295,0.6340
63,38,0.3607,0.8691,0.6294,0.6348
63,39,0.3601,0.8691,0.6293,0.6348
63,40,0.3595,0.8712,0.6292,0.6340
69,1,0.4932,0.7790,0.6533,0.6054
69,2,0.4690,0.7983,0.6466,0.6069
69,3,0.4558,0.8047,0.6436,0.6130
69,4,0.4469,0.8090,0.6417,0.6182
69,5,0.4402,0.8133,0.6403,0.6220
69,6,0.4349,0.8197,0.6393,0.6235
69,7,0.4305,0.8240,0.6385,0.6235
69,8,0.4267,0.8262,0.6378,0.6242
69,9,0.4235,0.8262,0.6372,0.6227
69,10,0.4206,0.8262,0.6368,0.6227
69,11,0.4180,0.8283,0.6363,0.6235
69,12,0.4157,0.8283,0.6360,0.6250
69,13,0.4136,0.8283,0.6357,0.6258
69,14,0.4116,0.8326,0.6354,0.6265
69,15,0.4099,0.8348,0.6351,0.6265
69,16,0.4082,0.8348,0.6348,0.6288
69,17,0.4066,0.8348,0.6346,0.6288
69,18,0.4052,0.8348,0.6344,0.6280
69,19,0.4038,0.8391,0.6342,0.6295
69,20,0.4025,0.8412,0.6341,0.6303
69,21,0.4013,0.8412,0.6339,0.6310
69,22,0.4001,0.8412,0.6337,0.6310
69,23,0.3990,0.8412,0.6336,0.6303
69,24,0.3980,0.8412,0.6335,0.6303
69,25,0.3970,0.8412,0.6333,0.6303
69,26,0.3960,0.8412,0.6332,0.6303
69,27,0.3951,0.8433,0.6331,0.6303
69,28,0.3942,0.8455,0.6330,0.6310
69,29,0.3934,0.8455,0.6329,0.6310
69,30,0.3926,0.8476,0.6328,0.6310
69,31,0.3918,0.8476,0.6327,0.6310
69,32,0.3910,0.8476,0.6326,0.6310
69,33,0.3903,0.8476,0.6325,0.6310
69,34,0.3896,0.8476,0.6324,0.6310
69,35,0.3889,0.8476,0.6323,0.6310
69,36,0.3883,0.8476,0.6323,0.6310
69,37,0.3876,0.8476,0.6322,0.6303
69,38,0.3870,0.8476,0.6321,0.6303
69,39,0.3864,0.8498,0.6321,0.6310
69,40,0.3858,0.8498,0.6320,0.6310
75,1,0.5285,0.7554,0.6568,0.5934
75,2,0.5067,0.7747,0.6499,0.6069
75,3,0.4949,0.7854,0.6466,0.6107
75,4,0.4869,0.7876,0.6445,0.6107
75,5,0.4809,0.7876,0.6430,0.6130
75,6,0.4762,0.7940,0.6419,0.6137
75,7,0.4722,0.8004,0.6409,0.6167
75,8,0.4688,0.8004,0.6402,0.6182
75,9,0.4659,0.8026,0.6395,0.6167
75,10,0.4633,0.8047,0.6389,0.6182
75,11,0.4610,0.8069,0.6384,0.6197
75,12,0.4590,0.8090,0.6380,0.6220
75,13,0.4571,0.8112,0.6376,0.6235
75,14,0.4553,0.8112,0.6372,0.6250
75,15,0.4537,0.8112,0.6369,0.6250
75,16,0.4522,0.8112,0.6366,0.6258
75,17,0.4509,0.8112,0.6363,0.6242
75,18,0.4496,0.8090,0.6361,0.6242
75,19,0.4483,0.8112,0.6358,0.6258
75,20,0.4472,0.8112,0.6356,0.6250
75,21,0.4461,0.8112,0.6354,0.6250
75,22,0.4451,0.8112,0.6352,0.6250
75,23,0.4441,0.8133,0.6350,0.6250
75,24,0.4431,0.8133,0.6349,0.6250
75,25,0.4422,0.8133,0.6347,0.6258
75,26,0.4414,0.8133,0.6345,0.6258
75,27,0.4406,0.8133,0.6344,0.6250
75,28,0.4398,0.8155,0.6342,0.6258
75,29,0.4390,0.8155,0.6341,0.6265
75,30,0.4383,0.8176,0.6340,0.6265
75,31,0.4376,0.8197,0.6339,0.6273
75,32,0.4369,0.8197,0.6337,0.6273
75,33,0.4362,0.8197,0.6336,0.6273
75,34,0.4356,0.8219,0.6335,0.6273
75,35,0.4350,0.8240,0.6334,0.6273
75,36,0.4344,0.8240,0.6333,0.6280
75,37,0.4338,0.8240,0.6332,0.6273
75,38,0.4333,0.8240,0.6331,0.6265
75,39,0.4327,0.8240,0.6330,0.6265
75,40,0.4322,0.8240,0.6329,0.6280
81,1,0.6065,0.6845,0.6741,0.5678
81,2,0.5900,0.7017,0.6681,0.5708
81,3,0.5809,0.7103,0.6650,0.5776
81,4,0.5747,0.7210,0.6630,0.5806
81,5,0.5701,0.7275,0.6614,0.5873
81,6,0.5664,0.7318,0.6602,0.5873
81,7,0.5633,0.7318,0.6592,0.5881
81,8,0.5607,0.7339,0.6584,0.5866
81,9,0.5584,0.7361,0.6576,0.5873
81,10,0.5564,0.7382,0.6570,0.5896
81,11,0.5546,0.7382,0.6564,0.5926
81,12,0.5530,0.7403,0.6559,0.5926
81,13,0.5515,0.7403,0.6554,0.5919
81,14,0.5501,0.7403,0.6550,0.5911
81,15,0.5489,0.7403,0.6546,0.5919
81,16,0.5477,0.7468,0.6542,0.5926
81,17,0.5466,0.7489,0.6539,0.5934
81,18,0.5456,0.7489,0.6536,0.5934
81,19,0.5446,0.7489,0.6533,0.5941
81,20,0.5437,0.7489,0.6530,0.5956
81,21,0.5428,0.7511,0.6527,0.5949
81,22,0.5420,0.7511,0.6525,0.5949
81,23,0.5412,0.7511,0.6522,0.5949
81,24,0.5405,0.7511,0.6520,0.5949
81,25,0.5398,0.7511,0.6518,0.5949
81,26,0.5391,0.7511,0.6516,0.5949
81,27,0.5385,0.7511,0.6514,0.5949
81,28,0.5378,0.7511,0.6512,0.5949
81,29,0.5372,0.7532,0.6510,0.5949
81,30,0.5367,0.7532,0.6508,0.5949
81,31,0.5361,0.7532,0.6507,0.5964
81,32,0.5356,0.7532,0.6505,0.5971
81,33,0.5351,0.7532,0.6503,0.5979
81,34,0.5346,0.7554,0.6502,0.5986
81,35,0.5341,0.7554,0.6501,0.5979
81,36,0.5336,0.7532,0.6499,0.5986
81,37,0.5332,0.7554,0.6498,0.5986
81,38,0.5327,0.7554,0.6496,0.6002
81,39,0.5323,0.7597,0.6495,0.6002
81,40,0.5319,0.7597,0.6494,0.6009
84,1,0.7389,0.4979,0.7278,0.5369
84,2,0.7362,0.5021,0.7246,0.5324
84,3,0.7349,0.5021,0.7230,0.5339
84,4,0.7340,0.5000,0.7220,0.5354
84,5,0.7333,0.5043,0.7213,0.5377
84,6,0.7328,0.5107,0.7207,0.5392
84,7,0.7324,0.5107,0.7202,0.5399
84,8,0.7320,0.5086,0.7198,0.5399
84,9,0.7317,0.5086,0.7195,0.5407
84,10,0.7315,0.5129,0.7192,0.5422
84,11,0.7313,0.5129,0.7190,0.5392
84,12,0.7310,0.5150,0.7187,0.5384
84,13,0.7309,0.5150,0.7185,0.5392
84,14,0.7307,0.5172,0.7183,0.5407
84,15,0.7305,0.5172,0.7182,0.5414
84,16,0.7304,0.5172,0.7180,0.5399
84,17,0.7302,0.5193,0.7179,0.5392
84,18,0.7301,0.5215,0.7177,0.5377
84,19,0.7300,0.5193,0.7176,0.5377
84,20,0.7299,0.5193,0.7175,0.5384
84,21,0.7298,0.5215,0.7174,0.5392
84,22,0.7297,0.5215,0.7173,0.5384
84,23,0.7296,0.5215,0.7172,0.5384
84,24,0.7295,0.5215,0.7171,0.5384
84,25,0.7294,0.5215,0.7170,0.5377
84,26,0.7293,0.5215,0.7169,0.5384
84,27,0.7292,0.5215,0.7168,0.5399
84,28,0.7292,0.5215,0.7168,0.5399
84,29,0.7291,0.5215,0.7167,0.5399
84,30,0.7290,0.5215,0.7166,0.5392
84,31,0.7290,0.5215,0.7165,0.5392
84,32,0.7289,0.5215,0.7165,0.5392
84,33,0.7288,0.5215,0.7164,0.5392
84,34,0.7288,0.5215,0.7164,0.5392
84,35,0.7287,0.5215,0.7163,0.5392
84,36,0.7287,0.5215,0.7162,0.5392
84,37,0.7286,0.5215,0.7162,0.5384
84,38,0.7285,0.5215,0.7161,0.5377
84,39,0.7285,0.5215,0.7161,0.5392
84,40,0.7284,0.5215,0.7160,0.5392
