1,0.0,0.9797,0.0,51,15
2,0.0,0.9797,0.0,51,51,15,15
3,0.0,0.982,0.0066,57,75,75,15,15,15
4,0.0,0.982,0.0073,57,75,75,75,15,15,15,15
5,0.0,0.9736,0.0,51,51,51,51,51,12,12,12,12,12
6,0.0,0.9767,0.0047,75,51,51,51,75,75,13,12,12,12,13,13
7,0.0,0.9809,0.0082,57,75,75,75,75,75,75,14,14,14,14,14,14,14
8,0.0018,0.9722,0.1134,57,75,75,75,75,75,81,81,9,9,9,9,9,9,15,15
9,0.0024,0.9788,0.1952,57,75,75,75,75,81,81,81,81,9,11,11,11,10,15,15,15,15
10,0.0027,0.9795,0.2187,57,75,75,75,75,81,81,81,81,81,9,11,11,11,10,15,15,15,15,15
11,0.0029,0.9799,0.2378,57,75,75,75,75,81,81,81,81,81,81,9,11,11,10,10,15,15,15,15,15,15
12,0.0031,0.9801,0.2538,57,75,75,75,75,81,81,81,81,81,81,81,9,11,10,10,10,15,15,15,15,15,15,15
13,0.0033,0.9803,0.2673,57,75,75,75,75,81,81,81,81,81,81,81,81,9,10,10,10,10,15,15,15,15,15,15,15,15
14,0.0035,0.9805,0.2789,57,75,75,75,75,81,81,81,81,81,81,81,81,81,9,10,10,10,9,15,15,15,15,15,15,15,15,15
15,0.0036,0.9806,0.289,57,75,75,75,75,81,81,81,81,81,81,81,81,81,81,9,10,10,9,9,15,15,15,15,15,15,15,15,15,15
16,0.0038,0.9807,0.2978,57,75,75,75,75,81,81,81,81,81,81,81,81,81,81,81,9,10,9,9,9,15,15,15,15,15,15,15,15,15,15,15
17,0.0039,0.9807,0.3055,57,75,75,75,75,81,81,81,81,81,81,81,81,81,81,81,81,9,9,9,9,9,15,15,15,15,15,15,15,15,15,15,15,15
18,0.0041,0.9834,0.3358,57,75,75,75,81,81,81,81,81,81,81,81,81,81,81,81,81,81,9,12,11,11,15,15,15,15,15,15,15,15,15,15,15,15,15,15
19,0.0042,0.9835,0.3407,57,75,75,75,81,81,81,81,81,81,81,81,81,81,81,81,81,81,81,9,11,11,11,15,15,15,15,15,15,15,15,15,15,15,15,15,15,15
20,0.0042,0.9834,0.3451,57,75,75,75,81,81,81,81,81,81,81,81,81,81,81,81,81,81,81,81,9,11,11,10,15,15,15,15,15,15,15,15,15,15,15,15,15,15,15,15
