1,0.0,0.9797,0.0,51,15
2,0.0,0.9797,0.0,33,51,15,15
3,0.0,0.982,0.0066,57,75,75,15,15,15
4,0.0,0.982,0.0073,57,75,75,75,15,15,15,15
5,0.0,0.9821,0.0094,75,75,75,75,75,15,15,15,15,15
6,0.0,0.9762,0.0008,33,57,57,57,57,57,12,12,12,12,12,12
7,0.0029,0.9651,0.1244,57,69,69,69,69,81,81,7,8,8,7,7,15,15
8,0.0035,0.9667,0.1625,57,69,69,69,69,81,81,81,7,8,7,7,7,15,15,15
9,0.0039,0.968,0.1922,57,69,69,69,69,81,81,81,81,7,7,7,7,7,15,15,15,15
10,0.0041,0.9698,0.2159,57,69,69,69,69,81,81,81,81,81,7,7,7,7,7,15,15,15,15,15
11,0.0042,0.9709,0.2354,57,69,69,69,69,81,81,81,81,81,81,6,8,7,7,7,15,15,15,15,15,15
12,0.0044,0.9715,0.2515,57,69,69,69,69,81,81,81,81,81,81,81,6,7,7,7,7,15,15,15,15,15,15,15
13,0.0045,0.9727,0.2652,57,69,69,69,69,81,81,81,81,81,81,81,81,6,7,7,7,7,15,15,15,15,15,15,15,15
14,0.004,0.9792,0.3075,69,57,69,69,81,81,81,81,81,81,81,81,81,81,8,8,8,8,15,15,15,15,15,15,15,15,15,15
15,0.0041,0.9795,0.3156,57,69,69,69,81,81,81,81,81,81,81,81,81,81,81,7,9,8,8,15,15,15,15,15,15,15,15,15,15,15
16,0.0042,0.9795,0.3227,57,69,69,69,81,81,81,81,81,81,81,81,81,81,81,81,7,8,8,8,15,15,15,15,15,15,15,15,15,15,15,15
17,0.0043,0.9799,0.329,57,69,69,69,81,81,81,81,81,81,81,81,81,81,81,81,81,7,8,8,8,15,15,15,15,15,15,15,15,15,15,15,15,15
18,0.0045,0.9798,0.3346,57,69,69,69,81,81,81,81,81,81,81,81,81,81,81,81,81,81,7,8,8,7,15,15,15,15,15,15,15,15,15,15,15,15,15,15
19,0.0045,0.9802,0.3396,57,69,69,69,81,81,81,81,81,81,81,81,81,81,81,81,81,81,81,7,8,8,7,15,15,15,15,15,15,15,15,15,15,15,15,15,15,15
20,0.0047,0.9801,0.3441,57,69,69,69,81,81,81,81,81,81,81,81,81,81,81,81,81,81,81,81,7,8,7,7,15,15,15,15,15,15,15,15,15,15,15,15,15,15,15,15
