1,0.0,0.6028,0.0,69,15
2,0.0,0.6028,0.0,57,69,15,15
3,0.0,0.6028,0.0,69,69,69,15,15,15
4,0.0,0.6159,0.013,57,75,75,75,15,15,15,15
5,0.0001,0.5835,0.0,69,69,69,69,69,14,14,14,14,14
6,0.0011,0.6043,0.0948,57,75,75,75,81,81,12,13,12,12,15,15
7,0.0013,0.6139,0.1182,57,75,75,75,81,81,81,12,12,12,12,15,15,15
8,0.0011,0.6609,0.1658,57,75,75,81,81,81,81,81,14,15,14,15,15,15,15,15
9,0.0012,0.6629,0.1761,57,75,75,81,81,81,81,81,81,14,14,14,15,15,15,15,15,15
10,0.0013,0.6674,0.1844,57,75,75,81,81,81,81,81,81,81,13,15,15,15,15,15,15,15,15,15
11,0.0013,0.6685,0.1911,57,75,75,81,81,81,81,81,81,81,81,13,15,14,15,15,15,15,15,15,15,15
12,0.0014,0.6693,0.1967,57,75,75,81,81,81,81,81,81,81,81,81,13,14,14,15,15,15,15,15,15,15,15,15
13,0.0014,0.6721,0.2014,57,75,75,81,81,81,81,81,81,81,81,81,81,12,15,15,15,15,15,15,15,15,15,15,15,15
14,0.0015,0.6725,0.2055,57,75,75,81,81,81,81,81,81,81,81,81,81,81,12,15,14,15,15,15,15,15,15,15,15,15,15,15
15,0.0015,0.6729,0.209,57,75,75,81,81,81,81,81,81,81,81,81,81,81,81,12,14,14,15,15,15,15,15,15,15,15,15,15,15,15
16,0.0015,0.6731,0.2121,57,75,75,81,81,81,81,81,81,81,81,81,81,81,81,81,12,14,13,15,15,15,15,15,15,15,15,15,15,15,15,15
17,0.0016,0.6732,0.2148,57,75,75,81,81,81,81,81,81,81,81,81,81,81,81,81,81,12,13,13,15,15,15,15,15,15,15,15,15,15,15,15,15,15
18,0.0016,0.6732,0.2173,57,75,75,81,81,81,81,81,81,81,81,81,81,81,81,81,81,81,12,13,12,15,15,15,15,15,15,15,15,15,15,15,15,15,15,15
19,0.0016,0.6731,0.2194,57,75,75,81,81,81,81,81,81,81,81,81,81,81,81,81,81,81,81,12,12,12,15,15,15,15,15,15,15,15,15,15,15,15,15,15,15,15
20,0.0016,0.6867,0.2334,57,75,81,81,81,81,81,81,81,81,81,81,81,81,81,81,81,81,81,81,14,15,15,15,15,15,15,15,15,15,15,15,15,15,15,15,15,15,15,15
