0,1,0.1689,0.9629,0.2379,0.9160
0,2,0.1460,0.9708,0.2191,0.9220
0,3,0.1342,0.9708,0.2089,0.9270
0,4,0.1264,0.9708,0.2020,0.9260
0,5,0.1207,0.9735,0.1968,0.9270
0,6,0.1163,0.9735,0.1927,0.9280
0,7,0.1127,0.9735,0.1894,0.9280
0,8,0.1096,0.9735,0.1865,0.9290
0,9,0.1070,0.9735,0.1841,0.9300
0,10,0.1047,0.9735,0.1819,0.9320
0,11,0.1027,0.9735,0.1800,0.9340
0,12,0.1009,0.9735,0.1783,0.9350
0,13,0.0993,0.9735,0.1767,0.9360
0,14,0.0978,0.9735,0.1753,0.9350
0,15,0.0964,0.9735,0.1740,0.9350
0,16,0.0952,0.9735,0.1727,0.9350
0,17,0.0940,0.9735,0.1716,0.9350
0,18,0.0929,0.9735,0.1705,0.9350
0,19,0.0919,0.9735,0.1695,0.9350
0,20,0.0909,0.9761,0.1686,0.9350
3,1,0.1691,0.9629,0.2381,0.9170
3,2,0.1462,0.9708,0.2193,0.9220
3,3,0.1344,0.9708,0.2091,0.9270
3,4,0.1266,0.9708,0.2022,0.9280
3,5,0.1209,0.9735,0.1971,0.9290
3,6,0.1164,0.9735,0.1930,0.9280
3,7,0.1128,0.9735,0.1896,0.9280
3,8,0.1097,0.9735,0.1868,0.9280
3,9,0.1071,0.9735,0.1843,0.9280
3,10,0.1048,0.9735,0.1822,0.9300
3,11,0.1028,0.9735,0.1803,0.9330
3,12,0.1010,0.9735,0.1786,0.9340
3,13,0.0994,0.9735,0.1770,0.9350
3,14,0.0979,0.9735,0.1756,0.9350
3,15,0.0965,0.9735,0.1742,0.9350
3,16,0.0953,0.9735,0.1730,0.9350
3,17,0.0941,0.9735,0.1719,0.9350
3,18,0.0930,0.9735,0.1708,0.9350
3,19,0.0920,0.9735,0.1698,0.9350
3,20,0.0910,0.9761,0.1689,0.9350
9,1,0.1692,0.9629,0.2383,0.9160
9,2,0.1463,0.9708,0.2195,0.9230
9,3,0.1344,0.9708,0.2093,0.9270
9,4,0.1267,0.9708,0.2024,0.9270
9,5,0.1210,0.9708,0.1972,0.9270
9,6,0.1165,0.9735,0.1932,0.9280
9,7,0.1129,0.9735,0.1898,0.9280
9,8,0.1098,0.9735,0.1870,0.9280
9,9,0.1072,0.9735,0.1845,0.9280
9,10,0.1049,0.9735,0.1823,0.9300
9,11,0.1029,0.9735,0.1804,0.9320
9,12,0.1011,0.9735,0.1787,0.9340
9,13,0.0994,0.9735,0.1771,0.9340
9,14,0.0979,0.9735,0.1757,0.9340
9,15,0.0966,0.9735,0.1744,0.9340
9,16,0.0953,0.9735,0.1732,0.9350
9,17,0.0941,0.9735,0.1720,0.9350
9,18,0.0931,0.9735,0.1709,0.9350
9,19,0.0920,0.9735,0.1699,0.9350
9,20,0.0911,0.9735,0.1690,0.9350
15,1,0.1700,0.9602,0.2389,0.9160
15,2,0.1470,0.9708,0.2201,0.9230
15,3,0.1351,0.9708,0.2099,0.9270
15,4,0.1274,0.9708,0.2030,0.9270
15,5,0.1216,0.9708,0.1978,0.9270
15,6,0.1172,0.9735,0.1937,0.9270
15,7,0.1135,0.9735,0.1904,0.9280
15,8,0.1104,0.9735,0.1875,0.9280
15,9,0.1078,0.9735,0.1850,0.9280
15,10,0.1055,0.9735,0.1829,0.9310
15,11,0.1035,0.9735,0.1810,0.9310
15,12,0.1016,0.9735,0.1792,0.9330
15,13,0.1000,0.9735,0.1777,0.9340
15,14,0.0985,0.9735,0.1763,0.9340
15,15,0.0971,0.9735,0.1749,0.9340
15,16,0.0959,0.9735,0.1737,0.9350
15,17,0.0947,0.9735,0.1726,0.9350
15,18,0.0936,0.9735,0.1715,0.9350
15,19,0.0926,0.9735,0.1705,0.9350
15,20,0.0916,0.9735,0.1696,0.9360
21,1,0.1713,0.9602,0.2404,0.9160
21,2,0.1484,0.9708,0.2216,0.9200
21,3,0.1365,0.9708,0.2115,0.9250
21,4,0.1287,0.9708,0.2047,0.9270
21,5,0.1230,0.9708,0.1995,0.9270
21,6,0.1185,0.9708,0.1955,0.9270
21,7,0.1149,0.9735,0.1921,0.9270
21,8,0.1118,0.9735,0.1893,0.9280
21,9,0.1092,0.9735,0.1869,0.9290
21,10,0.1069,0.9735,0.1847,0.9290
21,11,0.1049,0.9735,0.1828,0.9300
21,12,0.1030,0.9735,0.1810,0.9310
21,13,0.1014,0.9735,0.1795,0.9330
21,14,0.0999,0.9735,0.1781,0.9340
21,15,0.0985,0.9735,0.1767,0.9340
21,16,0.0972,0.9735,0.1755,0.9340
21,17,0.0960,0.9735,0.1744,0.9350
21,18,0.0949,0.9735,0.1733,0.9350
21,19,0.0939,0.9735,0.1723,0.9350
21,20,0.0929,0.9735,0.1714,0.9350
27,1,0.1733,0.9576,0.2419,0.9170
27,2,0.1504,0.9682,0.2234,0.9190
27,3,0.1385,0.9708,0.2133,0.9250
27,4,0.1307,0.9708,0.2065,0.9270
27,5,0.1250,0.9708,0.2014,0.9280
27,6,0.1205,0.9708,0.1973,0.9280
27,7,0.1169,0.9708,0.1940,0.9280
27,8,0.1138,0.9708,0.1912,0.9280
27,9,0.1112,0.9735,0.1887,0.9300
27,10,0.1088,0.9735,0.1866,0.9300
27,11,0.1068,0.9735,0.1847,0.9300
27,12,0.1050,0.9735,0.1830,0.9290
27,13,0.1033,0.9735,0.1814,0.9300
27,14,0.1018,0.9735,0.1800,0.9310
27,15,0.1004,0.9735,0.1786,0.9310
27,16,0.0991,0.9735,0.1774,0.9320
27,17,0.0979,0.9735,0.1763,0.9320
27,18,0.0968,0.9735,0.1752,0.9330
27,19,0.0958,0.9735,0.1742,0.9330
27,20,0.0948,0.9735,0.1733,0.9330
33,1,0.1771,0.9576,0.2456,0.9150
33,2,0.1541,0.9655,0.2273,0.9170
33,3,0.1422,0.9708,0.2173,0.9220
33,4,0.1344,0.9708,0.2105,0.9260
33,5,0.1287,0.9708,0.2055,0.9250
33,6,0.1242,0.9708,0.2014,0.9270
33,7,0.1205,0.9708,0.1981,0.9270
33,8,0.1174,0.9708,0.1953,0.9270
33,9,0.1147,0.9708,0.1929,0.9280
33,10,0.1124,0.9708,0.1907,0.9290
33,11,0.1104,0.9735,0.1888,0.9290
33,12,0.1085,0.9735,0.1871,0.9290
33,13,0.1069,0.9735,0.1855,0.9300
33,14,0.1053,0.9735,0.1841,0.9310
33,15,0.1040,0.9735,0.1828,0.9310
33,16,0.1027,0.9735,0.1815,0.9310
33,17,0.1015,0.9735,0.1804,0.9310
33,18,0.1003,0.9735,0.1793,0.9310
33,19,0.0993,0.9735,0.1783,0.9320
33,20,0.0983,0.9735,0.1774,0.9320
39,1,0.1828,0.9549,0.2506,0.9120
39,2,0.1598,0.9629,0.2327,0.9160
39,3,0.1479,0.9682,0.2230,0.9150
39,4,0.1401,0.9682,0.2164,0.9180
39,5,0.1343,0.9708,0.2114,0.9190
39,6,0.1298,0.9708,0.2075,0.9200
39,7,0.1261,0.9708,0.2042,0.9230
39,8,0.1230,0.9708,0.2014,0.9260
39,9,0.1203,0.9708,0.1990,0.9270
39,10,0.1180,0.9708,0.1969,0.9280
39,11,0.1159,0.9708,0.1950,0.9280
39,12,0.1141,0.9708,0.1933,0.9280
39,13,0.1124,0.9708,0.1918,0.9280
39,14,0.1109,0.9735,0.1903,0.9290
39,15,0.1095,0.9735,0.1890,0.9290
39,16,0.1082,0.9735,0.1878,0.9290
39,17,0.1070,0.9735,0.1867,0.9300
39,18,0.1058,0.9735,0.1856,0.9310
39,19,0.1048,0.9735,0.1846,0.9310
39,20,0.1038,0.9735,0.1837,0.9310
45,1,0.1938,0.9523,0.2604,0.9060
45,2,0.1709,0.9629,0.2431,0.9150
45,3,0.1591,0.9629,0.2339,0.9160
45,4,0.1513,0.9655,0.2276,0.9180
45,5,0.1455,0.9682,0.2229,0.9180
45,6,0.1410,0.9682,0.2192,0.9180
45,7,0.1373,0.9682,0.2161,0.9190
45,8,0.1342,0.9682,0.2134,0.9190
45,9,0.1315,0.9682,0.2112,0.9200
45,10,0.1292,0.9682,0.2092,0.9200
45,11,0.1271,0.9682,0.2074,0.9220
45,12,0.1253,0.9708,0.2058,0.9220
45,13,0.1236,0.9708,0.2043,0.9220
45,14,0.1221,0.9708,0.2029,0.9220
45,15,0.1207,0.9708,0.2017,0.9230
45,16,0.1194,0.9708,0.2005,0.9230
45,17,0.1182,0.9708,0.1995,0.9230
45,18,0.1170,0.9708,0.1985,0.9230
45,19,0.1160,0.9708,0.1975,0.9230
45,20,0.1150,0.9708,0.1966,0.9230
51,1,0.2061,0.9496,0.2702,0.8980
51,2,0.1831,0.9602,0.2535,0.9070
51,3,0.1713,0.9629,0.2448,0.9110
51,4,0.1635,0.9655,0.2389,0.9120
51,5,0.1577,0.9655,0.2346,0.9140
51,6,0.1532,0.9655,0.2311,0.9160
51,7,0.1495,0.9682,0.2282,0.9160
51,8,0.1464,0.9682,0.2258,0.9160
51,9,0.1437,0.9682,0.2237,0.9160
51,10,0.1414,0.9682,0.2218,0.9160
51,11,0.1393,0.9682,0.2202,0.9170
51,12,0.1374,0.9682,0.2187,0.9170
51,13,0.1357,0.9682,0.2173,0.9180
51,14,0.1342,0.9682,0.2161,0.9180
51,15,0.1328,0.9682,0.2150,0.9190
51,16,0.1315,0.9682,0.2139,0.9200
51,17,0.1302,0.9682,0.2129,0.9200
51,18,0.1291,0.9682,0.2120,0.9210
51,19,0.1280,0.9682,0.2111,0.9210
51,20,0.1270,0.9682,0.2103,0.9210
57,1,0.2200,0.9416,0.2828,0.8910
57,2,0.1970,0.9549,0.2666,0.9020
57,3,0.1852,0.9602,0.2583,0.9060
57,4,0.1774,0.9602,0.2528,0.9080
57,5,0.1716,0.9602,0.2488,0.9100
57,6,0.1671,0.9629,0.2456,0.9100
57,7,0.1634,0.9629,0.2430,0.9100
57,8,0.1603,0.9629,0.2407,0.9110
57,9,0.1577,0.9655,0.2388,0.9110
57,10,0.1553,0.9655,0.2372,0.9110
57,11,0.1532,0.9655,0.2357,0.9110
57,12,0.1514,0.9655,0.2343,0.9140
57,13,0.1497,0.9655,0.2331,0.9140
57,14,0.1481,0.9655,0.2320,0.9140
57,15,0.1467,0.9682,0.2310,0.9140
57,16,0.1454,0.9682,0.2300,0.9140
57,17,0.1442,0.9682,0.2291,0.9140
57,18,0.1430,0.9682,0.2283,0.9140
57,19,0.1420,0.9682,0.2275,0.9150
57,20,0.1410,0.9682,0.2268,0.9150
63,1,0.2365,0.9337,0.2959,0.8860
63,2,0.2132,0.9443,0.2797,0.8990
63,3,0.2012,0.9549,0.2716,0.8990
63,4,0.1934,0.9602,0.2663,0.9010
63,5,0.1876,0.9602,0.2625,0.9020
63,6,0.1831,0.9602,0.2594,0.9050
63,7,0.1794,0.9602,0.2570,0.9040
63,8,0.1763,0.9602,0.2549,0.9040
63,9,0.1736,0.9602,0.2531,0.9040
63,10,0.1713,0.9602,0.2515,0.9040
63,11,0.1692,0.9602,0.2502,0.9050
63,12,0.1673,0.9602,0.2489,0.9060
63,13,0.1656,0.9602,0.2478,0.9070
63,14,0.1641,0.9602,0.2468,0.9080
63,15,0.1627,0.9602,0.2458,0.9090
63,16,0.1614,0.9602,0.2449,0.9090
63,17,0.1601,0.9602,0.2441,0.9090
63,18,0.1590,0.9602,0.2434,0.9090
63,19,0.1580,0.9629,0.2426,0.9090
63,20,0.1570,0.9629,0.2420,0.9090
69,1,0.2557,0.9231,0.3101,0.8820
69,2,0.2316,0.9363,0.2932,0.8960
69,3,0.2194,0.9443,0.2848,0.8970
69,4,0.2113,0.9443,0.2795,0.8990
69,5,0.2054,0.9523,0.2755,0.9010
69,6,0.2008,0.9549,0.2725,0.9000
69,7,0.1970,0.9549,0.2700,0.9010
69,8,0.1938,0.9576,0.2679,0.9020
69,9,0.1911,0.9576,0.2661,0.9020
69,10,0.1887,0.9576,0.2646,0.9020
69,11,0.1866,0.9602,0.2632,0.9020
69,12,0.1847,0.9602,0.2620,0.9020
69,13,0.1830,0.9602,0.2609,0.9030
69,14,0.1814,0.9602,0.2599,0.9030
69,15,0.1800,0.9602,0.2590,0.9030
69,16,0.1787,0.9602,0.2581,0.9030
69,17,0.1774,0.9602,0.2573,0.9030
69,18,0.1763,0.9602,0.2566,0.9030
69,19,0.1752,0.9602,0.2559,0.9050
69,20,0.1742,0.9602,0.2553,0.9050
75,1,0.2937,0.9045,0.3359,0.8740
75,2,0.2680,0.9204,0.3172,0.8860
75,3,0.2549,0.9310,0.3080,0.8890
75,4,0.2463,0.9310,0.3020,0.8920
75,5,0.2400,0.9390,0.2977,0.8920
75,6,0.2351,0.9390,0.2944,0.8950
75,7,0.2311,0.9390,0.2917,0.8960
75,8,0.2278,0.9390,0.2894,0.8990
75,9,0.2249,0.9390,0.2875,0.8980
75,10,0.2224,0.9390,0.2858,0.8980
75,11,0.2201,0.9416,0.2843,0.8990
75,12,0.2181,0.9443,0.2830,0.9000
75,13,0.2163,0.9443,0.2818,0.9010
75,14,0.2147,0.9443,0.2807,0.9010
75,15,0.2131,0.9443,0.2798,0.9010
75,16,0.2117,0.9469,0.2788,0.9010
75,17,0.2104,0.9469,0.2780,0.9010
75,18,0.2092,0.9469,0.2772,0.9020
75,19,0.2081,0.9496,0.2765,0.9020
75,20,0.2070,0.9496,0.2758,0.9030
81,1,0.4137,0.8408,0.4160,0.8330
81,2,0.3853,0.8568,0.3946,0.8440
81,3,0.3707,0.8700,0.3836,0.8520
81,4,0.3610,0.8727,0.3765,0.8570
81,5,0.3539,0.8727,0.3712,0.8620
81,6,0.3484,0.8727,0.3671,0.8620
81,7,0.3438,0.8780,0.3637,0.8630
81,8,0.3400,0.8780,0.3609,0.8670
81,9,0.3367,0.8806,0.3585,0.8680
81,10,0.3339,0.8806,0.3564,0.8680
81,11,0.3313,0.8833,0.3545,0.8690
81,12,0.3290,0.8833,0.3528,0.8700
81,13,0.3269,0.8833,0.3513,0.8700
81,14,0.3250,0.8833,0.3499,0.8710
81,15,0.3233,0.8859,0.3487,0.8710
81,16,0.3217,0.8859,0.3475,0.8710
81,17,0.3202,0.8886,0.3464,0.8710
81,18,0.3188,0.8886,0.3454,0.8720
81,19,0.3175,0.8912,0.3445,0.8720
81,20,0.3162,0.8939,0.3436,0.8720
84,1,0.7644,0.4721,0.6835,0.5710
84,2,0.7613,0.4775,0.6811,0.5720
84,3,0.7595,0.4775,0.6797,0.5700
84,4,0.7583,0.4775,0.6787,0.5720
84,5,0.7573,0.4775,0.6779,0.5730
84,6,0.7565,0.4775,0.6773,0.5730
84,7,0.7558,0.4775,0.6768,0.5730
84,8,0.7552,0.4801,0.6763,0.5730
84,9,0.7547,0.4801,0.6759,0.5730
84,10,0.7542,0.4801,0.6756,0.5740
84,11,0.7538,0.4801,0.6752,0.5750
84,12,0.7534,0.4801,0.6750,0.5740
84,13,0.7531,0.4801,0.6747,0.5740
84,14,0.7527,0.4801,0.6744,0.5740
84,15,0.7524,0.4775,0.6742,0.5740
84,16,0.7522,0.4775,0.6740,0.5750
84,17,0.7519,0.4775,0.6738,0.5750
84,18,0.7516,0.4775,0.6736,0.5750
84,19,0.7514,0.4775,0.6734,0.5750
84,20,0.7512,0.4775,0.6732,0.5760
