input_1,2,0,393.422,398.534
conv2d_1/convolution,2,35.3774,382.475,377.572
batch_normalization_1/cond/Merge,2,77.2376,362.338,357.768
leaky_re_lu_1/sub,2,85.0551,353.619,353.66
conv2d_2/convolution,2,91.4493,339.731,339.701
batch_normalization_2/cond/Merge,2,109.65,338.704,334.834
leaky_re_lu_2/sub,2,110.91,334.022,330.152
conv2d_3/convolution,2,115.963,323.442,323.219
batch_normalization_3/cond/Merge,2,119.582,304.92,318.741
leaky_re_lu_3/sub,2,129.314,315.201,318.289
conv2d_4/convolution,2,126.283,315.884,319.041
batch_normalization_4/cond/Merge,2,132.807,314.473,314.587
leaky_re_lu_4/sub,2,131.587,306.914,310.03
conv2d_5/convolution,2,140.3,309.412,306.886
batch_normalization_5/cond/Merge,2,147.771,292.607,302.274
leaky_re_lu_5/sub,2,154.181,306.555,303.774
conv2d_6/convolution,2,160.515,292.401,298.083
batch_normalization_6/cond/Merge,2,162.216,282.109,290.943
leaky_re_lu_6/sub,2,167.84,292.079,292.307
conv2d_7/convolution,2,166.361,286.739,293.316
batch_normalization_7/cond/Merge,2,171.455,288.348,291.246
leaky_re_lu_7/sub,2,170.174,285.765,291.479
conv2d_8/convolution,2,177.093,277.574,282.333
batch_normalization_8/cond/Merge,2,185.294,281.942,281.77
leaky_re_lu_8/sub,2,183.669,272.672,279.019
conv2d_9/convolution,2,198.579,270.418,274.878
batch_normalization_9/cond/Merge,2,201.754,269.377,271.643
leaky_re_lu_9/sub,2,202.852,271.78,274.534
conv2d_10/convolution,2,204.98,269.192,273.404
batch_normalization_10/cond/Merge,2,206.302,268.387,273.001
leaky_re_lu_10/sub,2,207.935,272.287,271.863
conv2d_11/convolution,2,217.617,258.862,263.188
batch_normalization_11/cond/Merge,2,220.736,257.614,262.446
leaky_re_lu_11/sub,2,224.672,260.312,265.145
conv2d_12/convolution,2,223.02,256.787,261.119
batch_normalization_12/cond/Merge,2,228.127,260.692,263.04
leaky_re_lu_12/sub,2,226.223,257.538,259.162
conv2d_13/convolution,2,241.681,258.609,255.453
batch_normalization_13/cond/Merge,2,242.29,249.778,253.651
leaky_re_lu_13/sub,2,243.67,258.01,250.164
batch_normalization_22/cond/Merge,2,216.121,1.50832,1.36284
leaky_re_lu_22/sub,2,213.131,1.07271,0.954736
conv2d_22/convolution,2,214.693,12.3636,12.4426
conv2d_24/BiasAdd,2,210.058
input_1,4,0,819.869,818.141,819.323,821.649
conv2d_1/convolution,4,58.9457,755.245,752.838,752.698,754.227
batch_normalization_1/cond/Merge,4,113.255,689.334,687.628,688.706,687.969
leaky_re_lu_1/sub,4,130.103,672.886,673.563,673.281,673.216
conv2d_2/convolution,4,130.68,646.278,645.449,645.055,647.8
batch_normalization_2/cond/Merge,4,152.655,607.923,608.467,595.938,610.045
leaky_re_lu_2/sub,4,152.164,596.346,598.414,597.516,598.339
conv2d_3/convolution,4,161.677,577.037,576.826,575.277,577.392
batch_normalization_3/cond/Merge,4,176.586,558.596,558.095,558.602,567.718
leaky_re_lu_3/sub,4,184.127,558.09,555.813,557.503,558.828
conv2d_4/convolution,4,182.74,558.59,548.125,551.529,559.53
batch_normalization_4/cond/Merge,4,193.909,563.894,562.072,560.399,564.886
leaky_re_lu_4/sub,4,188.769,543.316,541.166,540.661,551.885
conv2d_5/convolution,4,201.535,523.491,524.793,525.766,533.706
batch_normalization_5/cond/Merge,4,213.206,506.901,513.545,514.029,514.6
leaky_re_lu_5/sub,4,210.86,503.287,504.753,510.649,517.984
conv2d_6/convolution,4,229.203,502.301,501.223,487.304,501.571
batch_normalization_6/cond/Merge,4,238.179,486.565,492.139,484.046,498.67
leaky_re_lu_6/sub,4,240.823,492.69,484.792,485.768,492.564
conv2d_7/convolution,4,239.326,476.387,476.466,476.796,484.2
batch_normalization_7/cond/Merge,4,246.274,467.359,467.951,476.224,482.987
leaky_re_lu_7/sub,4,246.102,477.178,477.339,469.692,477.652
conv2d_8/convolution,4,259.776,454.286,465.526,459.477,468.989
batch_normalization_8/cond/Merge,4,268.49,457.299,456.43,463.422,462.467
leaky_re_lu_8/sub,4,263.477,450.775,440.77,448.306,456.971
conv2d_9/convolution,4,296.74,438.456,446.088,438.215,443.396
batch_normalization_9/cond/Merge,4,295.763,428.262,427.638,434.492,432.195
leaky_re_lu_9/sub,4,293.085,426.468,426.955,423.644,432.737
conv2d_10/convolution,4,301.514,437.865,431.873,432.734,430.889
batch_normalization_10/cond/Merge,4,303.108,423.881,423.777,420.249,428.846
leaky_re_lu_10/sub,4,300.26,409.375,429.283,418.538,428.841
conv2d_11/convolution,4,324.833,404.094,404.939,409.376,407.985
batch_normalization_11/cond/Merge,4,331.419,399.247,404.685,404.737,404.427
leaky_re_lu_11/sub,4,336.446,401.012,406.946,400.84,404.581
conv2d_12/convolution,4,335.824,396.239,398.729,402.317,400.867
batch_normalization_12/cond/Merge,4,340.922,399.813,399.643,393.594,398.721
leaky_re_lu_12/sub,4,345.343,398.133,401.828,399.737,398.431
conv2d_13/convolution,4,366.295,380.862,381.641,381.269,380.897
batch_normalization_13/cond/Merge,4,377.773,386.581,384.987,383.674,386.079
leaky_re_lu_13/sub,4,368.224,370.963,370.26,368.97,369.635
batch_normalization_22/cond/Merge,4,215.377,7.36541,6.24723,1.80785,1.71241
leaky_re_lu_22/sub,4,215.782,1.13205,1.34962,1.35783,1.22517
conv2d_22/convolution,4,214.809,13.3045,11.0933,11.582,12.0295
conv2d_24/BiasAdd,4,214.422
input_1,6,0,1277.46,1221.28,1274.53,1278.1,1224.84,1265.98
conv2d_1/convolution,6,60.2056,1129.92,1135.99,1055.65,1113.16,1099.04,1147.24
batch_normalization_1/cond/Merge,6,120.73,1037.76,1022.73,1029.69,999.667,1031.76,1002.34
leaky_re_lu_1/sub,6,149.275,989.859,993.876,991.604,1000.68,988.101,987.409
conv2d_2/convolution,6,171.263,957.934,957.552,941.601,965.32,922.247,943.534
batch_normalization_2/cond/Merge,6,183.88,882.897,885.706,877.391,892.717,887.629,885.909
leaky_re_lu_2/sub,6,206.722,875.358,874.77,873.976,869.634,868.875,871.538
conv2d_3/convolution,6,209.818,851.324,834.608,842.819,808.291,844.702,889.803
batch_normalization_3/cond/Merge,6,232.978,816.177,814.287,809.527,815.245,808.494,809.945
leaky_re_lu_3/sub,6,233.525,787.137,813.234,811.8,810.054,813.409,804.911
conv2d_4/convolution,6,240.825,804.497,798.042,798.659,809.141,799.741,801.831
batch_normalization_4/cond/Merge,6,261.483,794.66,802.407,801.358,802.212,777.816,818.373
leaky_re_lu_4/sub,6,263.766,788.206,789.842,787.69,786.391,790.095,786.57
conv2d_5/convolution,6,272.78,761.408,761.971,766.147,762.555,757.992,776.376
batch_normalization_5/cond/Merge,6,291.226,737.341,723.095,733.36,739.59,724.161,732.116
leaky_re_lu_5/sub,6,296.801,743.625,728.047,736.925,740.743,729.263,741.301
conv2d_6/convolution,6,310.207,701.735,703.37,717.227,700.765,702.585,695.092
batch_normalization_6/cond/Merge,6,320.161,682.673,692.636,674.941,682.316,683.981,691.349
leaky_re_lu_6/sub,6,333.56,685.66,684.086,682.318,684.215,662.857,694.999
conv2d_7/convolution,6,328.057,688.596,689.04,685.557,685.687,672.805,681.684
batch_normalization_7/cond/Merge,6,342.574,686.824,685.712,692.191,688.27,670.056,684.08
leaky_re_lu_7/sub,6,345.912,664.443,676.816,677.404,672.275,664.472,672.894
conv2d_8/convolution,6,347.269,635.83,646.039,651.862,648.051,623.393,646.906
batch_normalization_8/cond/Merge,6,374.798,624.477,638.351,626.079,638.133,632.474,633.725
leaky_re_lu_8/sub,6,379.847,628.785,627.578,629.058,629.483,625.631,634.207
conv2d_9/convolution,6,399.731,605.813,604.122,598.889,605.911,596.895,599.931
batch_normalization_9/cond/Merge,6,422.329,600.378,605.841,612.153,589.898,602.344,600.504
leaky_re_lu_9/sub,6,413.009,584.101,591.324,583.082,594.27,584.701,603.59
conv2d_10/convolution,6,411.575,594.504,592.581,601.733,588.512,589.986,598.787
batch_normalization_10/cond/Merge,6,436.417,588.956,595.044,582.378,584.09,594.023,579.293
leaky_re_lu_10/sub,6,458.863,587.124,597.179,584.985,597.142,597.684,588.223
conv2d_11/convolution,6,452.991,557.566,564.933,565.922,556.364,556.354,562.884
batch_normalization_11/cond/Merge,6,474.643,551.043,547.995,560.755,572.301,547.644,567.684
leaky_re_lu_11/sub,6,476.925,558.527,559.237,562.658,547.895,567.297,555.564
conv2d_12/convolution,6,470.984,552.819,551.464,546.216,540.332,545.774,543.221
batch_normalization_12/cond/Merge,6,484.102,545.687,540.281,541.975,545.182,544.434,546.441
leaky_re_lu_12/sub,6,499.01,549.303,547.49,549.359,558.035,545.06,553.732
conv2d_13/convolution,6,500.499,510.457,508.524,502.259,512.768,525.848,504.873
batch_normalization_13/cond/Merge,6,505.908,504.553,501.411,507.331,509.301,502.782,504.434
leaky_re_lu_13/sub,6,499.206,500.107,497.376,497.039,500.854,495.632,501.059
batch_normalization_22/cond/Merge,6,217.033,5.22055,6.21458,6.94173,4.67759,2.09928,2.13046
leaky_re_lu_22/sub,6,217.597,1.35481,1.51396,1.36974,1.59853,1.6019,1.59846
conv2d_22/convolution,6,216.38,14.6819,14.5746,13.8615,11.4673,11.4382,11.9431
conv2d_24/BiasAdd,6,212.037
input_1,8,0,1729.92,1755.27,1693.3,1692.34,1795.26,1760.95,1776.49,1753.35
conv2d_1/convolution,8,156.746,1473.48,1474.57,1542.51,1513.27,1503.43,1490.54,1511.43,1532.93
batch_normalization_1/cond/Merge,8,212.22,1363.07,1376.13,1320.4,1391.68,1374.78,1408.54,1350.06,1362.07
leaky_re_lu_1/sub,8,214.833,1372.93,1331.71,1343.61,1334.54,1318.44,1312.61,1353.66,1312.86
conv2d_2/convolution,8,279.451,1252.28,1215.66,1252.48,1254.91,1237.36,1239.74,1247.12,1282.19
batch_normalization_2/cond/Merge,8,303.063,1197.34,1190.14,1220.34,1135.22,1174.75,1176.11,1171.72,1259.49
leaky_re_lu_2/sub,8,335.424,1166.45,1189.67,1155.15,1179.26,1178.29,1157.94,1158.72,1230.76
conv2d_3/convolution,8,359.644,1080.34,1124.69,1073.67,1109.64,1119.87,1114.3,1085.32,1166.74
batch_normalization_3/cond/Merge,8,360.881,1080.31,1013.42,1085.72,1087.67,1052.53,1087.99,1086.24,1108.84
leaky_re_lu_3/sub,8,306.206,1077.69,1044.62,1071.37,1086.71,1028.66,1077.42,1059.6,1097.72
conv2d_4/convolution,8,376.366,1046,1063.96,1025.79,1069.64,1078.89,1080.39,1037.54,1095.79
batch_normalization_4/cond/Merge,8,341.914,1037.08,1050.87,1026.73,1032.67,1079.59,1049,1033.76,1059
leaky_re_lu_4/sub,8,424.597,1055.02,1063.67,1021.78,977.508,1071.8,1034.67,1005.89,1085.38
conv2d_5/convolution,8,581.934,1048.37,1015.35,1019.72,1043.65,1021.03,1005.71,980.645,980.484
batch_normalization_5/cond/Merge,8,445.71,960.069,958.163,984.534,990.08,948.138,949.101,950.02,1011.74
leaky_re_lu_5/sub,8,433.161,963.313,972.753,918.988,980.517,938.382,972.116,936.927,980.384
conv2d_6/convolution,8,433.671,906.748,906.01,948.27,918.394,919.278,879.435,937.056,945.12
batch_normalization_6/cond/Merge,8,526.913,897.992,867.053,871.539,892.281,933.322,900.023,921.373,952.213
leaky_re_lu_6/sub,8,488.351,840.338,893.286,895.403,874.872,913.439,892.633,917.139,899.515
conv2d_7/convolution,8,505.302,923.834,863.757,856.534,864.998,915.967,872.876,881.087,891.963
batch_normalization_7/cond/Merge,8,506.647,862.83,875.796,899.924,879.318,912.077,865.74,826.517,896.692
leaky_re_lu_7/sub,8,566.209,889.093,860.514,886.57,871.765,830.518,840.54,925.666,888.371
conv2d_8/convolution,8,492.086,848.515,823.217,844.071,876.736,817.328,798.666,842.063,860.311
batch_normalization_8/cond/Merge,8,580.039,838.683,858.876,850.404,832.47,814.793,876.831,862.915,837.91
leaky_re_lu_8/sub,8,552.32,779.466,836.693,818.75,835.733,814.611,811.911,810.914,829.631
conv2d_9/convolution,8,555.574,770.184,775.855,774.448,768.907,767.811,746.024,765.56,792.7
batch_normalization_9/cond/Merge,8,614.816,793.288,792.753,747.287,786.209,793.893,717.481,822.222,760.676
leaky_re_lu_9/sub,8,599.228,758.855,769.884,780.803,787.859,765.995,786.62,786.905,733.87
conv2d_10/convolution,8,585.936,745.286,738.834,776.977,773.757,760.541,799.464,780.187,733.525
batch_normalization_10/cond/Merge,8,595.846,767.911,761.958,748.561,750.316,725.684,769.964,764.615,783.646
leaky_re_lu_10/sub,8,620.365,726.82,748.569,768.011,731.382,754.23,751.073,760.088,745.398
conv2d_11/convolution,8,612.309,693.123,715.705,723.076,722.168,705.396,716.459,723.33,716.364
batch_normalization_11/cond/Merge,8,635.173,719.316,690.389,704.067,682.108,706.519,718.3,705.777,693.343
leaky_re_lu_11/sub,8,662.34,695.23,677.67,696.107,709.419,698.361,681.237,728.778,711.574
conv2d_12/convolution,8,665.27,669.64,711.704,699.655,701.921,706.063,714.227,694.568,679.661
batch_normalization_12/cond/Merge,8,660.306,684.909,681.679,700.184,696.111,705.775,690.502,713.752,717.677
leaky_re_lu_12/sub,8,675.361,695.701,706.306,694.148,688.55,695.057,685.361,708.385,697.702
conv2d_13/convolution,8,631.285,639.449,650.157,631.133,645.033,620.41,642.805,641.397,635.315
batch_normalization_13/cond/Merge,8,619.918,617.329,603.762,619.959,620.118,611.495,643.31,634.339,630.954
leaky_re_lu_13/sub,8,630.955,613.007,615.247,621.102,612.069,636.251,626.368,623.927,632.369
batch_normalization_22/cond/Merge,8,219.381,6.53876,6.36351,5.90914,6.40624,5.75781,4.46822,2.22976,2.22129
leaky_re_lu_22/sub,8,216.01,1.54233,1.73715,1.6093,1.99798,1.64777,1.84984,1.61407,1.89084
conv2d_22/convolution,8,221.295,16.3116,17.6278,17.9332,16.1983,15.7193,12.6395,10.6214,11.8442
conv2d_24/BiasAdd,8,213.292
input_1,10,0,2042.71,2491.08,2120.75,2131.99,2488.23,2428.28,2201.42,2124.42,2202.95,2476.03
conv2d_1/convolution,10,202.812,1955.62,1929.23,1692.88,1979.46,1986.83,1845.84,1838.56,1776.09,1945.5,2206.5
batch_normalization_1/cond/Merge,10,421.746,1789.93,1697.3,1901.61,1553.44,1662.82,1679.66,1784.95,1842.38,1750.87,1712.08
leaky_re_lu_1/sub,10,287.891,1691.63,1568.25,1496.69,1543.04,1734.15,1780.93,1723.55,1716.68,1603.08,1812.34
conv2d_2/convolution,10,378.326,1506.33,1331.59,1469.59,1527.93,1653.94,1543.97,1635.37,1642.65,1524.14,1653.05
batch_normalization_2/cond/Merge,10,467.622,1327.71,1459.44,1452.6,1629.59,1562.09,1360.09,1431.77,1436.87,1394.21,1654.29
leaky_re_lu_2/sub,10,383.686,1289.08,1499.75,1369.86,1469.76,1478.43,1312.51,1349.78,1452.66,1425.37,1566.34
conv2d_3/convolution,10,475.972,1397.98,1422.51,1328.79,1345.21,1271.16,1463.12,1374.5,1446.54,1227.19,1505.54
batch_normalization_3/cond/Merge,10,419.752,1326.88,1295.11,1309.51,1359.69,1352.63,1406.21,1209.08,1392.58,1242.2,1406.23
leaky_re_lu_3/sub,10,488.132,1407.22,1399.82,1244.11,1273.12,1394.24,1271.26,1294.21,1171.99,1348,1408.13
conv2d_4/convolution,10,460.999,1401.07,1314.47,1222.37,1272.96,1325.51,1192.91,1408.2,1386.27,1249.68,1386.32
batch_normalization_4/cond/Merge,10,433.883,1214.06,1338.64,1237.96,1332.9,1403.87,1345.57,1337.38,1289.38,1240.63,1373.53
leaky_re_lu_4/sub,10,428.279,1257.46,1271.51,1286.49,1256.2,1294.99,1270.06,1298.54,1232.45,1263.85,1306.95
conv2d_5/convolution,10,512.405,1259.1,1147.47,1133.53,1208.02,1313.33,1190.37,1326.37,1290.14,1320.47,1291.64
batch_normalization_5/cond/Merge,10,496.83,1172.91,1060.72,1144.09,1173.56,1220.27,1251.33,1185.5,1110.52,1265.57,1239.85
leaky_re_lu_5/sub,10,548.336,1097.85,1215.14,1177.7,1235.72,1164.34,1261.31,1176.22,1126.53,1082.95,1241.39
conv2d_6/convolution,10,548.478,1134.66,1094.32,1210.41,1196.87,1184.55,1063.06,1160.79,1075.55,1238.28,1093.2
batch_normalization_6/cond/Merge,10,634.712,1156.15,1184.63,1086.44,1183.79,1098.86,1253.84,1188.76,1019.34,1029.77,1023.28
leaky_re_lu_6/sub,10,550.816,1100.33,1118.35,1082.05,1062.32,1125.88,1160.58,1160.3,1049.39,965.57,1140.63
conv2d_7/convolution,10,565.133,1059.01,1030.31,1116.25,1027.65,1143.85,1115.28,1059.19,1047.88,992.37,1159.42
batch_normalization_7/cond/Merge,10,661.363,1138.67,1061.28,1227.33,1067.06,1041.32,1061.6,1094.58,1134.59,1226.01,1013.03
leaky_re_lu_7/sub,10,580.469,941.735,1081.67,1017.31,1074.79,1053.43,1044.45,989.593,1098.82,1102.16,1117.64
conv2d_8/convolution,10,646.893,1054.22,987.611,960.325,1042.6,985.248,1069.61,1057.59,935.312,1050.27,1045.02
batch_normalization_8/cond/Merge,10,729.403,1028.86,1084.9,1091.46,980.459,993.365,1048.48,988.86,983.035,1034.45,980.565
leaky_re_lu_8/sub,10,662.383,947.927,1027.84,1024.41,1057.93,974.637,892.616,1052.24,968.626,1085.97,1006.4
conv2d_9/convolution,10,677.298,939.896,867.345,820.999,1032.38,890.168,1014.72,950.738,873.866,1043.26,961.78
batch_normalization_9/cond/Merge,10,705.373,936.012,934.709,874.019,948.555,1002.22,902.522,980.803,914.923,899.2,970.601
leaky_re_lu_9/sub,10,678.04,918.607,948.418,974.983,859.463,951.993,943.873,951.251,938.521,875.432,979.91
conv2d_10/convolution,10,684.353,890.593,920.375,884.067,917.723,928.915,883.086,908.167,898.559,956.425,972.069
batch_normalization_10/cond/Merge,10,695.414,991.021,952.594,883.002,901.876,889.358,926.176,964.58,906.488,970.301,917.323
leaky_re_lu_10/sub,10,723.584,858.84,895.816,900.607,939.005,925.905,965.24,977.62,939.305,835.728,944.674
conv2d_11/convolution,10,699.715,911.729,813.201,879.043,800.095,811.523,776.62,841.296,888.255,884.875,909.346
batch_normalization_11/cond/Merge,10,770.815,872.769,1003.17,994.473,859.898,841.344,784.398,943.705,859.805,808.436,776.131
leaky_re_lu_11/sub,10,780.191,906.659,926.363,854.202,798.411,862.08,953.472,823.227,870.642,867.728,790.053
conv2d_12/convolution,10,742.051,864.212,744.217,842.81,880.045,838.541,867.527,870.977,842.336,842.434,839.792
batch_normalization_12/cond/Merge,10,747.108,807.562,821.091,870.49,825.383,841.902,801.947,803.419,834.9,837.596,881.919
leaky_re_lu_12/sub,10,739.723,786.6,828.468,847.564,888.816,868.835,912.258,892.85,816.608,837.499,825.411
conv2d_13/convolution,10,772.021,735.294,780.716,771.696,762.346,722.459,751.591,747.556,781.575,782.187,766.705
batch_normalization_13/cond/Merge,10,759.335,752.598,744.465,718.005,764.176,760.955,782.753,735.533,779.663,732.051,768.891
leaky_re_lu_13/sub,10,758.402,750.848,761.126,761.869,763.326,734.052,754.418,767.679,717.738,731.851,732.33
batch_normalization_22/cond/Merge,10,220.263,6.90121,6.45965,5.21862,6.52507,5.1716,5.28885,6.56896,8.00167,2.76465,2.31335
leaky_re_lu_22/sub,10,216.952,2.01439,1.88291,1.99822,1.89014,1.93363,2.03357,1.67656,1.91543,1.66051,1.64271
conv2d_22/convolution,10,221.645,17.0779,18.655,20.5622,21.0548,21.0627,17.4645,17.374,13.1745,11.0848,11.2291
conv2d_24/BiasAdd,10,211.882
input_1,2,0,0,0
conv2d_2/convolution,2,86.8375,0,0
batch_normalization_3/cond/Merge,2,122.947,0,0
conv2d_5/convolution,2,131.525,0,0
batch_normalization_6/cond/Merge,2,146.522,0,0
conv2d_8/convolution,2,166.819,0,0
batch_normalization_9/cond/Merge,2,185.376,0,0
conv2d_11/convolution,2,200.233,0,0
leaky_re_lu_12/sub,2,204.004,0,0
conv2d_14/convolution,2,290.328,0,0
input_1,4,0,0,0,0,0
conv2d_2/convolution,4,125.563,0,0,0,0
batch_normalization_3/cond/Merge,4,165.217,0,0,0,0
conv2d_5/convolution,4,168.753,0,0,0,0
batch_normalization_6/cond/Merge,4,209.246,0,0,0,0
conv2d_8/convolution,4,237.289,0,0,0,0
batch_normalization_9/cond/Merge,4,276.721,0,0,0,0
conv2d_11/convolution,4,289.74,0,0,0,0
leaky_re_lu_12/sub,4,303.541,0,0,0,0
conv2d_14/convolution,4,396.929,0,0,0,0
input_1,6,0,0,0,0,0,0,0
conv2d_2/convolution,6,176.611,0,0,0,0,0,0
batch_normalization_3/cond/Merge,6,253.936,0,0,0,0,0,0
conv2d_5/convolution,6,303.173,0,0,0,0,0,0
batch_normalization_6/cond/Merge,6,285.442,0,0,0,0,0,0
conv2d_8/convolution,6,299.913,0,0,0,0,0,0
batch_normalization_9/cond/Merge,6,377.14,0,0,0,0,0,0
conv2d_11/convolution,6,400.67,0,0,0,0,0,0
leaky_re_lu_12/sub,6,365.539,0,0,0,0,0,0
conv2d_14/convolution,6,490.517,0,0,0,0,0,0
input_1,8,0,0,0,0,0,0,0,0,0
conv2d_2/convolution,8,206.313,0,0,0,0,0,0,0,0
batch_normalization_3/cond/Merge,8,260.282,0,0,0,0,0,0,0,0
conv2d_5/convolution,8,327.587,0,0,0,0,0,0,0,0
batch_normalization_6/cond/Merge,8,472.664,0,0,0,0,0,0,0,0
conv2d_8/convolution,8,460.397,0,0,0,0,0,0,0,0
batch_normalization_9/cond/Merge,8,447.869,0,0,0,0,0,0,0,0
conv2d_11/convolution,8,307.207,0,0,0,0,0,0,0,0
leaky_re_lu_12/sub,8,274.196,0,0,0,0,0,0,0,0
conv2d_14/convolution,8,378.357,0,0,0,0,0,0,0,0
input_1,10,0,0,0,0,0,0,0,0,0,0,0
conv2d_2/convolution,10,224.501,0,0,0,0,0,0,0,0,0,0
batch_normalization_3/cond/Merge,10,315.119,0,0,0,0,0,0,0,0,0,0
conv2d_5/convolution,10,349.783,0,0,0,0,0,0,0,0,0,0
batch_normalization_6/cond/Merge,10,408.964,0,0,0,0,0,0,0,0,0,0
conv2d_8/convolution,10,448.126,0,0,0,0,0,0,0,0,0,0
batch_normalization_9/cond/Merge,10,257.761,0,0,0,0,0,0,0,0,0,0
conv2d_11/convolution,10,277.663,0,0,0,0,0,0,0,0,0,0
leaky_re_lu_12/sub,10,337.219,0,0,0,0,0,0,0,0,0,0
conv2d_14/convolution,10,382.969,0,0,0,0,0,0,0,0,0,0
input_1,2,0,393.744,394.353
conv2d_2/convolution,2,90.9686,339.228,335.406
batch_normalization_3/cond/Merge,2,125.846,313.422,310.096
conv2d_5/convolution,2,138.102,297.573,303.478
input_1,2,0,397.117,397.312
conv2d_2/convolution,2,90.8598,337.272,337.017
batch_normalization_3/cond/Merge,2,126.743,312.348,312.635
conv2d_5/convolution,2,140.032,297.997,304.366
batch_normalization_6/cond/Merge,2,162.749,285.744,285.663
conv2d_8/convolution,2,178.753,277.552,282.279
batch_normalization_9/cond/Merge,2,200.463,268.813,271.291
conv2d_11/convolution,2,217.069,259.725,261.613
leaky_re_lu_12/sub,2,225.024,257.514,258.489
leaky_re_lu_13/sub,2,243.805,252.625,250.356
concatenate_1/concat,2,219.197,75.5153,75.5575
conv2d_24/BiasAdd,2,210.821
input_1,3,0,608.066,607.384,606.995
conv2d_2/convolution,3,108.507,478.726,494.887,486.391
batch_normalization_3/cond/Merge,3,151.962,437.545,435.105,436.771
conv2d_5/convolution,3,165.764,409.193,409.245,421.12
batch_normalization_6/cond/Merge,3,199.33,379.368,381.672,390.907
conv2d_8/convolution,3,218.257,364.766,369.298,373.736
batch_normalization_9/cond/Merge,3,244.45,348.607,348.689,347.936
conv2d_11/convolution,3,271.201,332.714,332.128,335.173
leaky_re_lu_12/sub,3,281.337,326.999,326.95,329.612
leaky_re_lu_13/sub,3,303.16,309.055,310.679,313.873
concatenate_1/concat,3,234.743,89.3665,89.6097,87.9295
conv2d_24/BiasAdd,3,214.868
input_1,4,0,822.183,819.731,820.762,820.285
conv2d_2/convolution,4,129.861,645.45,645.501,646.115,646.712
batch_normalization_3/cond/Merge,4,176.867,562.098,564.549,554.258,562.777
conv2d_5/convolution,4,197.512,520.911,528.826,522.254,531.333
batch_normalization_6/cond/Merge,4,235.589,479.486,485.972,479,485.847
conv2d_8/convolution,4,256.639,452.617,454.647,454.793,465.776
batch_normalization_9/cond/Merge,4,294.722,428.096,423.105,428.078,433.453
conv2d_11/convolution,4,324.941,408.633,403.629,409.545,406.323
leaky_re_lu_12/sub,4,343.16,398.118,398.622,398.189,397.415
leaky_re_lu_13/sub,4,368.403,373.121,370.772,370.867,371.46
concatenate_1/concat,4,256.319,102.55,102.199,101.715,101.16
conv2d_24/BiasAdd,4,214.44
input_1,5,0,1031.64,1029.22,1037.83,1031.37,1030.55
conv2d_2/convolution,5,135.43,799.933,779.805,778.126,782.824,780.025
batch_normalization_3/cond/Merge,5,203.812,680.305,682.262,681.183,681.811,699.776
