0,0
1,0
2,0
3,0
4,0
5,0
6,0
7,0
8,0
9,1
10,1
11,1
12,1
13,1
14,1
15,1
16,1
17,1
18,0
19,1
20,0
21,0
22,0
23,1
24,0
25,0
26,1
27,0
28,1
29,1
30,0
31,1
32,0
33,1
34,1
35,0
36,1
37,0
38,1
39,0
40,1
41,1
42,0
43,1
44,0
45,1
46,1
47,0
48,1
49,0
50,1
51,1
52,0
53,1
54,0
55,1
56,1
57,0
58,1
59,0
60,1
61,0
62,1
63,1
64,0
65,1
66,0
67,1
68,1
69,0
70,1
71,0
72,1
73,0
74,1
75,1
76,0
77,1
78,0
79,1
80,1
81,0
82,1
83,0
84,1
85,1
86,0
87,1
88,0
89,1
90,1
91,0
92,1
93,0
94,1
95,1
96,0
97,1
98,0
99,1
100,1
101,0
102,1
103,0
104,1
105,1
106,0
107,1
108,0
109,1
110,1
111,0
112,1
113,0
114,1
115,1
116,0
117,1
118,1
119,0
120,1
121,0
122,1
123,1
124,0
125,1
126,0
127,1
128,1
129,0
130,1
131,0
132,1
133,1
134,0
135,1
136,0
137,1
138,1
139,0
140,1
141,0
142,1
143,1
144,0
145,1
146,0
147,1
148,1
149,0
150,1
151,1
152,0
153,1
154,0
155,1
156,1
157,0
158,1
159,1
160,0
161,1
162,0
163,1
164,1
165,0
166,1
167,0
168,1
169,1
170,0
171,1
172,1
173,0
174,1
175,0
176,1
177,1
178,0
179,1
180,0
181,1
182,1
183,0
184,1
185,1
186,0
187,1
188,0
189,1
190,1
191,0
192,1
193,0
194,1
195,1
196,0
197,1
198,1
199,0
200,1
201,0
202,1
203,1
204,0
205,1
206,0
207,1
208,1
209,0
210,1
211,1
212,0
213,1
214,0
215,1
216,1
217,0
218,1
219,0
220,1
221,1
222,0
223,1
224,0
225,1
226,1
227,0
228,1
229,0
230,1
231,1
232,0
233,1
234,0
235,1
236,1
237,0
238,1
239,0
240,1
241,1
242,0
243,1
244,0
245,1
246,1
247,0
248,1
249,0
250,1
251,1
252,0
253,1
254,0
255,1
256,1
257,0
258,1
259,0
260,1
261,1
262,0
263,1
264,0
265,1
266,1
267,0
268,1
269,0
270,1
271,0
272,1
273,1
274,0
275,1
276,0
277,1
278,0
279,1
280,1
281,0
282,1
283,0
284,1
285,0
286,1
287,1
288,0
289,1
290,0
291,1
292,0
293,1
294,1
295,0
296,1
297,0
298,1
299,0
300,1
301,0
302,1
303,1
304,0
305,1
306,0
307,1
308,0
309,1
310,1
311,0
312,1
313,0
314,1
315,0
316,1
317,1
318,0
319,1
320,0
321,1
322,0
323,1
324,1
325,0
326,1
327,0
328,1
329,1
330,0
331,1
332,0
333,1
334,1
335,0
336,1
337,0
338,1
339,0
340,1
341,1
342,0
343,1
344,0
345,1
346,1
347,0
348,1
349,0
350,1
351,1
352,0
353,1
354,0
355,1
356,0
357,1
358,1
359,0
360,1
361,0
362,1
363,1
364,0
365,1
366,0
367,1
368,1
369,0
370,1
371,0
372,1
373,0
374,1
375,1
376,0
377,1
378,0
379,1
380,1
381,0
382,1
383,0
384,1
385,0
386,1
387,1
388,0
389,1
390,0
391,1
392,1
393,0
394,1
395,0
396,1
397,1
398,0
399,1
400,0
401,1
402,1
403,0
404,1
405,0
406,1
407,1
408,0
409,1
410,0
411,1
412,1
413,0
414,1
415,0
416,1
417,1
418,0
419,1
420,0
421,1
422,1
423,0
424,1
425,0
426,1
427,1
428,0
429,1
430,0
431,1
432,1
433,0
434,1
435,0
436,1
437,1
438,0
439,1
440,0
441,1
442,1
443,0
444,1
445,1
446,0
447,1
448,0
449,1
450,0
451,1
452,1
453,0
454,1
455,0
456,1
457,1
458,0
459,1
460,0
461,1
462,0
463,1
464,0
465,1
466,1
467,0
468,1
469,0
470,1
471,1
472,0
473,1
474,0
475,1
476,0
477,1
478,1
479,0
480,1
481,0
482,1
483,0
484,1
485,1
486,0
487,1
488,0
489,1
490,0
491,1
492,1
493,0
494,1
495,0
496,1
497,1
498,0
499,1
500,0
501,1
502,0
503,1
504,1
505,0
506,1
507,0
508,1
509,1
510,0
511,1
512,0
513,1
514,1
515,0
516,1
517,0
518,1
519,0
520,1
521,1
522,0
523,1
524,0
525,1
526,1
527,0
528,1
529,0
530,1
531,1
532,0
533,1
534,0
535,1
536,0
537,1
538,1
539,0
540,1
541,0
542,1
543,1
544,0
545,1
546,0
547,1
548,1
549,0
550,1
551,0
552,1
553,1
554,0
555,1
556,0
557,1
558,1
559,0
560,1
561,0
562,1
563,0
564,1
565,1
566,0
567,1
568,0
569,1
570,1
571,0
572,1
573,0
574,1
575,0
576,1
577,1
578,0
579,1
580,0
581,1
582,0
583,1
584,1
585,0
586,1
587,0
588,1
589,1
590,0
591,1
592,0
593,1
594,0
595,1
596,1
597,0
598,1
599,0
600,1
601,0
602,1
603,1
604,0
605,1
606,0
607,1
608,0
609,1
610,1
611,0
612,1
613,0
614,1
615,1
616,0
617,1
618,0
619,1
620,0
621,1
622,1
623,0
624,1
625,0
626,1
627,0
628,1
629,1
630,0
631,1
632,0
633,1
634,1
635,0
636,1
637,0
638,1
639,1
640,0
641,1
642,0
643,1
644,1
645,0
646,1
647,0
648,1
649,1
650,0
651,1
652,0
653,1
654,1
655,0
656,1
657,0
658,1
659,1
660,0
661,1
662,0
663,1
664,0
665,1
666,1
667,0
668,1
669,0
670,1
671,1
672,0
673,1
674,0
675,1
676,1
677,0
678,1
679,0
680,1
681,1
682,0
683,1
684,0
685,1
686,0
687,1
688,1
689,0
690,1
691,0
692,1
693,1
694,0
695,1
696,0
697,1
698,0
699,1
700,1
701,0
702,1
703,0
704,1
705,0
706,1
707,1
708,0
709,1
710,0
711,1
712,0
713,1
714,1
715,0
716,1
717,0
718,1
719,1
720,0
721,1
722,0
723,1
724,0
725,1
726,1
727,0
728,1
729,0
730,1
731,0
732,1
733,1
734,0
735,1
736,0
737,1
738,1
739,0
740,1
741,0
742,1
743,0
744,1
745,1
746,0
747,1
748,0
749,1
750,0
751,1
752,0
753,1
754,0
755,1
756,1
757,0
758,1
759,0
760,1
761,0
762,1
763,0
764,1
765,0
766,1
767,1
768,0
769,1
770,0
771,1
772,0
773,1
774,0
775,1
776,0
777,1
778,1
779,0
780,1
781,0
782,1
783,0
784,1
785,0
786,1
787,0
788,1
789,0
790,1
791,1
792,0
793,1
794,0
795,1
796,0
797,1
798,0
799,1
800,0
801,1
802,1
803,0
804,1
805,0
806,1
807,0
808,1
809,0
810,1
811,1
812,0
813,1
814,0
815,1
816,0
817,1
818,0
819,1
820,1
821,0
822,1
823,0
824,1
825,0
826,1
827,1
828,0
829,1
830,0
831,1
832,0
833,1
834,0
835,1
836,1
837,0
838,1
839,0
840,1
841,0
842,1
843,0
844,1
845,1
846,0
847,1
848,0
849,1
850,0
851,1
852,1
853,0
854,1
855,0
856,1
857,0
858,1
859,1
860,0
861,1
862,0
863,1
864,0
865,1
866,0
867,1
868,1
869,0
870,1
871,0
872,1
873,0
874,1
875,1
876,0
877,1
878,0
879,1
880,0
881,1
882,1
883,0
884,1
885,0
886,1
887,1
888,0
889,1
890,0
891,1
892,0
893,1
894,1
895,0
896,1
897,0
898,1
899,0
900,1
901,1
902,0
903,1
904,0
905,1
906,1
907,0
908,1
909,0
910,1
911,0
912,1
913,1
914,0
915,1
916,0
917,1
918,0
919,1
920,1
921,0
922,1
923,0
924,1
925,1
926,0
927,1
928,0
929,1
930,0
931,1
932,0
933,1
934,1
935,0
936,1
937,0
938,1
939,0
940,1
941,1
942,0
943,1
944,0
945,1
946,0
947,1
948,0
949,1
950,1
951,0
952,1
953,0
954,1
955,0
956,1
957,1
958,0
959,1
960,0
961,1
962,0
963,1
964,0
965,1
966,1
967,0
968,1
969,0
970,1
971,0
972,1
973,1
974,0
975,1
976,0
977,1
978,0
979,1
980,0
981,1
982,1
983,0
984,1
985,0
986,1
987,0
988,1
989,0
990,1
991,0
992,1
993,1
994,0
995,1
996,0
997,1
998,0
999,1
1000,0
1001,1
1002,0
1003,1
1004,0
1005,1
1006,0
1007,1
1008,0
1009,1
1010,0
1011,1
1012,1
1013,0
1014,1
1015,0
1016,1
1017,0
1018,1
1019,0
1020,1
1021,0
1022,1
1023,0
1024,1
1025,0
1026,1
1027,0
1028,1
1029,0
1030,1
1031,0
1032,1
1033,0
1034,1
1035,1
1036,0
1037,1
1038,0
1039,1
1040,0
1041,1
1042,0
1043,1
1044,0
1045,1
1046,0
1047,1
1048,0
1049,1
1050,1
1051,0
1052,1
1053,0
1054,1
1055,0
1056,1
1057,0
1058,1
1059,0
1060,1
1061,0
1062,1
1063,1
1064,0
1065,1
1066,0
1067,1
1068,0
1069,1
1070,0
1071,1
1072,0
1073,1
1074,1
1075,0
1076,1
1077,0
1078,1
1079,0
1080,1
1081,0
1082,1
1083,0
1084,1
1085,1
1086,0
1087,1
1088,0
1089,1
1090,0
1091,1
1092,0
1093,1
1094,0
1095,1
1096,0
1097,1
1098,1
1099,0
1100,1
1101,0
1102,1
1103,0
1104,1
1105,0
1106,1
1107,0
1108,1
1109,1
1110,0
1111,1
1112,0
1113,1
1114,0
1115,1
1116,1
1117,0
1118,1
1119,0
1120,1
1121,0
1122,1
1123,0
1124,1
1125,1
1126,0
1127,1
1128,0
1129,1
1130,0
1131,1
1132,1
1133,0
1134,1
1135,0
1136,1
1137,0
1138,1
1139,0
1140,1
1141,1
1142,0
1143,1
1144,0
1145,1
1146,0
1147,1
1148,1
1149,0
1150,1
1151,0
1152,1
1153,0
1154,1
1155,0
1156,1
1157,1
1158,0
1159,1
1160,0
1161,1
1162,0
1163,1
1164,1
1165,0
1166,1
1167,0
1168,1
1169,0
1170,1
1171,1
1172,0
1173,1
1174,0
1175,1
1176,0
1177,1
1178,1
1179,0
1180,1
1181,0
1182,1
1183,0
1184,1
1185,1
1186,0
1187,1
1188,0
1189,1
1190,1
1191,0
1192,1
1193,0
1194,1
1195,0
1196,1
1197,1
1198,0
1199,1
1200,0
1201,1
1202,0
1203,1
1204,1
1205,0
1206,1
1207,0
1208,1
1209,0
1210,1
1211,1
1212,0
1213,1
1214,0
1215,1
1216,1
1217,0
1218,1
1219,0
1220,1
1221,0
1222,1
1223,1
1224,0
1225,1
1226,0
1227,1
1228,1
1229,0
1230,1
1231,0
1232,1
1233,1
1234,0
1235,1
1236,0
1237,1
1238,1
1239,0
1240,1
1241,0
1242,1
1243,0
1244,1
1245,1
1246,0
1247,1
1248,0
1249,1
1250,1
1251,0
1252,1
1253,0
1254,1
1255,1
1256,0
1257,1
1258,0
1259,1
1260,0
1261,1
1262,1
1263,0
1264,1
1265,0
1266,1
1267,1
1268,0
1269,1
1270,0
1271,1
1272,1
1273,0
1274,1
1275,0
1276,1
1277,0
1278,1
1279,1
1280,0
1281,1
1282,0
1283,1
1284,1
1285,0
1286,1
1287,0
1288,1
1289,1
1290,0
1291,1
1292,0
1293,1
1294,0
1295,1
1296,1
1297,0
1298,1
1299,0
1300,1
1301,0
1302,1
1303,1
1304,0
1305,1
1306,0
1307,1
1308,0
1309,1
1310,1
1311,0
1312,1
1313,0
1314,1
1315,1
1316,0
1317,1
1318,0
1319,1
1320,0
1321,1
1322,1
1323,0
1324,1
1325,0
1326,1
1327,1
1328,0
1329,1
1330,0
1331,1
1332,0
1333,1
1334,1
1335,0
1336,1
1337,0
1338,1
1339,0
1340,1
1341,1
1342,0
1343,1
1344,0
1345,1
1346,0
1347,1
1348,1
1349,0
1350,1
1351,0
1352,1
1353,0
1354,1
1355,0
1356,1
1357,0
1358,1
1359,1
1360,0
1361,1
1362,0
1363,1
1364,0
1365,1
1366,0
1367,1
1368,0
1369,1
1370,0
1371,1
1372,1
1373,0
1374,1
1375,0
1376,1
1377,0
1378,1
1379,0
1380,1
1381,1
1382,0
1383,1
1384,0
1385,1
1386,0
1387,1
1388,0
1389,1
1390,0
1391,1
1392,1
1393,0
1394,1
1395,0
1396,1
1397,0
1398,1
1399,0
1400,1
1401,0
1402,1
1403,1
1404,0
1405,1
1406,0
1407,1
1408,0
1409,1
1410,0
1411,1
1412,1
1413,0
1414,1
1415,0
1416,1
1417,0
1418,1
1419,0
1420,1
1421,1
1422,0
1423,1
1424,0
1425,1
1426,0
1427,1
1428,1
1429,0
1430,1
1431,0
1432,1
1433,0
1434,1
1435,0
1436,1
1437,1
1438,0
1439,1
1440,0
1441,1
1442,0
1443,1
1444,0
1445,1
1446,1
1447,0
1448,1
1449,0
1450,1
1451,0
1452,1
1453,1
1454,0
1455,1
1456,0
1457,1
1458,0
1459,1
1460,1
1461,0
1462,1
1463,0
1464,1
1465,0
1466,1
1467,0
1468,1
1469,1
1470,0
1471,1
1472,0
1473,1
1474,1
1475,0
1476,1
1477,0
1478,1
1479,0
1480,1
1481,1
1482,0
1483,1
1484,0
1485,1
1486,0
1487,1
1488,1
1489,0
1490,1
1491,0
1492,1
1493,0
1494,1
1495,1
1496,0
1497,1
1498,0
1499,1
1500,0
1501,1
1502,1
1503,0
1504,1
1505,0
1506,1
1507,0
1508,1
1509,1
1510,0
1511,1
1512,0
1513,1
1514,0
1515,1
1516,1
1517,0
1518,1
1519,0
1520,1
1521,1
1522,0
1523,1
1524,0
1525,1
1526,0
1527,1
1528,1
1529,0
1530,1
1531,0
1532,1
1533,0
1534,1
1535,0
1536,1
1537,1
1538,0
1539,1
1540,0
1541,1
1542,0
1543,1
1544,0
1545,1
1546,1
1547,0
1548,1
1549,0
1550,1
1551,0
1552,1
1553,1
1554,0
1555,1
1556,0
1557,1
1558,0
1559,1
1560,0
1561,1
1562,1
1563,0
1564,1
1565,0
1566,1
1567,0
1568,1
1569,0
1570,1
1571,1
1572,0
1573,1
1574,0
1575,1
1576,0
1577,1
1578,1
1579,0
1580,1
1581,0
1582,1
1583,0
1584,1
1585,0
1586,1
1587,1
1588,0
1589,1
1590,0
1591,1
1592,1
1593,0
1594,1
1595,0
1596,1
1597,0
1598,1
1599,1
1600,0
1601,1
1602,0
1603,1
1604,0
1605,1
1606,1
1607,0
1608,1
1609,0
1610,1
1611,0
1612,1
1613,1
1614,0
1615,1
1616,0
1617,1
1618,0
1619,1
1620,1
1621,0
1622,1
1623,0
1624,1
1625,1
1626,0
1627,1
1628,0
1629,1
1630,0
1631,1
1632,1
1633,0
1634,1
1635,0
1636,1
1637,0
1638,1
1639,1
1640,0
1641,1
1642,0
1643,1
1644,1
1645,0
1646,1
1647,0
1648,1
1649,0
1650,1
1651,0
1652,1
1653,1
1654,0
1655,1
1656,0
1657,1
1658,0
1659,1
1660,1
1661,0
1662,1
1663,0
1664,1
1665,0
1666,1
1667,0
1668,1
1669,1
1670,0
1671,1
1672,0
1673,1
1674,0
1675,1
1676,0
1677,1
1678,1
1679,0
1680,1
1681,0
1682,1
1683,0
1684,1
1685,0
1686,1
1687,1
1688,0
1689,1
1690,0
1691,1
1692,0
1693,1
1694,1
1695,0
1696,1
1697,0
1698,1
1699,0
1700,1
1701,0
1702,1
1703,1
1704,0
1705,1
1706,0
1707,1
1708,0
1709,1
1710,0
1711,1
1712,0
1713,1
1714,0
1715,1
1716,1
1717,0
1718,1
1719,0
1720,1
1721,0
1722,1
1723,0
1724,1
1725,0
1726,1
1727,0
1728,1
1729,0
1730,1
1731,0
1732,1
1733,0
1734,1
1735,0
1736,1
1737,0
1738,1
1739,0
1740,1
1741,1
1742,0
1743,1
1744,0
1745,1
1746,0
1747,1
1748,0
1749,1
1750,0
1751,1
1752,0
1753,1
1754,0
1755,1
1756,0
1757,1
1758,0
1759,1
1760,0
1761,1
1762,0
1763,1
1764,0
1765,1
1766,1
1767,0
1768,1
1769,0
1770,1
1771,0
1772,1
1773,0
1774,1
1775,0
1776,1
1777,1
1778,0
1779,1
1780,0
1781,1
1782,0
1783,1
1784,0
1785,1
1786,0
1787,1
1788,1
1789,0
1790,1
1791,0
1792,1
1793,0
1794,1
1795,0
1796,1
1797,0
1798,1
1799,1
1800,0
1801,1
1802,0
1803,1
1804,0
1805,1
1806,0
1807,1
1808,0
1809,1
1810,1
1811,0
1812,1
1813,0
1814,1
1815,0
1816,1
1817,0
1818,1
1819,0
1820,1
1821,0
1822,1
1823,1
1824,0
1825,1
1826,0
1827,1
1828,0
1829,1
1830,0
1831,1
1832,1
1833,0
1834,1
1835,0
1836,1
1837,0
1838,1
1839,0
1840,1
1841,1
1842,0
1843,1
1844,0
1845,1
1846,0
1847,1
1848,1
1849,0
1850,1
1851,0
1852,1
1853,0
1854,1
1855,0
1856,1
1857,1
1858,0
1859,1
1860,0
1861,1
1862,0
1863,1
1864,1
1865,0
1866,1
1867,0
1868,1
1869,0
1870,1
1871,0
1872,1
1873,1
1874,0
1875,1
1876,0
1877,1
1878,0
1879,1
1880,1
1881,0
1882,1
1883,0
1884,1
1885,0
1886,1
1887,0
1888,1
1889,1
1890,0
1891,1
1892,0
1893,1
1894,1
1895,0
1896,1
1897,0
1898,1
1899,0
1900,1
1901,1
1902,0
1903,1
1904,0
1905,1
1906,0
1907,1
1908,1
1909,0
1910,1
1911,0
1912,1
1913,0
1914,1
1915,1
1916,0
1917,1
1918,0
1919,1
1920,0
1921,1
1922,1
1923,0
1924,1
1925,0
1926,1
1927,0
1928,1
1929,1
1930,0
1931,1
1932,0
1933,1
1934,0
1935,1
1936,1
1937,0
1938,1
1939,0
1940,1
1941,0
1942,1
1943,1
1944,0
1945,1
1946,0
1947,1
1948,0
1949,1
1950,1
1951,0
1952,1
1953,0
1954,1
1955,0
1956,1
1957,1
1958,0
1959,1
1960,0
1961,1
1962,0
1963,1
1964,0
1965,1
1966,1
1967,0
1968,1
1969,0
1970,1
1971,0
1972,1
1973,0
1974,1
1975,1
1976,0
1977,1
1978,0
1979,1
1980,0
1981,1
1982,0
1983,1
1984,1
1985,0
1986,1
1987,0
1988,1
1989,0
1990,1
1991,0
1992,1
1993,1
1994,0
1995,1
1996,0
1997,1
1998,0
1999,1
2000,0
2001,1
2002,1
2003,0
2004,1
2005,0
2006,1
2007,0
2008,1
2009,1
2010,0
2011,1
2012,0
2013,1
2014,0
2015,1
2016,1
2017,0
2018,1
2019,0
2020,1
2021,1
2022,0
2023,1
2024,0
2025,1
2026,0
2027,1
2028,1
2029,0
2030,1
2031,0
2032,1
2033,0
2034,1
2035,1
2036,0
2037,1
2038,0
2039,1
2040,0
2041,1
2042,1
2043,0
2044,1
2045,0
2046,1
2047,0
2048,1
2049,1
2050,0
2051,1
2052,0
2053,1
2054,0
2055,1
2056,1
2057,0
2058,1
2059,0
2060,1
2061,1
2062,0
2063,1
2064,0
2065,1
2066,0
2067,1
2068,0
2069,1
2070,1
2071,0
2072,1
2073,0
2074,1
2075,0
2076,1
2077,1
2078,0
2079,1
2080,0
2081,1
2082,0
2083,1
2084,0
2085,1
2086,1
2087,0
2088,1
2089,0
2090,1
2091,0
2092,1
2093,1
2094,0
2095,1
2096,0
2097,1
2098,0
2099,1
2100,0
2101,1
2102,1
2103,0
2104,1
2105,0
2106,1
2107,0
2108,1
2109,0
2110,1
2111,1
2112,0
2113,1
2114,0
2115,1
2116,0
2117,1
2118,1
2119,0
2120,1
2121,0
2122,1
2123,0
2124,1
2125,0
2126,1
2127,1
2128,0
2129,1
2130,0
2131,1
2132,0
2133,1
2134,0
2135,1
2136,0
2137,1
2138,0
2139,1
2140,0
2141,1
2142,0
2143,1
2144,0
2145,1
2146,1
2147,0
2148,1
2149,0
2150,1
2151,0
2152,1
2153,0
2154,1
2155,0
2156,1
2157,0
2158,1
2159,0
2160,1
2161,0
2162,1
2163,0
2164,1
2165,0
2166,1
2167,0
2168,1
2169,1
2170,0
2171,1
2172,0
2173,1
2174,0
2175,1
2176,0
2177,1
2178,0
2179,1
2180,0
2181,1
2182,0
2183,1
2184,0
2185,1
2186,0
2187,1
2188,1
2189,0
2190,1
2191,0
2192,1
2193,0
2194,1
2195,0
2196,1
2197,0
2198,1
2199,0
2200,1
2201,1
2202,0
2203,1
2204,0
2205,1
2206,0
2207,1
2208,0
2209,1
2210,1
2211,0
2212,1
2213,0
2214,1
2215,0
2216,1
2217,0
2218,1
2219,0
2220,1
2221,0
2222,1
2223,1
2224,0
2225,1
2226,0
2227,1
2228,0
2229,1
2230,0
2231,1
2232,1
2233,0
2234,1
2235,0
2236,1
2237,0
2238,1
2239,0
2240,1
2241,0
2242,1
2243,0
2244,1
2245,1
2246,0
2247,1
2248,0
2249,1
2250,0
2251,1
2252,0
2253,1
2254,1
2255,0
2256,1
2257,0
2258,1
2259,0
2260,1
2261,1
2262,0
2263,1
2264,0
2265,1
2266,0
2267,1
2268,0
2269,1
2270,0
2271,1
2272,1
2273,0
2274,1
2275,0
2276,1
2277,0
2278,1
2279,1
2280,0
2281,1
2282,0
2283,1
2284,0
2285,1
2286,0
2287,1
2288,1
2289,0
2290,1
2291,0
2292,1
2293,0
2294,1
2295,0
2296,1
2297,1
2298,0
2299,1
2300,0
2301,1
2302,0
2303,1
2304,0
2305,1
2306,1
2307,0
2308,1
2309,0
2310,1
2311,0
2312,1
2313,1
2314,0
2315,1
2316,0
2317,1
2318,1
2319,0
2320,1
2321,0
2322,1
2323,0
2324,1
2325,1
2326,0
2327,1
2328,0
2329,1
2330,0
2331,1
2332,1
2333,0
2334,1
2335,0
2336,1
2337,0
2338,1
2339,1
2340,0
2341,1
2342,0
2343,1
2344,1
2345,0
2346,1
2347,0
2348,1
2349,0
2350,1
2351,1
2352,0
2353,1
2354,0
2355,1
2356,0
2357,1
2358,1
2359,0
2360,1
2361,0
2362,1
2363,0
2364,1
2365,1
2366,0
2367,1
2368,0
2369,1
2370,0
2371,1
2372,1
2373,0
2374,1
2375,0
2376,1
2377,0
2378,1
2379,0
2380,1
2381,1
2382,0
2383,1
2384,0
2385,1
2386,0
2387,1
2388,1
2389,0
2390,1
2391,0
2392,1
2393,0
2394,1
2395,0
2396,1
2397,1
2398,0
2399,1
2400,0
2401,1
2402,0
2403,1
2404,1
2405,0
2406,1
2407,0
2408,1
2409,0
2410,1
2411,0
2412,1
2413,1
2414,0
2415,1
2416,0
2417,1
2418,0
2419,1
2420,1
2421,0
2422,1
2423,0
2424,1
2425,0
2426,1
2427,0
2428,1
2429,0
2430,1
2431,1
2432,0
2433,1
2434,0
2435,1
2436,0
2437,1
2438,0
2439,1
2440,0
2441,1
2442,0
2443,1
2444,0
2445,1
2446,0
2447,1
2448,0
2449,1
2450,0
2451,1
2452,0
2453,1
2454,1
2455,0
2456,1
2457,0
2458,1
2459,0
2460,1
2461,0
2462,1
2463,0
2464,1
2465,0
2466,1
2467,0
2468,1
2469,0
2470,1
2471,0
2472,1
2473,0
2474,1
2475,1
2476,0
2477,1
2478,0
2479,1
2480,0
2481,1
2482,0
2483,1
2484,0
2485,1
2486,0
2487,1
2488,0
2489,1
2490,0
2491,1
2492,1
2493,0
2494,1
2495,0
2496,1
2497,0
2498,1
2499,0
2500,1
2501,0
2502,1
2503,0
2504,1
2505,1
2506,0
2507,1
2508,0
2509,1
2510,0
2511,1
2512,0
2513,1
2514,0
2515,1
2516,0
2517,1
2518,1
2519,0
2520,1
2521,0
2522,1
2523,0
2524,1
2525,0
2526,1
2527,0
2528,1
2529,1
2530,0
2531,1
2532,0
2533,1
2534,0
2535,1
2536,0
2537,1
2538,1
2539,0
2540,1
2541,0
2542,1
2543,0
2544,1
2545,0
2546,1
2547,0
2548,1
2549,1
2550,0
2551,1
2552,0
2553,1
2554,0
2555,1
2556,0
2557,1
2558,1
2559,0
2560,1
2561,0
2562,1
2563,0
2564,1
2565,1
2566,0
2567,1
2568,0
2569,1
2570,0
2571,1
2572,1
2573,0
2574,1
2575,0
2576,1
2577,0
2578,1
2579,0
2580,1
2581,1
2582,0
2583,1
2584,0
2585,1
2586,0
2587,1
2588,1
2589,0
2590,1
2591,0
2592,1
2593,0
2594,1
2595,0
2596,1
2597,1
2598,0
2599,1
2600,0
2601,1
2602,0
2603,1
2604,1
2605,0
2606,1
2607,0
2608,1
2609,0
2610,1
2611,1
2612,0
2613,1
2614,0
2615,1
2616,0
2617,1
2618,1
2619,0
2620,1
2621,0
2622,1
2623,0
2624,1
2625,1
2626,0
2627,1
2628,0
2629,1
2630,0
2631,1
2632,1
2633,0
2634,1
2635,0
2636,1
2637,0
2638,1
2639,1
2640,0
2641,1
2642,0
2643,1
2644,0
2645,1
2646,1
2647,0
2648,1
2649,0
2650,1
2651,0
2652,1
2653,1
2654,0
2655,1
2656,0
2657,1
2658,0
2659,1
2660,1
2661,0
2662,1
2663,0
2664,1
2665,0
2666,1
2667,1
2668,0
2669,1
2670,0
2671,1
2672,0
2673,1
2674,1
2675,0
2676,1
2677,0
2678,1
2679,0
2680,1
2681,0
2682,1
2683,0
2684,1
2685,1
2686,0
2687,1
2688,0
2689,1
2690,0
2691,1
2692,1
2693,0
2694,1
2695,0
2696,1
2697,0
2698,1
2699,0
2700,1
2701,1
2702,0
2703,1
2704,0
2705,1
2706,0
2707,1
2708,0
2709,1
2710,1
2711,0
2712,1
2713,0
2714,1
2715,0
2716,1
2717,1
2718,0
2719,1
2720,0
2721,1
2722,0
2723,1
2724,0
2725,1
2726,1
2727,0
2728,1
2729,0
2730,1
2731,0
2732,1
2733,1
2734,0
2735,1
2736,0
2737,1
2738,1
2739,0
2740,1
2741,0
2742,1
2743,0
2744,1
2745,1
2746,0
2747,1
2748,0
2749,1
2750,0
2751,1
2752,1
2753,0
2754,1
2755,0
2756,1
2757,0
2758,1
2759,1
2760,0
2761,1
2762,0
2763,1
2764,0
2765,1
2766,1
2767,0
2768,1
2769,0
2770,1
2771,0
2772,1
2773,1
2774,0
2775,1
2776,0
2777,1
2778,1
2779,0
2780,1
2781,0
2782,1
2783,0
2784,1
2785,1
2786,0
2787,1
2788,0
2789,1
2790,0
2791,1
2792,1
2793,0
2794,1
2795,0
2796,1
2797,0
2798,1
2799,0
2800,1
2801,1
2802,0
2803,1
2804,0
2805,1
2806,0
2807,1
2808,0
2809,1
2810,1
2811,0
2812,1
2813,0
2814,1
2815,0
2816,1
2817,1
2818,0
2819,1
2820,0
2821,1
2822,0
2823,1
2824,0
2825,1
2826,1
2827,0
2828,1
2829,0
2830,1
2831,0
2832,1
2833,0
2834,1
2835,1
2836,0
2837,1
2838,0
2839,1
2840,0
2841,1
2842,0
2843,1
2844,1
2845,0
2846,1
2847,0
2848,1
2849,0
2850,1
2851,0
2852,1
2853,0
2854,1
2855,0
2856,1
2857,0
2858,1
2859,0
2860,1
2861,0
2862,1
2863,1
2864,0
2865,1
2866,0
2867,1
2868,0
2869,1
2870,0
2871,1
2872,0
2873,1
2874,0
2875,1
2876,0
2877,1
2878,0
2879,1
2880,0
2881,1
2882,0
2883,1
2884,0
2885,1
2886,0
2887,1
2888,1
2889,0
2890,1
2891,0
2892,1
2893,0
2894,1
2895,0
2896,1
2897,0
2898,1
2899,0
2900,1
2901,0
2902,1
2903,0
2904,1
2905,0
2906,1
2907,0
2908,1
2909,0
2910,1
2911,1
2912,0
2913,1
2914,0
2915,1
2916,0
2917,1
2918,0
2919,1
2920,0
2921,1
2922,1
2923,0
2924,1
2925,0
2926,1
2927,0
2928,1
2929,0
2930,1
2931,0
2932,1
2933,0
2934,1
2935,1
2936,0
2937,1
2938,0
2939,1
2940,0
2941,1
2942,0
2943,1
2944,0
2945,1
2946,0
2947,1
2948,1
2949,0
2950,1
2951,0
2952,1
2953,0
2954,1
2955,0
2956,1
2957,0
