0,0.184223,2000,200,0
5,0.513861,2000,200,0
6,0,2000,200,0
7,0.383749,2000,200,0
8,0.21181,2000,200,0
9,0.499028,2000,200,0
10,0.534796,2000,200,0
11,0.535198,2000,200,0
12,0.582883,2000,200,0
13,0.651551,2000,200,0
14,0.248984,2000,200,0
15,0.490614,2000,200,0
16,0.474335,2000,200,0
17,0.124065,2000,200,0
18,0.137372,2000,200,0
19,0.095062,2000,200,0
20,0.511724,2000,200,0
21,0.502132,2000,200,0
22,0.427149,2000,200,0
23,0.0980393,2000,200,0
24,0.493639,2000,200,0
25,0,2000,200,0
26,0.224798,2000,200,0
27,0.361867,2000,200,0
28,0.315428,2000,200,0
29,0,2000,200,0
30,0.377746,2000,200,0
31,0.390008,2000,200,0
32,0.0106532,2000,200,0
33,0,2000,200,0
34,0.24705,2000,200,0
35,0.454909,2000,200,0
36,0.639643,2000,200,0
37,0.171753,2000,200,0
38,0.242583,2000,200,0
40,0.524538,2000,200,0
45,0.0754268,2000,200,0
50,0.485971,2000,200,0
55,0.516114,2000,200,0
60,0.440539,2000,200,0
65,0.382226,2000,200,0
70,0.0638536,2000,200,0
