0,10,0.573453,0.836828,0.557273,40
1,10,0.371031,0.677712,0.436667,40
2,10,0.592656,0.781724,0.578333,40
3,10,0.433984,0.767607,0.45,40
4,10,0.716338,0.932099,0.621429,40
0,10,0.593478,0.784922,0.566667,50
1,10,0.0956942,0.393209,0.18,50
2,10,0.599629,0.858668,0.532,50
3,10,0.436955,0.747338,0.464286,50
4,10,0.338207,0.634437,0.43,50
0,10,0.61084,0.832535,0.59875,60
1,10,0.667894,0.8917,0.60625,60
2,10,0.675497,0.876303,0.595714,60
3,10,0.462587,0.799066,0.47125,60
4,10,0.653264,0.89436,0.586667,60
0,10,0.349183,0.661441,0.424286,70,data/models/exp/yolov2-stmarc-pedestrian-tmp-10fr-trial0.h5
1,10,0.640126,0.873616,0.55,70,data/models/exp/yolov2-stmarc-pedestrian-tmp-10fr-trial1.h5
2,10,0.563591,0.805542,0.551429,70,data/models/exp/yolov2-stmarc-pedestrian-tmp-10fr-trial2.h5
3,10,0.309857,0.506838,0.46,70,data/models/exp/yolov2-stmarc-pedestrian-tmp-10fr-trial3.h5
4,10,0.559375,0.834803,0.53625,70,data/models/exp/yolov2-stmarc-pedestrian-tmp-10fr-trial4.h5
0,30,0.515532,0.800215,0.508333,40
1,30,0.468247,0.755161,0.493,40
2,30,0.570357,0.827711,0.55625,40
3,30,0.529612,0.793473,0.514,40
4,30,0.559058,0.807686,0.558,40
0,30,0.480202,0.685184,0.5775,50
1,30,0.636187,0.876742,0.591,50
2,30,0.652796,0.863163,0.584,50
3,30,0.672676,0.900334,0.592857,50
4,30,0.550527,0.819863,0.551667,50
0,30,0.0496804,0.50708,0.0628571,60
1,30,0.501925,0.762913,0.52125,60
2,30,0.658686,0.868829,0.601818,60
3,30,0.627008,0.863485,0.585833,60
4,30,0.475774,0.782526,0.492,60
0,30,0.110608,0.739309,0.10375,70
1,30,0.150699,0.695453,0.15,70
2,30,0.592679,0.820296,0.548,70
3,30,0.680905,0.893824,0.61,70
4,30,0.671087,0.883923,0.598333,70
0,50,0.474606,0.753218,0.480625,40
1,50,0.49581,0.795899,0.509091,40
2,50,0.362634,0.654967,0.422857,40
3,50,0.562398,0.824277,0.533125,40
4,50,0.43977,0.734434,0.472222,40
0,50,0.380993,0.65959,0.465385,50
1,50,0.600121,0.833199,0.581818,50
2,50,0.465349,0.779812,0.448125,50
3,50,0.5751,0.837769,0.559231,50
4,50,0.525157,0.795819,0.529231,50
0,50,0.234154,0.603971,0.295882,60
1,50,0.485763,0.770268,0.511111,60
2,50,0.364336,0.634477,0.4675,60
3,50,0.6353,0.880738,0.577273,60
4,50,0.647439,0.865826,0.6,60
0,50,0.320144,0.619855,0.408,70
1,50,0.382282,0.703183,0.435,70
2,50,0.530094,0.795774,0.537273,70
3,50,0.603083,0.856052,0.567,70
4,50,0.614725,0.865997,0.565385,70
0,70,0.167295,0.43202,0.312222,40
1,70,0.165678,0.429862,0.303333,40
2,70,0.322142,0.607696,0.429091,40
3,70,0.432089,0.695954,0.494545,40
4,70,0.583665,0.852655,0.531429,40
0,70,0.452645,0.730557,0.479231,50
1,70,0.394433,0.684138,0.436667,50
2,70,0.412203,0.671052,0.49,50
3,70,0.430882,0.732733,0.459,50
4,70,0.20003,0.471669,0.329167,50
0,70,0.303605,0.588843,0.404545,60
1,70,0.608163,0.853247,0.563,60
2,70,0.362313,0.672851,0.412941,60
3,70,0.453989,0.737211,0.471818,60
4,70,0.536976,0.786515,0.552727,60
0,70,0.302956,0.651035,0.356667,70
1,70,0.363352,0.665134,0.428,70
2,70,0.257329,0.540171,0.382,70
3,70,0.338483,0.635632,0.426364,70
4,70,0.469551,0.733425,0.521,70
