2,0.1166,0.0,14,14,6.433324,6.43333
3,0.3861,0.0,14,14,14,4.433325,4.399995,4.399997
4,0.6529,0.0,14,14,14,14,3.333326,3.299995,3.33333,3.299997
5,0.779,0.0,14,14,14,14,14,2.633316,2.666651,2.666652,2.63332,2.633321
6,0.8442,0.0,14,14,14,14,14,14,2.233317,2.266652,2.199986,2.23332,2.199988,2.19999
7,0.8889,0.0,14,14,14,14,14,14,14,1.933303,1.866639,1.866639,1.86664,1.866641,1.86665,1.866658
8,0.9176,0.0,14,14,14,14,14,14,14,14,1.632586,1.632587,1.59927,1.632588,1.599271,1.599272,1.599279,1.632604
9,0.9361,0.0,14,14,14,14,14,14,14,14,14,1.366633,1.466632,1.399967,1.466633,1.366636,1.366642,1.433314,1.499986,1.433326
10,0.9476,0.0,14,14,14,14,14,14,14,14,14,14,1.366613,1.433279,1.266619,1.299953,1.199958,1.299962,1.233299,1.199975,1.233316,1.333323
2,0.1166,0.0,14,14,6.29999,6.299997
3,0.3861,0.0,14,14,14,4.399993,4.399996,4.433331
4,0.6515,0.0,14,14,14,14,3.365042,3.29841,3.29841,3.331729
5,0.779,0.0,14,14,14,14,14,2.666648,2.633317,2.633318,2.633319,2.666653
6,0.8457,0.0,14,14,14,14,14,14,2.233316,2.233318,2.199986,2.199987,2.199988,2.19999
7,0.8872,0.0,14,14,14,14,14,14,14,1.899969,1.899971,1.866639,1.899973,1.899974,1.86665,1.899991
8,0.9167,0.0,14,14,14,14,14,14,14,14,1.633307,1.599976,1.633309,1.63331,1.63331,1.599979,1.633319,1.633326
9,0.9352,0.0,14,14,14,14,14,14,14,14,14,1.399413,1.499372,1.499373,1.432735,1.466054,1.466061,1.366108,1.366114,1.399441
10,0.9498,0.0,14,14,14,14,14,14,14,14,14,14,1.23307,1.399702,1.233072,1.233072,1.233073,1.233079,1.23308,1.233085,1.299744,1.266422
