2,0.4967,0.705,311,311,11.966659,11.96666
3,0.4975,0.705,311,311,311,11.866651,11.866652,11.866659
4,0.4977,0.705,311,311,311,311,11.833264,11.833269,11.833271,11.833274
5,0.5394,0.705,311,311,311,311,311,11.799926,11.799928,11.799931,11.799934,11.799943
6,0.5432,0.705,311,311,311,311,311,311,11.299838,11.299838,11.299841,11.299843,11.299897,11.299945
7,0.4975,0.705,311,311,311,311,311,311,311,11.866469,11.86647,11.866475,11.866479,11.866491,11.866544,11.8666
8,0.5411,0.705,311,311,311,311,311,311,311,311,11.566392,11.566397,11.566399,11.566406,11.566459,11.566508,11.566557,11.566608
9,0.5411,0.705,311,311,311,311,311,311,311,311,311,11.566372,11.566378,11.566382,11.566395,11.566448,11.566455,11.566506,11.566556,11.566611
10,0.5421,0.705,311,311,311,311,311,311,311,311,311,311,11.432898,11.432905,11.432921,11.432924,11.432979,11.432991,11.433064,11.433148,11.433232,11.433314
2,0.497,0.705,311,311,11.933322,11.933327
3,0.497,0.705,311,311,311,11.933319,11.93332,11.933326
4,0.5396,0.705,311,311,311,311,11.766598,11.766602,11.766605,11.766607
5,0.5401,0.705,311,311,311,311,311,11.699918,11.69992,11.699923,11.699927,11.69994
6,0.5401,0.705,311,311,311,311,311,311,11.699832,11.699837,11.699839,11.699842,11.699896,11.699945
7,0.5408,0.705,311,311,311,311,311,311,311,11.599825,11.59983,11.599833,11.599835,11.599846,11.599895,11.599944
