2,0.0884,0.0,14,14,6.499991,6.499996
3,0.386,0.0,14,14,14,4.399991,4.499994,4.33333
4,0.6477,0.0,14,14,14,14,3.333326,3.333329,3.33333,3.366664
5,0.7823,0.0,14,14,14,14,14,2.633316,2.599985,2.633319,2.633319,2.63332
6,0.8496,0.0,14,14,14,14,14,14,2.166652,2.233319,2.133321,2.166655,2.199988,2.19999
7,0.8872,0.0,14,14,14,14,14,14,14,1.866638,1.899973,1.899974,1.899974,1.866642,1.899983,1.899991
8,0.9158,0.0,14,14,14,14,14,14,14,14,1.633308,1.633309,1.666642,1.63331,1.63331,1.633312,1.633319,1.599992
9,0.9345,0.0,14,14,14,14,14,14,14,14,14,1.43266,1.499296,1.432662,1.432662,1.432662,1.399351,1.499311,1.432681,1.39937
10,0.946,0.0,14,14,14,14,14,14,14,14,14,14,1.199968,1.233301,1.233301,1.366632,1.266635,1.36664,1.333308,1.366647,1.333321,1.36666
2,0.089,0.0,14,14,6.466656,6.466661
3,0.386,0.0,14,14,14,4.399993,4.366663,4.466664
4,0.6494,0.0,14,14,14,14,3.333326,3.366662,3.299997,3.333331
5,0.7768,0.0,14,14,14,14,14,2.666649,2.666651,2.666652,2.633319,2.666653
6,0.8457,0.0,14,14,14,14,14,14,2.233317,2.233319,2.199986,2.199987,2.166654,2.233323
7,0.8889,0.0,14,14,14,14,14,14,14,1.866556,1.899888,1.866557,1.866558,1.866558,1.899898,1.866575
8,0.9163,0.0,14,14,14,14,14,14,14,14,1.633307,1.633309,1.63331,1.63331,1.63331,1.633312,1.633319,1.599992
9,0.9362,0.0,14,14,14,14,14,14,14,14,14,1.433304,1.499971,1.433306,1.399973,1.399974,1.39998,1.399986,1.433325,1.399999
10,0.9472,0.0,14,14,14,14,14,14,14,14,14,14,1.299967,1.266635,1.266636,1.233304,1.266638,1.333309,1.299978,1.299983,1.333321,1.333327
