2,0.0001,0.0404,249,249,12.19976,12.199779,3587.9466
3,0.0005,0.0404,249,249,249,10.966405,10.966432,10.966437,3837.5074
4,0.005,0.1755,280,280,280,280,11.166507,11.166511,11.166517,11.166533,3773.0979
5,0.0054,0.1755,280,280,280,280,280,10.632991,10.633004,10.633011,10.633016,10.633025,3945.9406
6,0.0172,0.1755,280,280,280,280,280,280,10.199552,10.199555,10.199574,10.199578,10.199587,10.199646,4123.8224
7,0.0183,0.1755,280,280,280,280,280,280,280,9.766412,9.766415,9.76642,9.766423,9.766437,9.766492,9.766542,4273.0416
8,0.0192,0.1755,280,280,280,280,280,280,280,280,9.432885,9.432902,9.432916,9.432927,9.432935,9.432939,9.432979,9.433037,4440.384
9,0.0572,0.1755,280,280,280,280,280,280,280,280,280,8.999322,8.999331,8.999366,8.999372,8.999381,8.999387,8.999456,8.999519,8.999571,4535.1836
10,0.102,0.1755,280,280,280,280,280,280,280,280,280,280,8.666432,8.66644,8.666445,8.666449,8.666456,8.666464,8.666476,8.666512,8.666521,8.66653,4655.1867
2,0.0001,0.0404,249,249,12.166603,12.166606,3578.1914
3,0.0048,0.1755,280,280,280,11.633248,11.633255,11.63326,3544.4746
4,0.005,0.1755,280,280,280,280,11.166519,11.166542,11.166553,11.166558,3773.1065
5,0.0054,0.1755,280,280,280,280,280,10.63317,10.633173,10.633186,10.633196,10.633215,3946.0092
6,0.0175,0.1755,280,280,280,280,280,280,10.09962,10.099622,10.099639,10.099649,10.099725,10.099779,4083.4366
7,0.0182,0.1755,280,280,280,280,280,280,280,9.829463,9.829468,9.829471,9.796154,9.796163,9.796168,9.829526,4297.2903
8,0.0192,0.1755,280,280,280,280,280,280,280,280,9.432794,9.432806,9.432811,9.432819,9.432841,9.432847,9.432891,9.432939,4440.3382
9,0.0566,0.1755,280,280,280,280,280,280,280,280,280,9.065951,9.065962,9.065967,9.065969,9.065992,9.066035,9.066046,9.066086,9.066149,4568.7431
10,0.102,0.1755,280,280,280,280,280,280,280,280,280,280,8.666215,8.666236,8.666241,8.66625,8.666263,8.666339,8.666373,8.666437,8.666494,8.666552,4655.1472
