2,0.0188,0.0404,249,249,11.99999,11.999991,174.96
3,0.1082,0.0062,133,133,133,8.030464,8.030471,7.997151,132.64
4,0.1145,0.0155,197,197,197,197,8.066643,8.066645,8.066649,8.066652,136.47
5,0.105,0.0404,249,249,249,249,249,9.399896,9.399898,9.399905,9.399909,9.399954,150.53
6,0.118,0.0404,249,249,249,249,249,249,8.733268,8.73327,8.733273,8.733276,8.733286,8.733292,144.03
7,0.1281,0.0404,249,249,249,249,249,249,249,8.299841,8.299842,8.299846,8.299848,8.299885,8.299927,8.299962,140.86
8,0.142,0.0404,249,249,249,249,249,249,249,249,7.799882,7.799884,7.799886,7.799888,7.799921,7.799925,7.799928,7.799959,136.1
9,0.1619,0.0404,249,249,249,249,249,249,249,249,249,7.466482,7.466483,7.433168,7.43317,7.433201,7.433205,7.433234,7.433263,7.433293,133.74
10,0.2207,0.1755,280,280,280,280,280,280,280,280,280,280,8.699797,8.666466,8.699803,8.666474,8.666512,8.699848,8.666519,8.666554,8.699922,8.699959,146.97
2,0.0726,0.0062,133,133,10.199978,10.199992,156.18
3,0.1079,0.0062,133,133,133,8.033326,8.033327,8.033329,132.73
4,0.1135,0.0155,197,197,197,197,8.133315,8.099983,8.099987,8.099989,137.5
5,0.1799,0.0155,197,197,197,197,197,7.266617,7.26662,7.266622,7.266624,7.266631,129.75
6,0.1202,0.0404,249,249,249,249,249,249,8.633212,8.633214,8.633218,8.633221,8.633259,8.633295,142.38
7,0.1281,0.0404,249,249,249,249,249,249,249,8.29988,8.299881,8.299885,8.299888,8.299895,8.299929,8.299962,140.86
8,0.1433,0.0404,249,249,249,249,249,249,249,249,7.766481,7.766485,7.766487,7.766489,7.733193,7.733225,7.766589,7.766622,135.49
9,0.1934,0.0404,249,249,249,249,249,249,249,249,249,7.299815,7.299816,7.299831,7.299834,7.299866,7.29987,7.299904,7.299935,7.299966,130.87
10,0.2224,0.1755,280,280,280,280,280,280,280,280,280,280,8.633096,8.633097,8.633101,8.633104,8.633141,8.633146,8.633183,8.633218,8.633255,8.633292,145.89
2,0.0722,0.0062,133,133,10.233323,10.233325,156.69
3,0.1079,0.0062,133,133,133,8.033324,8.033324,8.033328,132.73
4,0.1121,0.0155,197,197,197,197,8.16662,8.166621,8.166623,8.166625,138.16
5,0.223,0.0155,197,197,197,197,197,7.066598,7.099932,7.066601,7.066603,7.066635,126.65
6,0.1166,0.0404,249,249,249,249,249,249,8.799859,8.799861,8.79987,8.799879,8.799919,8.799955,145.13
7,0.1299,0.0404,249,249,249,249,249,249,249,8.233211,8.233211,8.233216,8.233218,8.233228,8.233262,8.233295,139.72
8,0.1431,0.0404,249,249,249,249,249,249,249,249,7.766483,7.766484,7.766486,7.766488,7.766524,7.766563,7.766593,7.766625,135.52
9,0.1794,0.0404,249,249,249,249,249,249,249,249,249,7.366506,7.366508,7.366518,7.366531,7.33323,7.366566,7.366596,7.366626,7.366659,132.05
10,0.2217,0.1755,280,280,280,280,280,280,280,280,280,280,8.666447,8.666448,8.666461,8.666471,8.666508,8.666512,8.633214,8.63325,8.633287,8.633324,146.41
2,0.0722,0.0062,133,133,10.233322,10.233327,156.69
3,0.1084,0.0062,133,133,133,8.033046,7.999717,7.999719,132.65
4,0.1137,0.0155,197,197,197,197,8.09995,8.099952,8.099957,8.09996,137.03
5,0.2024,0.0155,197,197,197,197,197,7.166595,7.166596,7.1666,7.166602,7.166636,127.97
6,0.1173,0.0404,249,249,249,249,249,249,8.76654,8.766541,8.766546,8.76655,8.766589,8.766627,144.58
7,0.1281,0.0404,249,249,249,249,249,249,249,8.299846,8.299847,8.299852,8.299854,8.299892,8.299926,8.299961,140.86
8,0.1431,0.0404,249,249,249,249,249,249,249,249,7.766514,7.766515,7.766517,7.766519,7.766555,7.766587,7.766619,7.766653,135.52
9,0.2007,0.0404,249,249,249,249,249,249,249,249,249,7.266492,7.266495,7.266502,7.266505,7.266537,7.266566,7.266596,7.266628,7.266659,130.27
10,0.2217,0.1755,280,280,280,280,280,280,280,280,280,280,8.666425,8.666426,8.666431,8.666434,8.63314,8.633176,8.633213,8.633249,8.66662,8.666657,146.41
2,0.0722,0.0062,133,133,10.233323,10.233328,156.69
3,0.1079,0.0062,133,133,133,8.033323,8.033325,8.033328,132.73
4,0.1114,0.0155,197,197,197,197,8.199953,8.199954,8.199958,8.19996,138.72
5,0.1874,0.0155,197,197,197,197,197,7.233259,7.233262,7.233264,7.233266,7.2333,129.16
6,0.1166,0.0404,249,249,249,249,249,249,8.799864,8.799866,8.799882,8.799885,8.799925,8.79996,145.13
7,0.1283,0.0404,249,249,249,249,249,249,249,8.299848,8.299849,8.299852,8.299854,8.266559,8.299926,8.29996,140.84
2,0.0015,0.0062,133,133,10.233323,10.199992,156.65
3,0.0134,0.0062,133,133,133,7.966658,7.966659,7.966662,131.63
4,0.0031,0.0404,249,249,249,249,9.999937,9.999939,9.999945,9.99995,155.36
5,0.0034,0.0404,249,249,249,249,249,9.399893,9.399898,9.399914,9.399917,9.399958,150.53
6,0.0178,0.0404,249,249,249,249,249,249,8.799875,8.799877,8.799882,8.799885,8.799925,8.79996,145.13
7,0.0198,0.0404,249,249,249,249,249,249,249,8.23321,8.233214,8.233216,8.233218,8.233227,8.233261,8.233295,139.72
8,0.0216,0.0404,249,249,249,249,249,249,249,249,7.799871,7.799873,7.799877,7.79988,7.799887,7.799895,7.799927,7.799958,136.1
9,0.091,0.0404,249,249,249,249,249,249,249,249,249,7.299905,7.299907,7.299919,7.299921,7.299926,7.29993,7.29996,7.299963,7.299966,130.87
10,0.0984,0.0404,249,249,249,249,249,249,249,249,249,249,6.933164,6.933166,6.933168,6.93317,6.933175,6.933184,6.933212,6.933241,6.93327,6.933301,127.61
2,0.0015,0.0062,133,133,10.199991,10.199993,156.18
3,0.0132,0.0062,133,133,133,8.033323,8.033325,8.033329,132.73
