10,1,15518.368502
10,2,15689.7375758
10,3,2077.95810352
10,4,41.718067612
10,5,41.9460896083
10,6,41.5567992755
10,7,40.8489234107
10,8,41.7083018848
10,9,41.0003704003
10,10,40.6772617272
10,11,40.896221229
10,12,40.5166359288
10,13,39.9255028452
10,14,40.7591056824
10,15,39.8640960966
10,16,40.0146211556
10,17,39.2501239266
10,18,38.1969548123
10,19,37.8850785494
10,20,38.0356820651
10,21,36.2023590803
10,22,36.3249180828
10,23,37.4851196664
10,24,36.0481525489
10,25,34.9941091708
10,26,5332157.74624
10,27,38.6018771955
10,28,36.268835783
10,29,36.6458391632
10,30,34.6986339092
10,31,34.5389408384
10,32,36.254447903
10,33,37.9438041789
10,34,35.372935244
10,35,35.0393712691
10,36,33.3293203712
10,37,33.2345462952
10,38,34.9092316713
10,39,33.2621888263
10,40,33.9303573029
10,41,34.4524962051
10,42,33.1444360358
10,43,32.1567157677
10,44,33.2679621152
10,45,390.836787905
10,46,40.7417143072
10,47,37.5571365356
10,48,35.55849576
10,49,37.6074094943
10,50,33.8470865999
10,1,34.8334650482
10,2,33.4658837914
10,3,33.7954918231
10,4,33.120405708
10,5,33.4568667156
10,6,34.323576246
10,7,33.1454886624
10,8,38.4915073599
10,9,36.6918170452
10,10,32.0637528215
10,11,33.4300435185
10,12,32.9841433593
10,13,34.7428572178
10,14,34.5283854348
10,15,79.4750920704
10,16,36.6136262417
10,17,42.8936264856
10,18,32.0746173603
10,19,36.6360169649
10,20,52.0755165645
10,21,34.0714754888
10,22,34.1091103298
10,23,35.8708276919
10,24,34.6559752056
10,25,60.6059798854
10,26,39.3809219088
