10,1,6175622808.37
10,2,797.07437379
10,3,49.3956448691
10,4,45.1676204886
10,5,4259.56162797
10,6,43.141600711
10,7,7047417.5169
10,8,47.1307304246
10,9,44.3543484211
10,10,46.3546386787
10,11,48.1693681649
10,12,47.6714105606
10,13,46.2903067384
10,14,45.537467071
10,15,44.4156688963
10,16,43.1627413886
10,17,41.8870545796
10,18,38.5966932774
10,19,38.3508126054
10,20,38.5182358878
10,21,36.668076975
10,22,36.7795199156
10,23,36.953535097
10,24,35.8721727644
10,25,35.4722298724
10,26,5544.4124558
10,27,36.3935957636
10,28,35.4674979363
10,29,35.7068767803
10,30,34.8803053498
10,31,33.953382458
10,32,31956852191.7
10,33,24590.8659924
10,34,65.1529791696
10,35,57.2658886909
10,36,52.9270219803
10,37,50.1655221667
10,38,47.6322467668
10,39,44.0188036646
10,40,41.8808731692
10,41,41.1750361238
10,42,38.9616098404
10,43,37.8461404698
10,44,38.2085151672
10,45,39.9985379832
10,46,35.8165719169
10,47,35.81394904
10,48,34.7118469988
10,49,34.7010692017
10,50,33.870476297
10,1,34.1140860915
10,2,830.764357499
10,3,125258.914952
10,4,41.870000124
10,5,42.4285523891
10,6,38.3702841146
10,7,36.8188000917
10,8,37.1898326874
10,9,35.9778757777
10,10,35.3711971385
10,11,36.4766764471
10,12,35.5604924985
10,13,33.8449106131
10,14,35.632582392
10,15,35.3075874022
10,16,34.2732062255
10,17,14244.9536885
10,18,33.3323181272
10,19,32.5051196303
10,20,33.3327517595
10,21,31.9830672571
10,22,422.669622694
10,23,13578847.3278
10,24,38.8989239931
