10,1,11244322920.6
10,2,1437.11400918
10,3,1374.11260509
10,4,87.3170952456
10,5,53.5050412587
10,6,47.3076776096
10,7,51.8280954361
10,8,41.0333694049
10,9,58.3378625257
10,10,39.6464028358
10,11,40.0715154239
10,12,39.3415751968
10,13,38.4177274193
10,14,39.1870324101
10,15,980.403142248
10,16,38.3176373925
10,17,41.6925208228
10,18,37.4769778422
10,19,36.9250847953
10,20,37.2752468075
10,21,259.616286431
10,22,36.4888167381
10,23,1704.86743626
10,24,82930682916.4
10,25,62.193825313
10,26,88.5225657054
10,27,120.832609177
10,28,69.181862763
10,29,97.7681132044
10,30,52.0210330827
10,31,49.1140555654
10,32,48.5512723923
10,33,45.0420082978
10,34,44.3239669459
10,35,45.4507764408
10,36,44.4051180908
10,37,39.9644463403
10,38,40.3194246633
10,39,252.324512959
10,40,39.068971089
10,41,38.5660000699
10,42,37.0521559204
10,43,36.8483826603
10,44,37.9932399137
10,45,36.0729217359
10,46,35.2526917798
10,47,36.2406859228
10,48,29710863.6242
10,49,323.376907349
10,50,51.1333567074
10,1,48.2423906326
10,2,45.6565560273
10,3,44.0129296439
10,4,41.8359849453
10,5,41.1452505248
10,6,39.6942566463
10,7,38.5714219979
10,8,38.8497778688
10,9,29586336.1383
10,10,43.3024138723
10,11,41.344957556
10,12,39.487777182
10,13,37.727618507
10,14,37.6921477829
10,15,36.446397577
10,16,35.6162905012
10,17,36.4657202108
10,18,35.170832651
10,19,34.3831260545
10,20,35.2486224174
10,21,37.5426392555
10,22,3214.40556635
10,23,78.5371347836
10,24,42.9345744337
10,25,40.7894287109
10,26,39.9924133505
10,27,37.3988187143
10,28,36.1389374733
10,29,36.9726662466
10,30,34.8440769741
10,31,54.468580246
10,32,59.6642564365
10,33,75.1289317948
10,34,51.9742429597
10,35,49.0979078838
