pedestrian_flowers,0.1874,0.7616,0.5403,81,81,14.39988,14.399932
cars_cats,0.1165,0.5226,0.6357,81,81,14.466542,14.466593
flowers_flowers,0.3685,0.8281,0.8222,81,81,14.466247,14.4663
cats_cats,0.1953,0.6783,0.7135,81,81,14.533171,14.533244
pedestrian_pedestrian,0.0026,0.6951,0.2584,81,81,14.466495,14.46655
cars_flowers,0.1995,0.5981,0.6901,81,81,14.533197,14.533261
cars_cars,0.0348,0.3671,0.5579,81,81,14.466547,14.466564
pedestrian_cars,0.0187,0.5311,0.4082,81,81,14.466346,14.466366
flowers_cats,0.2833,0.7531,0.7678,81,81,14.466546,14.466601
pedestrian_cats,0.1004,0.6866,0.4859,81,81,14.466534,14.466582
cars_flowers,0.0231,0.1477,0.0,3,3,8.066582,8.066613
pedestrian_cats,0.0412,0.3367,0.0,3,3,8.066621,8.066625
flowers_flowers,0.04,0.2736,0.0,3,3,8.066609,8.066636
pedestrian_cars,0.0183,0.2083,0.0,3,3,8.066609,8.066622
cats_cats,0.0535,0.2762,0.0,3,3,7.99996,7.999975
pedestrian_pedestrian,0.0314,0.3919,0.0,3,3,7.999949,7.999966
flowers_cats,0.0474,0.2735,0.0,3,3,7.999949,7.999975
pedestrian_flowers,0.0384,0.3259,0.0,3,3,7.86652,7.866534
cars_cars,0.0064,0.0215,0.0,3,3,7.999943,7.999948
cars_cats,0.0291,0.1502,0.0,3,3,8.066511,8.06653
pedestrian_flowers,0.1855,0.7616,0.5403,81,81,14.466509,14.466568
cars_cats,0.1165,0.5226,0.6357,81,81,14.466314,14.466363
flowers_flowers,0.3652,0.8279,0.8222,81,81,14.533191,14.533263
cats_cats,0.1953,0.6783,0.7135,81,81,14.533156,14.533216
pedestrian_pedestrian,0.0026,0.6951,0.2584,81,81,14.466523,14.466574
cars_flowers,0.2017,0.5976,0.6901,81,81,14.466532,14.466568
cars_cars,0.0348,0.3671,0.5579,81,81,14.46635,14.466445
pedestrian_cars,0.0187,0.5311,0.4082,81,81,14.466498,14.466573
flowers_cats,0.2833,0.7531,0.7678,81,81,14.466511,14.466563
pedestrian_cats,0.1021,0.6865,0.4859,81,81,14.399847,14.399901
cars_flowers,0.0231,0.1477,0.0,3,3,8.066615,8.066628
pedestrian_cats,0.0424,0.334,0.0,3,3,7.99996,7.999975
flowers_flowers,0.0418,0.2695,0.0,3,3,7.933203,7.999891
pedestrian_cars,0.0195,0.2051,0.0,3,3,7.933274,7.933299
cats_cats,0.052,0.2787,0.0,3,3,8.06662,8.066627
pedestrian_pedestrian,0.0314,0.3919,0.0,3,3,7.99994,7.999966
flowers_cats,0.0487,0.2709,0.0,3,3,7.933241,7.933257
pedestrian_flowers,0.0363,0.3314,0.0,3,3,7.999955,7.999974
cars_cars,0.0064,0.0215,0.0,3,3,7.999948,7.999966
cars_cats,0.0291,0.1502,0.0,3,3,8.066609,8.066633
