cats_cats_cats_cats,0.4476,0.191,0.0,3,3,3,3,4.999227,5.03256,4.965906,4.999237
pedestrian_pedestrian_pedestrian_pedestrian,0.4172,0.2831,0.0,3,3,3,3,4.966603,4.933274,5.033275,4.899946
pedestrian_cars_flowers_cats,0.4048,0.1664,0.0,3,3,3,3,4.999972,5.03331,4.966646,4.999981
pedestrian_pedestrian_flowers_cats,0.4183,0.2344,0.0,3,3,3,3,4.999929,5.033267,5.033269,4.99994
pedestrian_pedestrian_pedestrian_cats,0.4253,0.2601,0.0,3,3,3,3,4.966647,4.933318,4.966654,4.99999
pedestrian_flowers_flowers_cats,0.4347,0.2086,0.0,3,3,3,3,4.933314,4.933319,4.999988,4.99999
flowers_flowers_cats_cats,0.4313,0.1856,0.0,3,3,3,3,5.066593,4.999931,5.033266,4.999936
pedestrian_cars_flowers_flowers,0.4021,0.1637,0.0,3,3,3,3,4.999973,4.966645,4.999981,4.999984
cars_cars_flowers_flowers,0.3847,0.0958,0.0,3,3,3,3,4.96658,5.033249,4.966586,4.999922
cars_flowers_flowers_cats,0.4102,0.1407,0.0,3,3,3,3,4.966646,4.999983,4.999986,5.033322
pedestrian_pedestrian_cats_cats,0.4143,0.237,0.0,3,3,3,3,5.066238,4.999582,5.099577,5.06625
flowers_flowers_flowers_cats,0.4467,0.1829,0.0,3,3,3,3,4.933311,4.933315,4.966651,4.899987
pedestrian_cars_cars_cars,0.3493,0.0793,0.0,3,3,3,3,4.966626,5.033296,5.033299,5.066634
pedestrian_cats_cats_cats,0.4412,0.214,0.0,3,3,3,3,4.966642,5.033312,4.999981,4.933317
pedestrian_pedestrian_cars_cats,0.4044,0.1921,0.0,3,3,3,3,4.933308,4.966645,4.999981,5.033317
flowers_flowers_flowers_flowers,0.4304,0.1803,0.0,3,3,3,3,4.999925,4.966596,4.999932,4.966602
cars_flowers_cats_cats,0.417,0.1434,0.0,3,3,3,3,4.999925,4.966596,4.999932,4.999934
pedestrian_pedestrian_pedestrian_cars,0.3965,0.2151,0.0,3,3,3,3,4.999979,4.966651,4.966653,4.966657
cars_cars_cats_cats,0.4093,0.1012,0.0,3,3,3,3,4.933312,4.933316,4.933319,4.933323
pedestrian_flowers_flowers_flowers,0.4255,0.206,0.0,3,3,3,3,5.033256,4.933261,4.966598,4.999933
pedestrian_pedestrian_pedestrian_flowers,0.4063,0.2574,0.0,3,3,3,3,4.999975,5.066645,4.999982,5.033318
cars_cars_cars_cars,0.3479,0.0113,0.0,3,3,3,3,4.933311,4.966648,4.999985,4.966655
pedestrian_cars_cats_cats,0.414,0.1691,0.0,3,3,3,3,4.999957,4.999961,4.96663,4.966633
pedestrian_pedestrian_cars_cars,0.3604,0.1472,0.0,3,3,3,3,5.066592,4.999931,5.0666,5.066603
cars_flowers_flowers_flowers,0.4145,0.138,0.0,3,3,3,3,4.966593,4.899931,4.9666,4.999935
pedestrian_pedestrian_flowers_flowers,0.4209,0.2317,0.0,3,3,3,3,4.96664,4.966645,4.933315,5.066651
cars_cats_cats_cats,0.4222,0.1461,0.0,3,3,3,3,4.999971,4.999976,4.966647,4.999983
cars_cars_cars_cats,0.3621,0.0562,0.0,3,3,3,3,4.9666,5.033269,5.033272,5.033275
pedestrian_cars_cars_flowers,0.3864,0.1215,0.0,3,3,3,3,4.933261,4.999932,4.93327,4.999939
cars_cars_flowers_cats,0.3884,0.0985,0.0,3,3,3,3,4.966647,4.999984,4.999988,5.033324
pedestrian_pedestrian_cars_flowers,0.3969,0.1894,0.0,3,3,3,3,4.933263,4.9666,5.033269,5.033272
flowers_cats_cats_cats,0.4423,0.1883,0.0,3,3,3,3,4.966587,4.999924,5.03326,4.99993
pedestrian_cars_cars_cats,0.3774,0.1242,0.0,3,3,3,3,5.066643,4.966647,5.033317,5.033319
pedestrian_flowers_cats_cats,0.4342,0.2113,0.0,3,3,3,3,4.96662,4.966624,5.033293,4.999963
cars_cars_cars_flowers,0.3798,0.0536,0.0,3,3,3,3,4.899975,4.966645,4.933315,4.899984
