cars_flowers,0.0146,0.1646,0.0,3,3,9.66664,9.666646
pedestrian_cats,0.0272,0.3652,0.0,3,3,9.633316,9.633318
flowers_flowers,0.0244,0.306,0.0,3,3,9.733311,9.733316
pedestrian_cars,0.0107,0.2272,0.0,3,3,9.73329,9.733293
cats_cats,0.0341,0.3067,0.0,3,3,9.666599,9.666602
pedestrian_pedestrian,0.021,0.421,0.0,3,3,9.53327,9.533272
flowers_cats,0.0292,0.3063,0.0,3,3,9.69997,9.699974
pedestrian_flowers,0.0218,0.366,0.0,3,3,9.699979,9.699981
cars_cars,0.0035,0.0258,0.0,3,3,9.699965,9.699969
cars_cats,0.0197,0.1649,0.0,3,3,9.59992,9.599924
