cats,0.1344,0.6826,0.7135,81,17.699943
cars,0.0144,0.396,0.5579,81,17.866642
pedestrian,0.001,0.6971,0.2584,81,17.033299
flowers,0.3073,0.8248,0.8222,81,17.266629
pedestrian_flowers,0.1855,0.7616,0.5403,81,81,14.466509,14.466568
cars_cats,0.1165,0.5226,0.6357,81,81,14.466314,14.466363
flowers_flowers,0.3652,0.8279,0.8222,81,81,14.533191,14.533263
cats_cats,0.1953,0.6783,0.7135,81,81,14.533156,14.533216
pedestrian_pedestrian,0.0026,0.6951,0.2584,81,81,14.466523,14.466574
cars_flowers,0.2017,0.5976,0.6901,81,81,14.466532,14.466568
cars_cars,0.0348,0.3671,0.5579,81,81,14.46635,14.466445
pedestrian_cars,0.0187,0.5311,0.4082,81,81,14.466498,14.466573
flowers_cats,0.2833,0.7531,0.7678,81,81,14.466511,14.466563
pedestrian_cats,0.1021,0.6865,0.4859,81,81,14.399847,14.399901
cars_cats_cats,0.1011,0.5846,0.6616,81,81,81,17.433228,17.433245,17.433269
pedestrian_pedestrian_flowers,0.1012,0.7398,0.4464,81,81,81,17.399943,17.399952,17.399962
pedestrian_cars_cars,0.0134,0.4903,0.4581,81,81,81,17.199771,17.19978,17.19979
pedestrian_pedestrian_pedestrian,0.0008,0.6976,0.2584,81,81,81,17.466601,17.466613,17.466625
flowers_flowers_cats,0.2492,0.7769,0.786,81,81,81,17.399929,17.39994,17.39995
pedestrian_pedestrian_cars,0.0066,0.5949,0.3583,81,81,81,17.3998,17.39981,17.399819
pedestrian_cats_cats,0.0961,0.6871,0.5618,81,81,81,17.399946,17.399957,17.399966
flowers_cats_cats,0.2111,0.7291,0.7497,81,81,81,16.966591,16.966602,16.96661
cats_cats_cats,0.1427,0.6819,0.7135,81,81,81,17.433133,17.433143,17.433154
pedestrian_pedestrian_cats,0.0467,0.6926,0.4101,81,81,81,17.566617,17.566626,17.566634
flowers_flowers_flowers,0.3046,0.8246,0.8222,81,81,81,17.333266,17.333276,17.333284
cars_cars_flowers,0.1121,0.5348,0.646,81,81,81,17.433272,17.433282,17.433292
pedestrian_cars_flowers,0.1069,0.6372,0.5462,81,81,81,17.433204,17.39988,17.399889
pedestrian_flowers_cats,0.1496,0.7346,0.598,81,81,81,17.366593,17.366604,17.366613
cars_cars_cats,0.06,0.487,0.6098,81,81,81,17.399928,17.399937,17.399944
cars_cars_cars,0.0179,0.39,0.5579,81,81,81,17.433094,17.433104,17.433113
cars_flowers_flowers,0.2063,0.6796,0.7341,81,81,81,17.433268,17.433288,17.433298
cars_flowers_cats,0.152,0.6324,0.6979,81,81,81,17.499938,17.499947,17.499954
pedestrian_flowers_flowers,0.197,0.782,0.6343,81,81,81,17.56659,17.5666,17.566612
pedestrian_cars_cats,0.0534,0.59,0.5099,81,81,81,17.466435,17.466446,17.466455
cars_cars_flowers_flowers,0.1656,0.6057,0.6901,81,81,81,81,17.16652,17.16654,17.166568,17.166596
flowers_cats_cats_cats,0.1855,0.7174,0.7407,81,81,81,81,17.333258,17.333266,17.333277,17.333286
cars_cars_cars_flowers,0.0864,0.4999,0.624,81,81,81,81,17.566578,17.566586,17.566595,17.566605
pedestrian_pedestrian_pedestrian_pedestrian,0.001,0.6973,0.2584,81,81,81,81,17.166516,17.166524,17.166533,17.166545
cars_flowers_flowers_cats,0.1894,0.6803,0.729,81,81,81,81,17.466383,17.466391,17.466399,17.466408
cars_cars_cats_cats,0.0809,0.5357,0.6357,81,81,81,81,17.399935,17.399943,17.399952,17.39996
pedestrian_pedestrian_pedestrian_cats,0.0366,0.6936,0.3722,81,81,81,81,17.39991,17.399919,17.39993,17.399939
pedestrian_cars_cars_cats,0.0479,0.5378,0.5219,81,81,81,81,17.166605,17.166615,17.166623,17.16663
cars_cats_cats_cats,0.1098,0.6093,0.6746,81,81,81,81,17.499939,17.499948,17.499957,17.499966
pedestrian_pedestrian_flowers_cats,0.1124,0.7253,0.5131,81,81,81,81,17.366595,17.366604,17.366612,17.36662
pedestrian_cars_flowers_flowers,0.1557,0.684,0.6152,81,81,81,81,17.399773,17.399784,17.399796,17.399807
cars_cars_cars_cars,0.0199,0.3863,0.5579,81,81,81,81,17.166595,17.166602,17.166609,17.166617
cars_flowers_flowers_flowers,0.2256,0.716,0.7562,81,81,81,81,17.5666,17.566608,17.566618,17.566628
cats_cats_cats_cats,0.1407,0.6821,0.7135,81,81,81,81,17.499913,17.499922,17.499929,17.499938
cars_flowers_cats_cats,0.1528,0.6443,0.7018,81,81,81,81,17.366579,17.36659,17.3666,17.366609
cars_cars_cars_cats,0.0486,0.4633,0.5968,81,81,81,81,17.466541,17.466561,17.46657,17.466579
pedestrian_cars_cars_cars,0.0138,0.4665,0.4831,81,81,81,81,17.399903,17.399911,17.399922,17.399934
pedestrian_cars_flowers_cats,0.1148,0.6486,0.588,81,81,81,81,17.46659,17.4666,17.466613,17.466624
pedestrian_pedestrian_cars_flowers,0.0841,0.6512,0.4742,81,81,81,81,17.099905,17.099913,17.099922,17.099932
cars_cars_flowers_cats,0.1269,0.5693,0.6629,81,81,81,81,17.099895,17.099918,17.099928,17.099937
flowers_flowers_flowers_cats,0.2586,0.7887,0.795,81,81,81,81,17.499909,17.499918,17.499927,17.499935
pedestrian_pedestrian_cats_cats,0.0718,0.6898,0.4859,81,81,81,81,17.433072,17.43308,17.433089,17.433097
pedestrian_pedestrian_cars_cats,0.0415,0.6163,0.4471,81,81,81,81,17.333248,17.333256,17.333265,17.333272
pedestrian_pedestrian_cars_cars,0.0092,0.544,0.4082,81,81,81,81,17.466576,17.466584,17.466594,17.466603
pedestrian_cars_cats_cats,0.0743,0.6134,0.5608,81,81,81,81,17.533259,17.533268,17.53328,17.53329
flowers_flowers_flowers_flowers,0.3033,0.8246,0.8222,81,81,81,81,17.366599,17.366607,17.366615,17.366624
pedestrian_flowers_flowers_flowers,0.2226,0.7925,0.6813,81,81,81,81,17.533073,17.53308,17.533089,17.533097
pedestrian_flowers_cats_cats,0.1476,0.7214,0.6269,81,81,81,81,17.399712,17.399724,17.399736,17.399747
pedestrian_cars_cars_flowers,0.0843,0.5755,0.5491,81,81,81,81,17.433072,17.433082,17.43309,17.433101
pedestrian_pedestrian_pedestrian_cars,0.0048,0.6211,0.3333,81,81,81,81,17.53324,17.533247,17.533267,17.533276
flowers_flowers_cats_cats,0.2216,0.7532,0.7678,81,81,81,81,17.433272,17.433281,17.433289,17.433296
pedestrian_cats_cats_cats,0.1057,0.686,0.5997,81,81,81,81,17.499735,17.499741,17.49975,17.499758
pedestrian_flowers_flowers_cats,0.1871,0.7571,0.6541,81,81,81,81,17.399905,17.399914,17.399921,17.39993
