4,0.2525,0.1936,0.0099,45,3,45,45,9,8,3,6
4,0.2525,0.1936,0.0099,45,3,45,45,9,8,3,6
8,0.0795,0.2012,0.0,33,33,33,33,33,33,33,33,9,8,8,6,9,8,8,6
4,0.2525,0.1936,0.0099,45,3,45,45,9,8,3,6
8,0.0795,0.2012,0.0,33,33,33,33,33,33,33,33,9,8,8,6,9,8,8,6
12,0.2186,0.1936,0.0,33,45,33,69,39,33,33,33,33,39,33,63,9,6,8,1,6,8,8,6,9,6,8,3
4,0.2525,0.1936,0.0099,45,3,45,45,9,8,3,6
8,0.0795,0.2012,0.0,33,33,33,33,33,33,33,33,9,8,8,6,9,8,8,6
12,0.2186,0.1936,0.0,33,45,33,69,39,33,33,33,33,39,33,63,9,6,8,1,6,8,8,6,9,6,8,3
16,0.4796,0.308,0.1411,33,33,33,81,45,33,69,69,33,33,81,81,45,33,81,81,9,8,8,1,6,8,3,3,9,8,1,1,9,8,1,1
4,0.2525,0.1936,0.0099,45,3,45,45,9,8,3,6
8,0.0795,0.2012,0.0,33,33,33,33,33,33,33,33,9,8,8,6,9,8,8,6
12,0.2186,0.1936,0.0,33,45,33,69,39,33,33,33,33,39,33,63,9,6,8,1,6,8,8,6,9,6,8,3
16,0.4796,0.308,0.1411,33,33,33,81,45,33,69,69,33,33,81,81,45,33,81,81,9,8,8,1,6,8,3,3,9,8,1,1,9,8,1,1
20,0.6264,0.3798,0.2457,33,33,81,81,45,69,81,81,33,33,81,81,45,33,81,81,33,33,81,81,9,8,1,1,6,3,1,1,9,8,1,1,9,8,1,1,9,8,1,1
4,0.2525,0.1936,0.0099,45,3,45,45,9,8,3,6
8,0.0795,0.2012,0.0,33,33,33,33,33,33,33,33,9,8,8,6,9,8,8,6
12,0.2186,0.1936,0.0,33,45,33,69,39,33,33,33,33,39,33,63,9,6,8,1,6,8,8,6,9,6,8,3
16,0.4796,0.308,0.1411,33,33,33,81,45,33,69,69,33,33,81,81,45,33,81,81,9,8,8,1,6,8,3,3,9,8,1,1,9,8,1,1
20,0.6264,0.3798,0.2457,33,33,81,81,45,69,81,81,33,33,81,81,45,33,81,81,33,33,81,81,9,8,1,1,6,3,1,1,9,8,1,1,9,8,1,1,9,8,1,1
24,0.6495,0.4056,0.2801,33,33,81,81,51,33,81,81,33,33,81,81,51,33,81,81,33,69,81,81,51,81,81,81,9,8,1,1,6,8,1,1,9,8,1,1,6,8,1,1,9,1,1,1,7,1,1,1
4,0.2525,0.1936,0.0099,45,3,45,45,9,8,3,6
8,0.0795,0.2012,0.0,33,33,33,33,33,33,33,33,9,8,8,6,9,8,8,6
12,0.2186,0.1936,0.0,33,45,33,69,39,33,33,33,33,39,33,63,9,6,8,1,6,8,8,6,9,6,8,3
16,0.4796,0.308,0.1411,33,33,33,81,45,33,69,69,33,33,81,81,45,33,81,81,9,8,8,1,6,8,3,3,9,8,1,1,9,8,1,1
20,0.6264,0.3798,0.2457,33,33,81,81,45,69,81,81,33,33,81,81,45,33,81,81,33,33,81,81,9,8,1,1,6,3,1,1,9,8,1,1,9,8,1,1,9,8,1,1
24,0.6495,0.4056,0.2801,33,33,81,81,51,33,81,81,33,33,81,81,51,33,81,81,33,69,81,81,51,81,81,81,9,8,1,1,6,8,1,1,9,8,1,1,6,8,1,1,9,1,1,1,7,1,1,1
28,0.7306,0.4679,0.3612,33,33,81,81,51,33,81,81,33,33,81,81,51,81,81,81,33,81,81,81,51,81,81,81,33,81,81,81,9,8,1,1,6,8,1,1,9,8,1,1,5,1,1,1,9,1,1,1,7,1,1,1,9,1,1,1
4,0.2525,0.1936,0.0099,45,3,45,45,9,8,3,6
8,0.0795,0.2012,0.0,33,33,33,33,33,33,33,33,9,8,8,6,9,8,8,6
12,0.2186,0.1936,0.0,33,45,33,69,39,33,33,33,33,39,33,63,9,6,8,1,6,8,8,6,9,6,8,3
16,0.4796,0.308,0.1411,33,33,33,81,45,33,69,69,33,33,81,81,45,33,81,81,9,8,8,1,6,8,3,3,9,8,1,1,9,8,1,1
20,0.6264,0.3798,0.2457,33,33,81,81,45,69,81,81,33,33,81,81,45,33,81,81,33,33,81,81,9,8,1,1,6,3,1,1,9,8,1,1,9,8,1,1,9,8,1,1
24,0.6495,0.4056,0.2801,33,33,81,81,51,33,81,81,33,33,81,81,51,33,81,81,33,69,81,81,51,81,81,81,9,8,1,1,6,8,1,1,9,8,1,1,6,8,1,1,9,1,1,1,7,1,1,1
28,0.7306,0.4679,0.3612,33,33,81,81,51,33,81,81,33,33,81,81,51,81,81,81,33,81,81,81,51,81,81,81,33,81,81,81,9,8,1,1,6,8,1,1,9,8,1,1,5,1,1,1,9,1,1,1,7,1,1,1,9,1,1,1
32,0.7704,0.4766,0.3732,33,69,81,81,33,33,81,81,33,57,81,81,33,81,81,81,33,81,81,81,33,81,81,81,33,81,81,81,33,81,81,81,9,1,1,1,6,8,1,1,9,1,1,1,8,1,1,1,9,1,1,1,8,1,1,1,9,1,1,1,8,1,1,1
