1,0.3672,0.5956,0.2584,81,11.333239
1,0.0,0.674,0.2584,81,12.13329
2,0.0,0.674,0.2584,81,81,12.199701,12.199726
3,0.0,0.674,0.2584,81,81,81,12.266481,12.266521,12.199898
4,0.0,0.674,0.2584,81,81,81,81,12.199851,12.199879,12.199906,12.199948
5,0.0,0.674,0.2584,81,81,81,81,81,12.199685,12.19971,12.199719,12.199729,12.199738
6,0.0,0.674,0.2584,81,81,81,81,81,81,12.333086,12.333098,12.266443,12.266475,12.266501,12.266514
7,0.0,0.674,0.2584,81,81,81,81,81,81,81,12.599561,12.599604,12.599615,12.599654,12.533017,12.599709,12.59975
8,0.0,0.674,0.2584,81,81,81,81,81,81,81,81,12.46638,12.466423,12.46645,12.466461,12.466494,12.46652,12.3332,12.466563
9,0.0,0.674,0.2584,81,81,81,81,81,81,81,81,81,12.466361,12.466385,12.466395,12.466406,12.466432,12.466443,12.466468,12.466498,12.46651
10,0.0,0.674,0.2584,81,81,81,81,81,81,81,81,81,81,12.466321,12.466344,12.466371,12.466397,12.466421,12.466449,12.466473,12.4665,12.466525,12.466553
11,0.0,0.674,0.2584,81,81,81,81,81,81,81,81,81,81,81,12.33294,12.332963,12.333,12.333023,12.33305,12.333074,12.333101,12.333124,12.333164,12.333188,12.333214
12,0.0,0.674,0.2584,81,81,81,81,81,81,81,81,81,81,81,81,12.466008,12.466062,12.466104,12.466133,12.466164,12.466193,12.466225,12.466269,12.466314,12.466359,12.466406,12.466447
13,0.0,0.674,0.2584,81,81,81,81,81,81,81,81,81,81,81,81,81,12.466283,12.466294,12.466305,12.466317,12.466348,12.399721,12.466399,12.46641,12.466421,12.46645,12.466476,12.466505,12.466518
14,0.0,0.674,0.2584,81,81,81,81,81,81,81,81,81,81,81,81,81,81,12.399571,12.399582,12.399607,12.399646,12.3997,12.399726,12.399754,12.399766,12.399779,12.399791,12.399831,12.399858,12.39987,12.399879
15,0.0,0.674,0.2584,81,81,81,81,81,81,81,81,81,81,81,81,81,81,81,12.466191,12.466203,12.466215,12.466259,12.46627,12.466282,12.46631,12.46635,12.466373,12.466388,12.466401,12.466413,12.466426,12.466439,12.466451
16,0.0,0.674,0.2584,81,81,81,81,81,81,81,81,81,81,81,81,81,81,81,81,12.532804,12.532814,12.532825,12.532836,12.532847,12.532858,12.532897,12.532908,12.532931,12.532968,12.53298,12.532991,12.533018,12.533028,12.533054,12.533083
17,0.0,0.674,0.2584,81,81,81,81,81,81,81,81,81,81,81,81,81,81,81,81,81,12.466299,12.46631,12.466319,12.46633,12.466353,12.466366,12.466377,12.466402,12.466412,12.466422,12.466432,12.466443,12.466466,12.466489,12.466505,12.466515,12.466526
18,0.0,0.674,0.2584,81,81,81,81,81,81,81,81,81,81,81,81,81,81,81,81,81,81,12.532056,12.532068,12.532101,12.532129,12.532172,12.5322,12.532213,12.53224,12.532271,12.532283,12.532296,12.532309,12.532322,12.532346,12.532372,12.532385,12.532398,12.532411
19,0.0,0.674,0.2584,81,81,81,81,81,81,81,81,81,81,81,81,81,81,81,81,81,81,81,12.332688,12.332718,12.332745,12.332775,12.332805,12.332835,12.332865,12.332893,12.332909,12.332953,12.332983,12.333016,12.333034,12.33305,12.333069,12.333097,12.333112,12.333139,12.333157
20,0.0,0.674,0.2584,81,81,81,81,81,81,81,81,81,81,81,81,81,81,81,81,81,81,81,81,12.532667,12.532677,12.532699,12.532734,12.532744,12.532754,12.466102,12.532777,12.532788,12.532823,12.532859,12.53287,12.466229,12.46625,12.532938,12.466285,12.466298,12.466319,12.466343,12.466377
21,0.0,0.674,0.2584,81,81,81,81,81,81,81,81,81,81,81,81,81,81,81,81,81,81,81,81,81,12.332898,12.33291,12.332921,12.332933,12.332957,12.33297,12.332982,12.332995,12.333007,12.333021,12.333034,12.333057,12.333069,12.333082,12.333093,12.333106,12.333118,12.33313,12.333142,12.333153,12.333166
