1,0.3672,0.5956,0.2584,81,11.666548
2,0.3672,0.5956,0.2584,81,81,12.399893,12.399938
3,0.3672,0.5956,0.2584,81,81,81,12.399903,12.399926,12.399936
4,0.3672,0.5956,0.2584,81,81,81,81,12.066437,12.066466,12.066508,12.066519
5,0.3672,0.5956,0.2584,81,81,81,81,81,12.599747,12.599761,12.599773,12.599802,12.533162
6,0.3672,0.5956,0.2584,81,81,81,81,81,81,12.399783,12.399809,12.399841,12.399868,12.39991,12.333256
7,0.3672,0.5956,0.2584,81,81,81,81,81,81,81,12.533078,12.5331,12.53311,12.533124,12.533139,12.533155,12.533184
8,0.3672,0.5956,0.2584,81,81,81,81,81,81,81,81,12.466281,12.466325,12.466367,12.46638,12.466407,12.46645,12.466476,12.466506
9,0.3672,0.5956,0.2584,81,81,81,81,81,81,81,81,81,12.599679,12.599704,12.599714,12.599736,12.599748,12.599776,12.599799,12.59982,12.59983
10,0.3672,0.5956,0.2584,81,81,81,81,81,81,81,81,81,81,12.533053,12.533098,12.533115,12.533134,12.533154,12.533171,12.533188,12.533216,12.533232,12.533249
11,0.3672,0.5956,0.2584,81,81,81,81,81,81,81,81,81,81,81,12.466259,12.466282,12.466323,12.466362,12.466372,12.466383,12.466407,12.466417,12.466441,12.466468,12.466478
12,0.3672,0.5956,0.2584,81,81,81,81,81,81,81,81,81,81,81,81,12.399354,12.39938,12.399392,12.399421,12.399447,12.399476,12.399489,12.399502,12.399514,12.399552,12.399564,12.399578
13,0.3672,0.5956,0.2584,81,81,81,81,81,81,81,81,81,81,81,81,81,12.399635,12.399645,12.399671,12.399683,12.399693,12.399738,12.39975,12.399773,12.399798,12.39981,12.399834,12.39986,12.399874
14,0.3672,0.5956,0.2584,81,81,81,81,81,81,81,81,81,81,81,81,81,81,12.466113,12.466156,12.466188,12.46622,12.46626,12.466291,12.46632,12.466352,12.46638,12.466407,12.466433,12.466461,12.466493,12.466522
15,0.3672,0.5956,0.2584,81,81,81,81,81,81,81,81,81,81,81,81,81,81,81,12.332694,12.332737,12.332767,12.3328,12.332844,12.332888,12.332929,12.332975,12.333018,12.333047,12.333074,12.33309,12.333106,12.333132,12.333148
16,0.3672,0.5956,0.2584,81,81,81,81,81,81,81,81,81,81,81,81,81,81,81,81,12.532748,12.532762,12.532779,12.532808,12.532853,12.532885,12.532903,12.532941,12.532959,12.532975,12.532991,12.533007,12.533024,12.533041,12.533059,12.533077
17,0.3672,0.5956,0.2584,81,81,81,81,81,81,81,81,81,81,81,81,81,81,81,81,81,12.46597,12.465979,12.466017,12.466038,12.466079,12.466117,12.466145,12.466185,12.466207,12.466247,12.466274,12.466314,12.466348,12.466362,12.466374,12.466387,12.46641
18,0.3672,0.5956,0.2584,81,81,81,81,81,81,81,81,81,81,81,81,81,81,81,81,81,81,12.466163,12.466207,12.466218,12.466229,12.466239,12.466251,12.466274,12.466297,12.466307,12.466318,12.466328,12.46634,12.466351,12.466362,12.466372,12.466383,12.466394,12.466407
19,0.3672,0.5956,0.2584,81,81,81,81,81,81,81,81,81,81,81,81,81,81,81,81,81,81,81,12.466252,12.466264,12.466275,12.466288,12.4663,12.466312,12.466324,12.466336,12.466348,12.466361,12.466387,12.4664,12.466412,12.466425,12.466436,12.466448,12.46646,12.466473,12.466486
20,0.3672,0.5956,0.2584,81,81,81,81,81,81,81,81,81,81,81,81,81,81,81,81,81,81,81,81,12.465812,12.465838,12.465875,12.465902,12.465929,12.465947,12.465963,12.46598,12.466019,12.466046,12.466074,12.466092,12.466121,12.466149,12.466166,12.466194,12.46621,12.466229,12.466264,12.466279
21,0.3672,0.5956,0.2584,81,81,81,81,81,81,81,81,81,81,81,81,81,81,81,81,81,81,81,81,81,12.53277,12.532784,12.532796,12.532809,12.532824,12.532837,12.53285,12.532863,12.532876,12.532902,12.532917,12.532931,12.532943,12.532957,12.532969,12.532983,12.532997,12.533009,12.533023,12.533035,12.533048
