1,0.0009,0.0001,0.0,3,12.399988
2,0.0169,0.0034,0.0,3,3,8.166581,8.16659
3,0.0494,0.0121,0.0,3,3,3,5.499978,5.499982,5.466656
4,0.3928,0.3689,0.0,3,3,3,3,4.333301,4.366646,4.366649,4.433318
5,0.5626,0.5454,0.0,3,3,3,3,3,3.699933,3.733267,3.699936,3.766603,3.666607
6,0.6919,0.6797,0.0,3,3,3,3,3,3,3.099931,3.133265,3.099934,3.133268,3.133269,3.099938
7,0.7697,0.7606,0.0,3,3,3,3,3,3,3,2.699166,2.66585,2.699176,2.732501,2.699179,2.665857,2.699182
8,0.8153,0.8081,0.0,3,3,3,3,3,3,3,3,2.43326,2.399929,2.466595,2.399934,2.433268,2.399937,2.366608,2.399945
9,0.8571,0.8515,0.0,3,3,3,3,3,3,3,3,3,2.166579,2.166581,2.133253,2.133255,2.033261,2.166592,2.066598,2.133267,2.099939
10,0.887,0.8826,0.0,3,3,3,3,3,3,3,3,3,3,1.933261,1.966594,1.966596,1.833269,1.833271,1.899939,1.866608,1.833278,1.833279,1.899944
11,0.9066,0.9029,0.0,3,3,3,3,3,3,3,3,3,3,3,1.566174,1.599499,1.799438,1.632827,1.732798,1.766123,1.732803,1.732805,1.732807,1.766131,1.799455
12,0.9187,0.9155,0.0,3,3,3,3,3,3,3,3,3,3,3,3,1.599907,1.633243,1.466587,1.733243,1.466593,1.666585,1.53326,1.566594,1.466602,1.799923,1.566603,1.666602
13,0.9313,0.9286,0.0,3,3,3,3,3,3,3,3,3,3,3,3,3,1.399968,1.399968,1.499968,1.566635,1.366641,1.46664,1.266644,1.499974,1.333311,1.633306,1.433311,1.499978,1.699977
14,0.9444,0.9422,0.0,3,3,3,3,3,3,3,3,3,3,3,3,3,3,1.299968,1.299968,1.566631,1.399971,1.299973,1.199976,1.333309,1.399976,1.299979,1.266647,1.233316,1.266651,1.266652,1.366652
15,0.9493,0.9473,0.0,3,3,3,3,3,3,3,3,3,3,3,3,3,3,3,1.433309,1.266647,1.066651,1.299981,1.133318,1.199984,1.366649,1.233319,1.366651,1.199987,1.233322,1.199989,1.266657,1.433324,1.199993
16,0.9557,0.9539,0.0,3,3,3,3,3,3,3,3,3,3,3,3,3,3,3,3,1.133258,1.066597,1.199923,1.199925,1.199926,1.166596,1.133265,1.23326,1.133267,1.1666,1.099938,1.433254,1.133271,1.2666,1.166606,1.133275
17,0.961,0.9595,0.0,3,3,3,3,3,3,3,3,3,3,3,3,3,3,3,3,3,1.099978,0.966649,1.033316,1.099982,1.233314,1.099984,0.999987,1.066653,1.233318,1.133321,1.133322,1.166655,1.19999,1.099992,1.066659,0.966661,1.199993
18,0.9654,0.9641,0.0,3,3,3,3,3,3,3,3,3,3,3,3,3,3,3,3,3,3,1.233258,0.833284,0.766622,1.199931,0.866617,1.033275,1.033276,0.966613,1.199934,1.133272,1.06661,1.199936,1.133274,0.933285,0.899954,0.933286,1.133276,1.066614
19,0.9694,0.9682,0.0,3,3,3,3,3,3,3,3,3,3,3,3,3,3,3,3,3,3,3,0.933267,0.833275,0.933269,0.866607,0.766615,1.099927,1.166591,0.999936,0.999936,1.09993,0.933275,1.133263,0.933276,0.999939,0.833283,1.133265,0.966609,0.866615,1.033273
20,0.9712,0.97,0.0,3,3,3,3,3,3,3,3,3,3,3,3,3,3,3,3,3,3,3,3,0.999501,1.232719,1.132771,1.066139,0.766288,0.766289,0.932875,1.132777,0.832925,0.799609,0.999513,0.93288,1.099467,0.766296,1.166104,1.09947,0.633029,0.699664,0.932886,0.7663
21,0.9741,0.9731,0.0,3,3,3,3,3,3,3,3,3,3,3,3,3,3,3,3,3,3,3,3,3,0.799939,0.699948,0.73328,0.999929,0.933268,0.833276,0.766615,0.999934,0.666623,1.066598,0.733287,0.966606,0.79995,1.033269,0.733288,1.166595,0.833283,1.133265,0.933278,1.133268,0.733291
