1,0.2196,0.5856,0.2797,81,7.099986
2,0.1125,0.49,0.2797,81,81,8.699951,8.699973
3,0.1156,0.4945,0.2797,81,81,81,8.466618,8.466623,8.466627
4,0.116,0.4951,0.2797,81,81,81,81,8.433247,8.433251,8.433254,8.433259
5,0.116,0.4951,0.2797,81,81,81,81,81,8.433281,8.433286,8.433291,8.433295,8.433298
6,0.1174,0.4972,0.2797,81,81,81,81,81,81,8.333268,8.333273,8.333276,8.333281,8.333285,8.333289
7,0.117,0.4965,0.2797,81,81,81,81,81,81,81,8.366606,8.36661,8.366614,8.366617,8.366621,8.366625,8.366629
8,0.1184,0.4986,0.2797,81,81,81,81,81,81,81,81,8.266602,8.266605,8.266609,8.266612,8.266617,8.26662,8.266624,8.266628
9,0.1205,0.5015,0.2797,81,81,81,81,81,81,81,81,81,8.133251,8.133255,8.133262,8.133266,8.13327,8.133274,8.133278,8.133282,8.133286
10,0.1165,0.4958,0.2797,81,81,81,81,81,81,81,81,81,81,8.399741,8.399745,8.39975,8.399754,8.399759,8.399764,8.399768,8.399773,8.399777,8.399781
11,0.1199,0.5008,0.2797,81,81,81,81,81,81,81,81,81,81,81,8.166592,8.166596,8.166601,8.166605,8.16661,8.166614,8.166619,8.166624,8.166628,8.166633,8.166637
12,0.1199,0.5008,0.2797,81,81,81,81,81,81,81,81,81,81,81,81,8.166311,8.166314,8.166318,8.166322,8.166326,8.166331,8.166336,8.166341,8.166345,8.16635,8.166354,8.166359
13,0.1189,0.4993,0.2797,81,81,81,81,81,81,81,81,81,81,81,81,81,8.233016,8.233022,8.233025,8.23303,8.233035,8.233041,8.233045,8.233048,8.233054,8.233059,8.233063,8.233067,8.233072
14,0.1205,0.5015,0.2797,81,81,81,81,81,81,81,81,81,81,81,81,81,81,8.133205,8.133209,8.133214,8.133218,8.133222,8.133227,8.133231,8.133236,8.13324,8.133245,8.133249,8.133254,8.133258,8.133262
15,0.1215,0.5031,0.2797,81,81,81,81,81,81,81,81,81,81,81,81,81,81,81,8.066529,8.066533,8.066538,8.066542,8.066547,8.066551,8.066556,8.06656,8.066565,8.06657,8.066574,8.066579,8.066583,8.066588,8.06659
16,0.1243,0.507,0.2797,81,81,81,81,81,81,81,81,81,81,81,81,81,81,81,81,7.899775,7.899779,7.899782,7.899785,7.899789,7.899793,7.899797,7.8998,7.899804,7.899807,7.899811,7.899815,7.899819,7.899823,7.899824,7.899828
17,0.126,0.5095,0.2797,81,81,81,81,81,81,81,81,81,81,81,81,81,81,81,81,81,7.799859,7.799862,7.799866,7.79987,7.799874,7.799879,7.799883,7.799887,7.799891,7.799895,7.7999,7.799904,7.799908,7.799912,7.799915,7.799919,7.799923
18,0.1231,0.5054,0.2797,81,81,81,81,81,81,81,81,81,81,81,81,81,81,81,81,81,81,7.966488,7.966494,7.966499,7.966504,7.966511,7.966516,7.966522,7.966527,7.966533,7.966539,7.966544,7.96655,7.966556,7.966562,7.966566,7.966571,7.966581,7.966587
19,0.1221,0.5038,0.2797,81,81,81,81,81,81,81,81,81,81,81,81,81,81,81,81,81,81,81,8.032838,8.032844,8.032848,8.032854,8.03286,8.032866,8.032871,8.032877,8.032883,8.032889,8.032895,8.032901,8.032907,8.032913,8.032917,8.032923,8.032929,8.032935,8.032941
20,0.1231,0.5054,0.2797,81,81,81,81,81,81,81,81,81,81,81,81,81,81,81,81,81,81,81,81,7.966537,7.966546,7.96655,7.966554,7.966558,7.966563,7.966567,7.966571,7.966575,7.96658,7.966584,7.966588,7.966592,7.966596,7.966599,7.966603,7.966608,7.966612,7.966616,7.96662
21,0.1231,0.5054,0.2797,81,81,81,81,81,81,81,81,81,81,81,81,81,81,81,81,81,81,81,81,81,7.966505,7.966508,7.966512,7.966516,7.96652,7.966524,7.966527,7.966531,7.966535,7.966539,7.966543,7.966547,7.96655,7.966554,7.966557,7.966561,7.966565,7.966569,7.966573,7.966576,7.96658
