1,0.0022,0.0004,0.0,3,12.199984
2,0.0063,0.0012,0.0,3,3,10.033315,10.033318
3,0.0388,0.0086,0.0,3,3,3,6.666648,6.599984,6.566656
4,0.1532,0.1199,0.0,3,3,3,3,5.133258,5.166596,5.166598,5.199934
5,0.3933,0.3694,0.0,3,3,3,3,3,4.366637,4.399973,4.366642,4.366645,4.366648
6,0.5618,0.5445,0.0,3,3,3,3,3,3,3.699972,3.699974,3.73331,3.766648,3.699984,3.699986
7,0.6838,0.6714,0.0,3,3,3,3,3,3,3,3.166598,3.1666,3.166601,3.199935,3.099939,3.166606,3.133275
8,0.7416,0.7314,0.0,3,3,3,3,3,3,3,3,2.899911,2.833248,2.866582,2.866584,2.833253,2.799922,2.866588,2.86659
9,0.8005,0.7927,0.0,3,3,3,3,3,3,3,3,3,2.499936,2.499937,2.499938,2.566605,2.533273,2.566607,2.46661,2.499944,2.43328
10,0.8375,0.8311,0.0,3,3,3,3,3,3,3,3,3,3,2.265981,2.299305,2.199337,2.232661,2.332632,2.365957,2.232665,2.265989,2.199343,2.232668
11,0.8631,0.8577,0.0,3,3,3,3,3,3,3,3,3,3,3,2.033264,1.999932,1.999934,2.133264,2.033268,2.266595,1.966606,2.133268,2.133269,2.066606,2.066607
12,0.8885,0.8841,0.0,3,3,3,3,3,3,3,3,3,3,3,3,1.833261,2.033255,1.866595,1.966593,1.833266,1.73327,1.733271,1.966597,1.733273,1.833271,1.899936,2.033266
13,0.9063,0.9026,0.0,3,3,3,3,3,3,3,3,3,3,3,3,3,1.665798,1.765746,1.932327,1.632484,1.665801,1.665802,1.699119,1.665804,1.765753,1.63249,1.799072,1.73244,1.699125
14,0.92,0.9168,0.0,3,3,3,3,3,3,3,3,3,3,3,3,3,3,1.83327,1.633278,1.666611,1.599948,1.666613,1.633282,1.433289,1.566619,1.499955,1.766615,1.499957,1.399961,1.566624,1.399963
15,0.9309,0.9282,0.0,3,3,3,3,3,3,3,3,3,3,3,3,3,3,3,1.399978,1.499977,1.499978,1.39998,1.399981,1.366649,1.433316,1.466649,1.46665,1.499984,1.599984,1.76665,1.399988,1.266656,1.599988
16,0.9378,0.9354,0.0,3,3,3,3,3,3,3,3,3,3,3,3,3,3,3,3,1.399935,1.399936,1.366605,1.433269,1.499934,1.266611,1.266612,1.133285,1.366609,1.399941,1.499938,1.499939,1.266615,1.566604,1.499941,1.466609
17,0.9457,0.9436,0.0,3,3,3,3,3,3,3,3,3,3,3,3,3,3,3,3,3,1.133277,1.233273,1.133279,1.133279,1.49993,1.366604,1.199945,1.366605,1.43327,1.499934,1.23328,1.199949,1.199949,1.399942,1.433274,1.333279,1.33328
18,0.9529,0.951,0.0,3,3,3,3,3,3,3,3,3,3,3,3,3,3,3,3,3,3,1.199896,1.133236,1.066576,1.133237,1.133238,1.233231,1.13324,1.066579,1.166572,1.266564,1.233235,1.199905,1.333228,1.466552,1.199907,1.399892,1.26657,1.23324
19,0.958,0.9564,0.0,3,3,3,3,3,3,3,3,3,3,3,3,3,3,3,3,3,3,3,1.066608,1.133272,1.166604,1.266599,1.166605,1.166606,0.933285,1.19994,1.266604,1.333268,0.933288,1.133279,1.233275,1.099949,0.999954,1.066618,1.399937,1.033288,1.133284
20,0.9627,0.9612,0.0,3,3,3,3,3,3,3,3,3,3,3,3,3,3,3,3,3,3,3,3,1.199922,1.133261,1.09993,1.199924,1.033269,0.999938,1.366583,0.99994,0.933278,0.96661,0.933279,1.133268,1.133269,1.133269,1.266596,1.133271,0.833288,0.833289,1.133273,1.066611
21,0.9644,0.963,0.0,3,3,3,3,3,3,3,3,3,3,3,3,3,3,3,3,3,3,3,3,3,0.999932,0.966601,1.133257,1.099927,1.133259,1.166591,0.799949,1.199924,1.133262,0.933276,0.933276,0.966609,1.166598,1.166599,0.766623,1.066606,0.833287,1.466586,1.066609,1.199936,0.766626
