2,0.0022,0.9922,0.2797,81,81,14.533285,14.533303
3,0.0022,0.9922,0.2797,81,81,81,14.566574,14.566599,14.566612
4,0.0022,0.9922,0.2797,81,81,81,81,14.49991,14.499933,14.499941,14.499965
5,0.0022,0.9922,0.2797,81,81,81,81,81,14.499895,14.499909,14.499923,14.49993,14.499938
6,0.0022,0.9922,0.2797,81,81,81,81,81,81,14.433237,14.433251,14.433265,14.433273,14.43328,14.433297
7,0.0023,0.9921,0.2797,81,81,81,81,81,81,81,14.36641,14.366423,14.366462,14.366475,14.36649,14.366512,14.366535
8,0.0023,0.9921,0.2797,81,81,81,81,81,81,81,81,14.333216,14.333232,14.333247,14.333255,14.333261,14.333268,14.333276,14.333283
9,0.0023,0.9921,0.2797,81,81,81,81,81,81,81,81,81,14.266515,14.266528,14.266533,14.26654,14.266546,14.266578,14.266592,14.266613,14.266627
10,0.0023,0.992,0.2797,81,81,81,81,81,81,81,81,81,81,14.199697,14.199713,14.199739,14.199764,14.199785,14.199793,14.199816,14.199835,14.199871,14.199903
2,0.0022,0.9922,0.2797,81,81,14.566619,14.56664
3,0.0022,0.9922,0.2797,81,81,81,14.499921,14.499938,14.499946
4,0.0022,0.9922,0.2797,81,81,81,81,14.499918,14.499924,14.499931,14.499937
5,0.0022,0.9922,0.2797,81,81,81,81,81,14.433209,14.433222,14.433237,14.433252,14.433265
6,0.0022,0.9922,0.2797,81,81,81,81,81,81,14.433202,14.433217,14.433237,14.433253,14.433274,14.433281
7,0.0022,0.9921,0.2797,81,81,81,81,81,81,81,14.399868,14.399883,14.399898,14.399904,14.39991,14.399916,14.399933
8,0.0023,0.9921,0.2797,81,81,81,81,81,81,81,81,14.333178,14.333185,14.333207,14.333221,14.333227,14.333253,14.333269,14.299946
9,0.0023,0.9921,0.2797,81,81,81,81,81,81,81,81,81,14.23315,14.233176,14.233185,14.233193,14.233208,14.233233,14.233249,14.233265,14.233274
10,0.0023,0.9921,0.2797,81,81,81,81,81,81,81,81,81,81,14.233169,14.233175,14.233183,14.233193,14.2332,14.233227,14.233244,14.233253,14.233262,14.233279
