2,0.0,1.0,0.2584,81,81,14.599931,14.59995
3,0.0,1.0,0.2584,81,81,81,14.599857,14.599871,14.599884
4,0.0,1.0,0.2584,81,81,81,81,14.533224,14.53324,14.533255,14.533271
5,0.0,1.0,0.2584,81,81,81,81,81,14.499935,14.499941,14.499947,14.499953,14.499958
6,0.0,1.0,0.2584,81,81,81,81,81,81,14.399873,14.399878,14.399909,14.399916,14.399931,14.399937
7,0.0,1.0,0.2584,81,81,81,81,81,81,81,14.399855,14.399861,14.399867,14.399873,14.399879,14.399886,14.399912
8,0.0,1.0,0.2584,81,81,81,81,81,81,81,81,14.33319,14.333196,14.333217,14.333233,14.333246,14.333254,14.333269,14.333282
9,0.0,1.0,0.2584,81,81,81,81,81,81,81,81,81,14.266315,14.26633,14.266345,14.266352,14.266359,14.266383,14.26639,14.266397,14.266404
10,0.0,1.0,0.2584,81,81,81,81,81,81,81,81,81,81,14.233111,14.233116,14.233122,14.233146,14.23317,14.233187,14.233192,14.233212,14.233219,14.233244
2,0.0,1.0,0.2584,81,81,14.533273,14.533299
3,0.0,1.0,0.2584,81,81,81,14.533251,14.533266,14.533281
4,0.0,1.0,0.2584,81,81,81,81,14.533018,14.533035,14.533049,14.533069
5,0.0,1.0,0.2584,81,81,81,81,81,14.499891,14.499898,14.499923,14.499937,14.499945
6,0.0,1.0,0.2584,81,81,81,81,81,81,14.433094,14.43311,14.433117,14.433133,14.433156,14.433172
7,0.0,1.0,0.2584,81,81,81,81,81,81,81,14.399757,14.39977,14.399776,14.399782,14.399788,14.39981,14.399816
8,0.0,1.0,0.2584,81,81,81,81,81,81,81,81,14.299826,14.299849,14.299865,14.29988,14.299911,14.299918,14.299925,14.299945
9,0.0,1.0,0.2584,81,81,81,81,81,81,81,81,81,14.33317,14.333178,14.333184,14.33319,14.333204,14.333231,14.333253,14.333263,14.333272
10,0.0,1.0,0.2584,81,81,81,81,81,81,81,81,81,81,14.266451,14.266465,14.266478,14.266494,14.266509,14.266532,14.266545,14.266571,14.266577,14.266582
