1,0.0,0.0002,0.0,51,15
2,0.0,0.0002,0.0,33,51,15,15
3,0.0,0.0002,0.0,33,51,51,15,15,15
4,0.0,0.0003,0.0005,33,51,57,57,15,15,15,15
5,0.0,0.0004,0.0009,57,57,57,57,57,15,15,15,15,15
6,0.0,0.0004,0.0052,57,57,57,75,75,75,15,15,15,15,15,15
7,0.0,0.0004,0.007,57,57,75,75,75,75,75,15,15,15,15,15,15,15
8,0.0,0.0004,0.0073,57,57,75,75,75,75,75,75,15,15,15,15,15,15,15,15
9,0.0,0.0005,0.0085,57,75,75,75,75,75,75,75,75,15,15,15,15,15,15,15,15,15
10,0.0,0.0005,0.0086,57,75,75,75,75,75,75,75,75,75,15,15,15,15,15,15,15,15,15,15
11,0.0,0.0005,0.0094,75,75,75,75,75,75,75,75,75,75,75,15,15,15,15,15,15,15,15,15,15,15
12,0.0,0.0005,0.0094,75,75,75,75,75,75,75,75,75,75,75,75,15,15,15,15,15,15,15,15,15,15,15,15
13,0.0,0.0012,0.0088,57,75,75,75,75,75,75,75,75,75,75,75,75,14,14,14,14,14,14,14,14,14,14,14,14,14
14,0.0,0.0013,0.0094,75,75,75,75,75,75,75,75,75,75,75,75,75,75,14,14,14,14,14,14,14,14,14,14,14,14,14,14
15,0.0,0.0013,0.0094,75,75,75,75,75,75,75,75,75,75,75,75,75,75,75,14,14,14,14,14,14,14,14,14,14,14,14,14,14,14
16,0.0,0.002,0.0094,75,75,75,75,75,75,75,75,75,75,75,75,75,75,75,75,14,14,14,14,14,14,14,14,14,14,13,13,13,13,13,13
17,0.0,0.0033,0.0089,57,75,75,75,75,75,75,75,75,75,75,75,75,75,75,75,75,13,13,13,13,13,13,13,13,13,13,13,13,13,13,13,13,13
18,0.0013,0.0592,0.039,57,75,75,75,75,75,75,75,75,75,75,75,75,75,75,75,81,81,8,10,10,10,10,10,10,10,9,9,9,9,9,9,9,9,15,15
19,0.0014,0.0668,0.0517,57,75,75,75,75,75,75,75,75,75,75,75,75,75,75,75,81,81,81,8,10,10,10,10,10,10,9,9,9,9,9,9,9,9,9,15,15,15
20,0.0016,0.0737,0.0631,57,75,75,75,75,75,75,75,75,75,75,75,75,75,75,75,81,81,81,81,8,10,10,10,10,10,9,9,9,9,9,9,9,9,9,9,15,15,15,15
21,0.0016,0.0782,0.0734,57,75,75,75,75,75,75,75,75,75,75,75,75,75,75,75,81,81,81,81,81,8,10,10,10,10,10,9,9,9,9,9,9,9,9,9,9,15,15,15,15,15
