2,0.0006,0.1563,0.0,45,45,8.133253,8.133267
3,0.0039,0.1563,0.0,45,45,45,5.5333,5.499972,5.533316
4,0.3398,0.1036,0.0,45,45,45,45,4.333306,4.33331,4.266648,4.299983
5,0.5305,0.0737,0.0,45,45,45,45,45,3.633257,3.633261,3.633266,3.666601,3.599938
6,0.6647,0.0526,0.0,45,45,45,45,45,45,3.065054,3.065055,3.065059,3.065064,3.065067,3.098388
7,0.7516,0.039,0.0,45,45,45,45,45,45,45,2.633261,2.666597,2.666598,2.599934,2.633268,2.633269,2.666607
8,0.8079,0.0301,0.0,45,45,45,45,45,45,45,45,2.298992,2.332314,2.332317,2.299001,2.332321,2.332326,2.33233,2.332333
9,0.8442,0.0245,0.0,45,45,45,45,45,45,45,45,45,2.033266,2.066601,2.066603,2.133269,2.166603,2.099939,2.09994,2.133275,2.03328
10,0.8778,0.0192,0.0,45,45,45,45,45,45,45,45,45,45,1.933247,1.833252,1.799921,1.866585,1.899921,1.833257,1.866592,1.866594,1.799931,1.833264
2,0.0006,0.1563,0.0,45,45,8.099974,8.099984
3,0.004,0.1563,0.0,45,45,45,5.499968,5.466642,5.499987
4,0.3475,0.1024,0.0,45,45,45,45,4.266633,4.299973,4.266642,4.299984
5,0.5339,0.0732,0.0,45,45,45,45,45,3.633303,3.599974,3.633309,3.599981,3.633316
6,0.6594,0.0535,0.0,45,45,45,45,45,45,3.133249,3.066589,3.066591,3.133261,3.0666,3.099936
7,0.7518,0.039,0.0,45,45,45,45,45,45,45,2.632024,2.632029,2.66535,2.665356,2.598726,2.665365,2.632053
8,0.807,0.0303,0.0,45,45,45,45,45,45,45,45,2.333263,2.366597,2.366599,2.333268,2.333271,2.299939,2.299941,2.299942
9,0.8475,0.0239,0.0,45,45,45,45,45,45,45,45,45,2.06659,2.066592,2.033261,2.099926,1.999932,2.033267,2.133265,2.099935,2.099938
10,0.8761,0.0195,0.0,45,45,45,45,45,45,45,45,45,45,1.866597,1.833266,1.833267,1.866602,1.899936,1.833272,1.933272,1.866608,1.866609,1.86661
