2,0.0,0.1444,0.0,45,45,8.133298,8.133311
3,0.0013,0.1444,0.0,45,45,45,5.533269,5.499937,5.499945
4,0.0133,0.1444,0.0,45,45,45,45,4.366575,4.333254,4.299926,4.366599
5,0.0409,0.1444,0.0,45,45,45,45,45,3.633252,3.666588,3.666593,3.666594,3.63327
6,0.1057,0.1444,0.0,45,45,45,45,45,45,3.066294,3.032966,3.066298,3.099629,3.066304,3.099639
7,0.1267,0.1444,0.0,45,45,45,45,45,45,45,2.633253,2.633256,2.633261,2.666599,2.633268,2.633271,2.666605
8,0.1674,0.1409,0.0,45,45,45,45,45,45,45,45,2.333255,2.299924,2.36659,2.333259,2.366595,2.366599,2.299938,2.333274
9,0.3512,0.1098,0.0,45,45,45,45,45,45,45,45,45,2.066603,2.066604,2.033275,2.099941,2.133275,2.099943,1.999947,2.099945,1.966616
10,0.4742,0.089,0.0,45,45,45,45,45,45,45,45,45,45,1.799922,1.833257,1.966588,1.766598,1.899928,1.833265,1.833267,1.833269,1.9666,1.833273
2,0.0,0.1444,0.0,45,45,8.133304,8.133313
3,0.0013,0.1444,0.0,45,45,45,5.533259,5.533264,5.533275
4,0.0137,0.1444,0.0,45,45,45,45,4.233264,4.233268,4.266603,4.266605
5,0.0412,0.1444,0.0,45,45,45,45,45,3.633254,3.633256,3.633261,3.6666,3.599941
6,0.1047,0.1444,0.0,45,45,45,45,45,45,3.099917,3.066586,3.09992,3.099922,3.13326,3.099929
7,0.127,0.1444,0.0,45,45,45,45,45,45,45,2.63326,2.633261,2.633265,2.666599,2.633267,2.666603,2.59994
8,0.1642,0.1414,0.0,45,45,45,45,45,45,45,45,2.333254,2.333258,2.33326,2.366595,2.333263,2.399931,2.333268,2.333271
9,0.3421,0.1113,0.0,45,45,45,45,45,45,45,45,45,2.066558,2.099893,2.099898,2.066568,2.133233,2.066573,2.033245,2.06658,2.066585
10,0.4668,0.0902,0.0,45,45,45,45,45,45,45,45,45,45,1.966624,1.899962,1.833299,1.866633,1.799968,1.899969,1.933304,1.833307,1.866641,1.799977
