3,0.0,0.1156,0.0,51,51,69,13.966575,13.9666,13.966615
6,0.0,0.4037,0.0111,75,57,75,75,57,75,11.833249,11.833254,11.83326,11.833266,11.833273,11.833279
9,0.0,0.6248,0.1645,57,69,81,81,69,81,81,69,81,12.166218,12.132899,12.132905,12.132913,12.132919,12.132925,12.132932,12.132938,12.132944
12,0.0,0.6189,0.1726,75,57,75,81,75,81,81,75,81,81,75,81,12.433126,12.433144,12.399819,12.399827,12.399836,12.399845,12.433187,12.399864,12.399873,12.399881,12.39989,12.43323
15,0.0,0.5979,0.1918,57,75,75,81,75,81,81,75,81,81,75,81,81,75,81,11.766438,11.766458,11.766471,11.766485,11.766497,11.766511,11.766522,11.766534,11.76654,11.766554,11.766568,11.766579,11.766585,11.766589,11.766596
18,0.0,0.6886,0.2039,75,57,81,81,75,81,81,75,81,81,75,81,81,75,81,81,75,81,10.99976,10.999773,10.999779,10.999785,10.999791,10.999797,10.999803,10.999809,10.999815,10.999821,10.999827,10.999834,10.999839,10.999845,10.999852,10.999857,10.999865,10.999871
21,0.0,0.3835,0.1328,57,75,75,81,75,75,81,75,75,81,75,75,81,75,75,81,75,75,81,75,75,10.332796,10.33281,10.332821,10.332831,10.299504,10.299508,10.332845,10.332849,10.332854,10.332858,10.332863,10.332868,10.332873,10.332875,10.33288,10.332885,10.33289,10.332896,10.332901,10.332906,10.33291
3,0.0,0.1156,0.0,51,51,69,13.733159,13.733168,13.733177
6,0.0,0.3971,0.0054,75,57,57,75,57,57,11.499704,11.499709,11.499715,11.499721,11.499726,11.499732
9,0.0,0.6356,0.1955,57,75,81,81,75,81,81,75,81,13.099861,13.099872,13.099879,13.099886,13.099894,13.099901,13.099907,13.099913,13.099919
3,0.0,0.1156,0.0,51,51,69,13.799962,13.799969,13.799975
6,0.0,0.2482,0.0031,69,57,57,69,57,69,11.366572,11.366579,11.366587,11.366595,11.366604,11.366612
9,0.0,0.6235,0.1645,57,69,81,81,69,81,81,69,81,12.033227,12.03324,12.033246,12.033253,12.03326,12.033266,12.033272,12.033278,12.033285
12,0.0,0.5493,0.1525,75,57,75,81,75,75,81,75,81,81,75,81,12.299828,12.299839,12.299844,12.29985,12.299855,12.29986,12.299866,12.299872,12.299878,12.299884,12.266557,12.266564
15,0.0,0.5979,0.1918,57,75,75,81,75,81,81,75,81,81,75,81,81,75,81,11.73301,11.733028,11.733038,11.733057,11.733068,11.733081,11.733088,11.733105,11.73311,11.733115,11.733125,11.73313,11.733136,11.733139,11.733159
18,0.0,0.596,0.1772,75,57,75,81,75,75,81,75,81,81,75,81,81,75,81,81,75,81,11.033124,11.033134,11.033142,11.03315,11.033158,11.033165,11.033173,11.03318,11.033188,11.033196,11.033204,11.033212,11.033219,11.033224,11.033232,11.033241,11.033248,11.033257
21,0.0,0.3829,0.1328,57,75,75,81,75,75,81,75,75,81,75,75,81,75,75,81,75,75,81,75,75,10.199223,10.199236,10.199242,10.165925,10.16594,10.165946,10.199288,10.199296,10.199307,10.165982,10.165989,10.166,10.199337,10.166013,10.166024,10.166031,10.166037,10.166044,10.16605,10.166057,10.166063
