1,0.0651,0.0638,0.0,3,8.233308
2,0.4283,0.4267,0.0,3,3,4.499966,4.466635
3,0.7306,0.7298,0.0,3,3,3,3.099987,3.066655,3.066657
4,0.8396,0.8391,0.0,3,3,3,3,2.366653,2.366656,2.399991,2.366659
5,0.8929,0.8927,0.0,3,3,3,3,3,1.933302,1.933303,1.933304,1.933305,1.966639
6,0.9267,0.9265,0.0,3,3,3,3,3,3,1.599969,1.599969,1.59997,1.599971,1.599972,1.633306
7,0.9458,0.9456,0.0,3,3,3,3,3,3,3,1.399968,1.366636,1.366637,1.366638,1.399971,1.399972,1.36664
8,0.9585,0.9584,0.0,3,3,3,3,3,3,3,3,1.199968,1.199968,1.199969,1.233302,1.19997,1.233303,1.199972,1.199972
9,0.9669,0.9668,0.0,3,3,3,3,3,3,3,3,3,1.033301,1.099967,1.066635,1.066636,1.099969,1.033305,1.066639,1.133304,1.099973
10,0.9736,0.9735,0.0,3,3,3,3,3,3,3,3,3,3,0.966635,0.966636,0.966636,0.933304,1.033302,0.966638,0.999971,0.933307,0.899975,0.96664
11,0.9782,0.9782,0.0,3,3,3,3,3,3,3,3,3,3,3,0.866449,0.899775,0.86645,0.766476,0.899776,0.833127,0.899778,0.933103,0.999754,0.833129,0.799805
12,0.982,0.9819,0.0,3,3,3,3,3,3,3,3,3,3,3,3,0.833302,0.866635,0.699974,0.799971,0.799972,0.76664,0.799973,0.733309,0.833306,0.799974,0.766643,0.833308
13,0.9844,0.9843,0.0,3,3,3,3,3,3,3,3,3,3,3,3,3,0.666639,0.766636,0.699972,0.766637,0.633309,0.766638,0.666642,0.766639,0.799971,0.833304,0.699976,0.666644,0.866638
14,0.9868,0.9868,0.0,3,3,3,3,3,3,3,3,3,3,3,3,3,3,0.733301,0.599974,0.666638,0.666639,0.699971,0.766635,0.633308,0.766636,0.766636,0.599977,0.733305,0.599977,0.599978,0.666642
15,0.9883,0.9882,0.0,3,3,3,3,3,3,3,3,3,3,3,3,3,3,3,0.899955,0.699965,0.699965,0.566639,0.699966,0.56664,0.499977,0.633304,0.633305,0.466646,0.733301,0.53331,0.633306,0.666638,0.566643
16,0.9897,0.9897,0.0,3,3,3,3,3,3,3,3,3,3,3,3,3,3,3,3,0.533305,0.499974,0.566637,0.733296,0.499975,0.79996,0.466644,0.566639,0.466644,0.733299,0.633304,0.499977,0.666636,0.699968,0.53331,0.566642
17,0.9909,0.9909,0.0,3,3,3,3,3,3,3,3,3,3,3,3,3,3,3,3,3,0.46664,0.566634,0.866618,0.533304,0.533304,0.566636,0.766626,0.499974,0.466643,0.59997,0.466643,0.466644,0.466644,0.633303,0.533308,0.399982,0.599973
18,0.9916,0.9916,0.0,3,3,3,3,3,3,3,3,3,3,3,3,3,3,3,3,3,3,0.399974,0.599961,0.799948,0.633293,0.766618,0.566631,0.399975,0.333313,0.399976,0.666627,0.49997,0.566633,0.633296,0.333314,0.433309,0.399977,0.366646,0.633298
19,0.9928,0.9928,0.0,3,3,3,3,3,3,3,3,3,3,3,3,3,3,3,3,3,3,3,0.66664,0.466648,0.599977,0.466649,0.599978,0.666642,0.399986,0.46665,0.366654,0.59998,0.399987,0.399987,0.399988,0.666647,0.333324,0.499986,0.533319,0.466654,0.333325
20,0.9932,0.9932,0.0,3,3,3,3,3,3,3,3,3,3,3,3,3,3,3,3,3,3,3,3,0.466637,0.666624,0.399975,0.599963,0.599963,0.399976,0.466639,0.633296,0.366645,0.533302,0.599965,0.333314,0.399977,0.333315,0.766624,0.399978,0.299984,0.333316,0.466642,0.366648
21,0.9942,0.9942,0.0,3,3,3,3,3,3,3,3,3,3,3,3,3,3,3,3,3,3,3,3,3,0.299978,0.566626,0.433303,0.366641,0.433304,0.533297,0.566628,0.29998,0.533298,0.466636,0.333312,0.299981,0.366644,0.466638,0.566632,0.466639,0.299982,0.466639,0.633297,0.46664,0.366646
