2,0.0,1.0,0.2584,81,81,14.566601,14.566614
3,0.0,1.0,0.2584,81,81,81,14.566533,14.566549,14.566563
4,0.0,1.0,0.2584,81,81,81,81,14.499801,14.499806,14.499813,14.499841
5,0.0,1.0,0.2584,81,81,81,81,81,14.466388,14.466396,14.466401,14.466408,14.466414
6,0.0,1.0,0.2584,81,81,81,81,81,81,14.399908,14.399914,14.399927,14.399933,14.399939,14.399953
7,0.0,1.0,0.2584,81,81,81,81,81,81,81,14.366491,14.366506,14.366541,14.366547,14.366552,14.366558,14.366564
8,0.0,1.0,0.2584,81,81,81,81,81,81,81,81,14.333165,14.33317,14.333184,14.33321,14.333233,14.333249,14.333271,14.333286
9,0.0,1.0,0.2584,81,81,81,81,81,81,81,81,81,14.299807,14.299821,14.299837,14.299853,14.299868,14.299884,14.299901,14.299918,14.299941
10,0.0,1.0,0.2584,81,81,81,81,81,81,81,81,81,81,14.233087,14.233093,14.2331,14.233125,14.233154,14.233179,14.233195,14.2332,14.233209,14.233227
2,0.0,1.0,0.2584,81,81,14.566598,14.566628
3,0.0,1.0,0.2584,81,81,81,14.599919,14.599935,14.599958
4,0.0,1.0,0.2584,81,81,81,81,14.532958,14.532985,14.533016,14.533041
5,0.0,1.0,0.2584,81,81,81,81,81,14.43322,14.433227,14.433243,14.433267,14.433283
6,0.0,1.0,0.2584,81,81,81,81,81,81,14.366514,14.36652,14.366547,14.366572,14.36659,14.366606
7,0.0,1.0,0.2584,81,81,81,81,81,81,81,14.399574,14.39959,14.399604,14.399609,14.399615,14.399634,14.399647
8,0.0,1.0,0.2584,81,81,81,81,81,81,81,81,14.333159,14.333167,14.333183,14.3332,14.333226,14.333242,14.333267,14.333276
9,0.0,1.0,0.2584,81,81,81,81,81,81,81,81,81,14.266458,14.266471,14.266496,14.266514,14.26653,14.266539,14.266565,14.266574,14.266592
10,0.0,1.0,0.2584,81,81,81,81,81,81,81,81,81,81,14.232919,14.232943,14.232963,14.232971,14.232978,14.233004,14.233025,14.233032,14.233048,14.233055
