1,0.4252,0.0103,0.5579,81,11.63312
2,0.4223,0.0099,0.5579,81,81,12.133283,12.133303
3,0.4241,0.0102,0.5579,81,81,81,11.799922,11.833268,11.799941
4,0.4218,0.0098,0.5579,81,81,81,81,12.233224,12.23323,12.233253,12.199943
5,0.4219,0.0098,0.5579,81,81,81,81,81,12.199909,12.233256,12.199934,12.199939,12.199959
6,0.3941,0.0057,0.5579,81,81,81,81,81,81,12.333145,12.333157,12.333171,12.333185,12.233191,12.333196
7,0.3876,0.0048,0.5579,81,81,81,81,81,81,81,12.533217,12.499905,12.49991,12.499923,12.499935,12.499959,12.466632
8,0.388,0.0048,0.5579,81,81,81,81,81,81,81,81,12.466367,12.466387,12.466417,12.4331,12.433117,12.433126,12.399807,12.433149
9,0.3878,0.0048,0.5579,81,81,81,81,81,81,81,81,81,12.499721,12.49975,12.466439,12.466462,12.433152,12.466517,12.466533,12.466554,12.46657
10,0.3878,0.0048,0.5579,81,81,81,81,81,81,81,81,81,81,12.499839,12.499845,12.499855,12.499861,12.433209,12.399895,12.499905,12.499918,12.499933,12.466613
11,0.3881,0.0049,0.5579,81,81,81,81,81,81,81,81,81,81,81,12.433058,12.433093,12.4331,12.433125,12.433139,12.399813,12.366504,12.399844,12.433201,12.433209,12.433224
12,0.3875,0.0048,0.5579,81,81,81,81,81,81,81,81,81,81,81,81,12.533092,12.533104,12.533124,12.533144,12.533165,12.533178,12.53319,12.533205,12.533219,12.533239,12.533252,12.533273
13,0.388,0.0049,0.5579,81,81,81,81,81,81,81,81,81,81,81,81,81,12.433154,12.433159,12.433171,12.433176,12.433181,12.433186,12.433192,12.433198,12.433214,12.433226,12.433237,12.433259,12.433271
14,0.3875,0.0048,0.5579,81,81,81,81,81,81,81,81,81,81,81,81,81,81,12.533096,12.533113,12.533128,12.533134,12.53314,12.499814,12.533162,12.533174,12.533181,12.533193,12.5332,12.533206,12.533218,12.533225
15,0.388,0.0049,0.5579,81,81,81,81,81,81,81,81,81,81,81,81,81,81,81,12.432962,12.432982,12.432996,12.433008,12.43302,12.433025,12.433031,12.433036,12.433041,12.433059,12.433073,12.433086,12.433098,12.433104,12.43311
16,0.388,0.0049,0.5579,81,81,81,81,81,81,81,81,81,81,81,81,81,81,81,81,12.43308,12.4331,12.43311,12.43313,12.433144,12.433161,12.433167,12.433173,12.433178,12.433184,12.433189,12.4332,12.433206,12.433211,12.433216,12.433222
17,0.3873,0.0048,0.5579,81,81,81,81,81,81,81,81,81,81,81,81,81,81,81,81,81,12.566384,12.566398,12.566406,12.566415,12.566422,12.566431,12.566447,12.566463,12.566471,12.566479,12.566493,12.566501,12.566509,12.566518,12.566526,12.566534,12.566556
18,0.3875,0.0048,0.5579,81,81,81,81,81,81,81,81,81,81,81,81,81,81,81,81,81,81,12.533109,12.533114,12.533119,12.533135,12.533141,12.49982,12.533159,12.533165,12.53317,12.533175,12.533181,12.533186,12.533192,12.533207,12.533221,12.533235,12.533249,12.533263
19,0.388,0.0049,0.5579,81,81,81,81,81,81,81,81,81,81,81,81,81,81,81,81,81,81,81,12.433023,12.433038,12.433057,12.433077,12.433084,12.433104,12.433112,12.433125,12.433134,12.433142,12.433157,12.433165,12.433173,12.433189,12.433204,12.433226,12.433236,12.433251,12.43326
20,0.3876,0.0048,0.5579,81,81,81,81,81,81,81,81,81,81,81,81,81,81,81,81,81,81,81,81,12.499649,12.499669,12.499685,12.499694,12.499702,12.49971,12.499726,12.499741,12.499758,12.499773,12.49979,12.499805,12.499821,12.499829,12.499849,12.499858,12.499868,12.499876,12.499885,12.4999
21,0.388,0.0049,0.5579,81,81,81,81,81,81,81,81,81,81,81,81,81,81,81,81,81,81,81,81,81,12.433031,12.433037,12.433042,12.433048,12.433054,12.433066,12.433073,12.433079,12.433093,12.4331,12.43312,12.433127,12.433148,12.433154,12.433175,12.433187,12.433194,12.433201,12.433207,12.433214,12.43322
1,0.4256,0.0104,0.5579,81,11.566643
2,0.4232,0.01,0.5579,81,81,11.966598,11.966629
3,0.4226,0.0099,0.5579,81,81,81,12.066617,12.099964,12.066643
