1,0.3284,0.4161,0.2584,81,6.766645
2,0.2413,0.3369,0.2584,81,81,8.499965,8.499979
3,0.2418,0.3374,0.2584,81,81,81,8.466632,8.466637,8.466641
4,0.2413,0.3369,0.2584,81,81,81,81,8.49986,8.499865,8.499872,8.499878
5,0.2445,0.3401,0.2584,81,81,81,81,81,8.299922,8.299926,8.29993,8.299936,8.29994
6,0.2461,0.3418,0.2584,81,81,81,81,81,81,8.199901,8.199904,8.199907,8.199911,8.199915,8.19992
7,0.2461,0.3418,0.2584,81,81,81,81,81,81,81,8.199876,8.19988,8.199884,8.199889,8.199894,8.199898,8.199902
8,0.2473,0.3429,0.2584,81,81,81,81,81,81,81,81,8.133238,8.133254,8.133259,8.133263,8.133268,8.133273,8.133283,8.133292
9,0.2473,0.3429,0.2584,81,81,81,81,81,81,81,81,81,8.133251,8.133254,8.133258,8.133262,8.133266,8.133269,8.133275,8.133281,8.133286
10,0.2479,0.3435,0.2584,81,81,81,81,81,81,81,81,81,81,8.099908,8.099913,8.099917,8.099922,8.099926,8.09993,8.099935,8.09994,8.099944,8.099948
11,0.2456,0.3412,0.2584,81,81,81,81,81,81,81,81,81,81,81,8.233228,8.233232,8.233236,8.233239,8.233243,8.233247,8.233253,8.233258,8.233264,8.23327,8.233276
12,0.2467,0.3423,0.2584,81,81,81,81,81,81,81,81,81,81,81,81,8.166562,8.166566,8.166571,8.166575,8.16658,8.166585,8.166589,8.166594,8.166599,8.166603,8.166608,8.166612
13,0.2491,0.3447,0.2584,81,81,81,81,81,81,81,81,81,81,81,81,81,8.033197,8.033201,8.033205,8.03321,8.033216,8.033221,8.033227,8.033233,8.033239,8.033245,8.033251,8.033258,8.033263
14,0.2509,0.3465,0.2584,81,81,81,81,81,81,81,81,81,81,81,81,81,81,7.933134,7.933138,7.933142,7.933147,7.933151,7.933155,7.93316,7.933164,7.933168,7.933173,7.933177,7.933181,7.933185,7.933189
15,0.2509,0.3465,0.2584,81,81,81,81,81,81,81,81,81,81,81,81,81,81,81,7.933244,7.933248,7.933253,7.933257,7.93326,7.933264,7.933267,7.933271,7.933275,7.933278,7.933283,7.933286,7.93329,7.933294,7.933296
16,0.2473,0.3429,0.2584,81,81,81,81,81,81,81,81,81,81,81,81,81,81,81,81,8.133154,8.133158,8.133161,8.133166,8.133171,8.133176,8.133181,8.133186,8.133192,8.133197,8.133202,8.133209,8.133215,8.133221,8.133225,8.133231
17,0.2479,0.3435,0.2584,81,81,81,81,81,81,81,81,81,81,81,81,81,81,81,81,81,8.099888,8.099893,8.099898,8.099902,8.099907,8.099911,8.099916,8.099921,8.099925,8.099929,8.099934,8.099938,8.099943,8.099949,8.099952,8.099957,8.099961
18,0.2515,0.3472,0.2584,81,81,81,81,81,81,81,81,81,81,81,81,81,81,81,81,81,81,7.899831,7.899835,7.89984,7.899844,7.899848,7.899853,7.899857,7.899862,7.899866,7.89987,7.899875,7.89988,7.899884,7.899889,7.899892,7.899896,7.8999,7.899905
19,0.2497,0.3453,0.2584,81,81,81,81,81,81,81,81,81,81,81,81,81,81,81,81,81,81,81,7.999854,7.999858,7.999863,7.999867,7.999872,7.999877,7.999882,7.999886,7.999891,7.999896,7.9999,7.999906,7.999911,7.999915,7.999918,7.999924,7.99993,7.999936,7.999942
20,0.2497,0.3453,0.2584,81,81,81,81,81,81,81,81,81,81,81,81,81,81,81,81,81,81,81,81,7.999829,7.999833,7.999837,7.999841,7.999846,7.99985,7.999853,7.999857,7.999861,7.999865,7.99987,7.999874,7.999878,7.999882,7.999885,7.999888,7.999893,7.999897,7.999901,7.999905
21,0.2497,0.3453,0.2584,81,81,81,81,81,81,81,81,81,81,81,81,81,81,81,81,81,81,81,81,81,7.999819,7.999823,7.999827,7.999831,7.999835,7.999839,7.999843,7.999848,7.999852,7.999856,7.99986,7.999869,7.999873,7.999878,7.999882,7.999886,7.99989,7.999894,7.999898,7.999902,7.999906
