pedestrian_flowers,0.1486,0.7609,0.5403,81,81,17.533229,17.533254
cars_cats,0.079,0.5365,0.6357,81,81,17.499941,17.499955
flowers_flowers,0.2965,0.8242,0.8222,81,81,17.533285,17.533299
cats_cats,0.1417,0.682,0.7135,81,81,17.466622,17.466634
pedestrian_pedestrian,0.0008,0.6976,0.2584,81,81,17.499958,17.499973
cars_flowers,0.1584,0.6074,0.6901,81,81,17.46649,17.466506
cars_cars,0.0171,0.3914,0.5579,81,81,17.53328,17.533298
pedestrian_cars,0.0095,0.5435,0.4082,81,81,17.399943,17.399966
flowers_cats,0.2181,0.7532,0.7678,81,81,17.53316,17.533173
pedestrian_cats,0.0691,0.69,0.4859,81,81,17.599953,17.599967
