cars_flowers,0.0231,0.1477,0.0,3,3,8.066582,8.066613
pedestrian_cats,0.0412,0.3367,0.0,3,3,8.066621,8.066625
flowers_flowers,0.04,0.2736,0.0,3,3,8.066609,8.066636
pedestrian_cars,0.0183,0.2083,0.0,3,3,8.066609,8.066622
cats_cats,0.0535,0.2762,0.0,3,3,7.99996,7.999975
pedestrian_pedestrian,0.0314,0.3919,0.0,3,3,7.999949,7.999966
flowers_cats,0.0474,0.2735,0.0,3,3,7.999949,7.999975
pedestrian_flowers,0.0384,0.3259,0.0,3,3,7.86652,7.866534
cars_cars,0.0064,0.0215,0.0,3,3,7.999943,7.999948
cars_cats,0.0291,0.1502,0.0,3,3,8.066511,8.06653
