pedestrian_flowers,0.1874,0.7616,0.5403,81,81,14.39988,14.399932
cars_cats,0.1165,0.5226,0.6357,81,81,14.466542,14.466593
flowers_flowers,0.3685,0.8281,0.8222,81,81,14.466247,14.4663
cats_cats,0.1953,0.6783,0.7135,81,81,14.533171,14.533244
pedestrian_pedestrian,0.0026,0.6951,0.2584,81,81,14.466495,14.46655
cars_flowers,0.1995,0.5981,0.6901,81,81,14.533197,14.533261
cars_cars,0.0348,0.3671,0.5579,81,81,14.466547,14.466564
pedestrian_cars,0.0187,0.5311,0.4082,81,81,14.466346,14.466366
flowers_cats,0.2833,0.7531,0.7678,81,81,14.466546,14.466601
pedestrian_cats,0.1004,0.6866,0.4859,81,81,14.466534,14.466582
