cars_flowers,0.0231,0.1477,0.0,3,3,8.066615,8.066628
pedestrian_cats,0.0424,0.334,0.0,3,3,7.99996,7.999975
flowers_flowers,0.0418,0.2695,0.0,3,3,7.933203,7.999891
pedestrian_cars,0.0195,0.2051,0.0,3,3,7.933274,7.933299
cats_cats,0.052,0.2787,0.0,3,3,8.06662,8.066627
pedestrian_pedestrian,0.0314,0.3919,0.0,3,3,7.99994,7.999966
flowers_cats,0.0487,0.2709,0.0,3,3,7.933241,7.933257
pedestrian_flowers,0.0363,0.3314,0.0,3,3,7.999955,7.999974
cars_cars,0.0064,0.0215,0.0,3,3,7.999948,7.999966
cars_cats,0.0291,0.1502,0.0,3,3,8.066609,8.066633
