cats,0.0,0.5267,0.0,3,17.566562
pedestrian,0.0,0.6193,0.0,3,17.533306
cars,0.0,0.0764,0.0,3,17.699963
flowers,0.0,0.5456,0.0,3,17.499966
cars_flowers,0.0146,0.1646,0.0,3,3,9.66664,9.666646
pedestrian_cats,0.0272,0.3652,0.0,3,3,9.633316,9.633318
flowers_flowers,0.0244,0.306,0.0,3,3,9.733311,9.733316
pedestrian_cars,0.0107,0.2272,0.0,3,3,9.73329,9.733293
cats_cats,0.0341,0.3067,0.0,3,3,9.666599,9.666602
pedestrian_pedestrian,0.021,0.421,0.0,3,3,9.53327,9.533272
flowers_cats,0.0292,0.3063,0.0,3,3,9.69997,9.699974
pedestrian_flowers,0.0218,0.366,0.0,3,3,9.699979,9.699981
cars_cars,0.0035,0.0258,0.0,3,3,9.699965,9.699969
cars_cats,0.0197,0.1649,0.0,3,3,9.59992,9.599924
cars_cats_cats,0.1345,0.1417,0.0,3,3,3,6.466607,6.466609,6.466616
cars_flowers_cats,0.1327,0.1338,0.0,3,3,3,6.266646,6.266648,6.266654
pedestrian_flowers_flowers,0.1412,0.2349,0.0,3,3,3,6.533309,6.566643,6.566648
pedestrian_flowers_cats,0.1553,0.2342,0.0,3,3,3,6.433312,6.433314,6.466653
pedestrian_cars_cars,0.073,0.1079,0.0,3,3,3,6.366592,6.366595,6.366601
pedestrian_pedestrian_pedestrian,0.1291,0.3024,0.0,3,3,3,6.466578,6.466579,6.433252
flowers_flowers_cats,0.1705,0.1939,0.0,3,3,3,6.299959,6.299963,6.29997
cars_flowers_flowers,0.1174,0.1343,0.0,3,3,3,6.433312,6.433314,6.43332
pedestrian_pedestrian_cars,0.0986,0.2071,0.0,3,3,3,6.499929,6.499931,6.499937
flowers_flowers_flowers,0.1585,0.1924,0.0,3,3,3,6.366643,6.366646,6.333319
pedestrian_pedestrian_cats,0.1446,0.2719,0.0,3,3,3,6.533313,6.466649,6.499987
cars_cars_flowers,0.0798,0.0735,0.0,3,3,3,6.433308,6.43331,6.433316
flowers_cats_cats,0.1711,0.2032,0.0,3,3,3,6.466646,6.499982,6.466655
pedestrian_cars_flowers,0.1119,0.1676,0.0,3,3,3,6.366644,6.333313,6.333318
cats_cats_cats,0.1791,0.2072,0.0,3,3,3,6.49992,6.499922,6.499929
pedestrian_pedestrian_flowers,0.1374,0.2669,0.0,3,3,3,6.466637,6.466639,6.433312
pedestrian_cats_cats,0.1608,0.2404,0.0,3,3,3,6.533282,6.533294,6.499976
pedestrian_cars_cats,0.117,0.1741,0.0,3,3,3,6.499979,6.499981,6.43332
cars_cars_cars,0.0425,0.0126,0.0,3,3,3,6.399979,6.433314,6.399986
cars_cars_cats,0.0895,0.0765,0.0,3,3,3,6.399976,6.466645,6.399984
cats_cats_cats_cats,0.4476,0.191,0.0,3,3,3,3,4.999227,5.03256,4.965906,4.999237
pedestrian_pedestrian_pedestrian_pedestrian,0.4172,0.2831,0.0,3,3,3,3,4.966603,4.933274,5.033275,4.899946
pedestrian_cars_flowers_cats,0.4048,0.1664,0.0,3,3,3,3,4.999972,5.03331,4.966646,4.999981
pedestrian_pedestrian_flowers_cats,0.4183,0.2344,0.0,3,3,3,3,4.999929,5.033267,5.033269,4.99994
pedestrian_pedestrian_pedestrian_cats,0.4253,0.2601,0.0,3,3,3,3,4.966647,4.933318,4.966654,4.99999
pedestrian_flowers_flowers_cats,0.4347,0.2086,0.0,3,3,3,3,4.933314,4.933319,4.999988,4.99999
flowers_flowers_cats_cats,0.4313,0.1856,0.0,3,3,3,3,5.066593,4.999931,5.033266,4.999936
pedestrian_cars_flowers_flowers,0.4021,0.1637,0.0,3,3,3,3,4.999973,4.966645,4.999981,4.999984
cars_cars_flowers_flowers,0.3847,0.0958,0.0,3,3,3,3,4.96658,5.033249,4.966586,4.999922
cars_flowers_flowers_cats,0.4102,0.1407,0.0,3,3,3,3,4.966646,4.999983,4.999986,5.033322
pedestrian_pedestrian_cats_cats,0.4143,0.237,0.0,3,3,3,3,5.066238,4.999582,5.099577,5.06625
flowers_flowers_flowers_cats,0.4467,0.1829,0.0,3,3,3,3,4.933311,4.933315,4.966651,4.899987
pedestrian_cars_cars_cars,0.3493,0.0793,0.0,3,3,3,3,4.966626,5.033296,5.033299,5.066634
pedestrian_cats_cats_cats,0.4412,0.214,0.0,3,3,3,3,4.966642,5.033312,4.999981,4.933317
pedestrian_pedestrian_cars_cats,0.4044,0.1921,0.0,3,3,3,3,4.933308,4.966645,4.999981,5.033317
flowers_flowers_flowers_flowers,0.4304,0.1803,0.0,3,3,3,3,4.999925,4.966596,4.999932,4.966602
cars_flowers_cats_cats,0.417,0.1434,0.0,3,3,3,3,4.999925,4.966596,4.999932,4.999934
pedestrian_pedestrian_pedestrian_cars,0.3965,0.2151,0.0,3,3,3,3,4.999979,4.966651,4.966653,4.966657
cars_cars_cats_cats,0.4093,0.1012,0.0,3,3,3,3,4.933312,4.933316,4.933319,4.933323
pedestrian_flowers_flowers_flowers,0.4255,0.206,0.0,3,3,3,3,5.033256,4.933261,4.966598,4.999933
pedestrian_pedestrian_pedestrian_flowers,0.4063,0.2574,0.0,3,3,3,3,4.999975,5.066645,4.999982,5.033318
cars_cars_cars_cars,0.3479,0.0113,0.0,3,3,3,3,4.933311,4.966648,4.999985,4.966655
pedestrian_cars_cats_cats,0.414,0.1691,0.0,3,3,3,3,4.999957,4.999961,4.96663,4.966633
pedestrian_pedestrian_cars_cars,0.3604,0.1472,0.0,3,3,3,3,5.066592,4.999931,5.0666,5.066603
cars_flowers_flowers_flowers,0.4145,0.138,0.0,3,3,3,3,4.966593,4.899931,4.9666,4.999935
pedestrian_pedestrian_flowers_flowers,0.4209,0.2317,0.0,3,3,3,3,4.96664,4.966645,4.933315,5.066651
cars_cats_cats_cats,0.4222,0.1461,0.0,3,3,3,3,4.999971,4.999976,4.966647,4.999983
cars_cars_cars_cats,0.3621,0.0562,0.0,3,3,3,3,4.9666,5.033269,5.033272,5.033275
pedestrian_cars_cars_flowers,0.3864,0.1215,0.0,3,3,3,3,4.933261,4.999932,4.93327,4.999939
cars_cars_flowers_cats,0.3884,0.0985,0.0,3,3,3,3,4.966647,4.999984,4.999988,5.033324
pedestrian_pedestrian_cars_flowers,0.3969,0.1894,0.0,3,3,3,3,4.933263,4.9666,5.033269,5.033272
flowers_cats_cats_cats,0.4423,0.1883,0.0,3,3,3,3,4.966587,4.999924,5.03326,4.99993
pedestrian_cars_cars_cats,0.3774,0.1242,0.0,3,3,3,3,5.066643,4.966647,5.033317,5.033319
pedestrian_flowers_cats_cats,0.4342,0.2113,0.0,3,3,3,3,4.96662,4.966624,5.033293,4.999963
cars_cars_cars_flowers,0.3798,0.0536,0.0,3,3,3,3,4.899975,4.966645,4.933315,4.899984
