cars_cats_cats,0.1345,0.1417,0.0,3,3,3,6.466607,6.466609,6.466616
cars_flowers_cats,0.1327,0.1338,0.0,3,3,3,6.266646,6.266648,6.266654
pedestrian_flowers_flowers,0.1412,0.2349,0.0,3,3,3,6.533309,6.566643,6.566648
pedestrian_flowers_cats,0.1553,0.2342,0.0,3,3,3,6.433312,6.433314,6.466653
pedestrian_cars_cars,0.073,0.1079,0.0,3,3,3,6.366592,6.366595,6.366601
pedestrian_pedestrian_pedestrian,0.1291,0.3024,0.0,3,3,3,6.466578,6.466579,6.433252
flowers_flowers_cats,0.1705,0.1939,0.0,3,3,3,6.299959,6.299963,6.29997
cars_flowers_flowers,0.1174,0.1343,0.0,3,3,3,6.433312,6.433314,6.43332
pedestrian_pedestrian_cars,0.0986,0.2071,0.0,3,3,3,6.499929,6.499931,6.499937
flowers_flowers_flowers,0.1585,0.1924,0.0,3,3,3,6.366643,6.366646,6.333319
pedestrian_pedestrian_cats,0.1446,0.2719,0.0,3,3,3,6.533313,6.466649,6.499987
cars_cars_flowers,0.0798,0.0735,0.0,3,3,3,6.433308,6.43331,6.433316
flowers_cats_cats,0.1711,0.2032,0.0,3,3,3,6.466646,6.499982,6.466655
pedestrian_cars_flowers,0.1119,0.1676,0.0,3,3,3,6.366644,6.333313,6.333318
cats_cats_cats,0.1791,0.2072,0.0,3,3,3,6.49992,6.499922,6.499929
pedestrian_pedestrian_flowers,0.1374,0.2669,0.0,3,3,3,6.466637,6.466639,6.433312
pedestrian_cats_cats,0.1608,0.2404,0.0,3,3,3,6.533282,6.533294,6.499976
pedestrian_cars_cats,0.117,0.1741,0.0,3,3,3,6.499979,6.499981,6.43332
cars_cars_cars,0.0425,0.0126,0.0,3,3,3,6.399979,6.433314,6.399986
cars_cars_cats,0.0895,0.0765,0.0,3,3,3,6.399976,6.466645,6.399984
