cars_cats_cats,0.1011,0.5846,0.6616,81,81,81,17.433228,17.433245,17.433269
pedestrian_pedestrian_flowers,0.1012,0.7398,0.4464,81,81,81,17.399943,17.399952,17.399962
pedestrian_cars_cars,0.0134,0.4903,0.4581,81,81,81,17.199771,17.19978,17.19979
pedestrian_pedestrian_pedestrian,0.0008,0.6976,0.2584,81,81,81,17.466601,17.466613,17.466625
flowers_flowers_cats,0.2492,0.7769,0.786,81,81,81,17.399929,17.39994,17.39995
pedestrian_pedestrian_cars,0.0066,0.5949,0.3583,81,81,81,17.3998,17.39981,17.399819
pedestrian_cats_cats,0.0961,0.6871,0.5618,81,81,81,17.399946,17.399957,17.399966
flowers_cats_cats,0.2111,0.7291,0.7497,81,81,81,16.966591,16.966602,16.96661
cats_cats_cats,0.1427,0.6819,0.7135,81,81,81,17.433133,17.433143,17.433154
pedestrian_pedestrian_cats,0.0467,0.6926,0.4101,81,81,81,17.566617,17.566626,17.566634
flowers_flowers_flowers,0.3046,0.8246,0.8222,81,81,81,17.333266,17.333276,17.333284
cars_cars_flowers,0.1121,0.5348,0.646,81,81,81,17.433272,17.433282,17.433292
pedestrian_cars_flowers,0.1069,0.6372,0.5462,81,81,81,17.433204,17.39988,17.399889
pedestrian_flowers_cats,0.1496,0.7346,0.598,81,81,81,17.366593,17.366604,17.366613
cars_cars_cats,0.06,0.487,0.6098,81,81,81,17.399928,17.399937,17.399944
cars_cars_cars,0.0179,0.39,0.5579,81,81,81,17.433094,17.433104,17.433113
cars_flowers_flowers,0.2063,0.6796,0.7341,81,81,81,17.433268,17.433288,17.433298
cars_flowers_cats,0.152,0.6324,0.6979,81,81,81,17.499938,17.499947,17.499954
pedestrian_flowers_flowers,0.197,0.782,0.6343,81,81,81,17.56659,17.5666,17.566612
pedestrian_cars_cats,0.0534,0.59,0.5099,81,81,81,17.466435,17.466446,17.466455
