1,0.322,0.137,0.0,63,12
2,0.1535,0.2541,0.0,57,69,12,15
3,0.309,0.1219,0.0,63,57,63,12,12,12
4,0.3242,0.1472,0.0,69,33,63,63,12,12,12,12
5,0.3106,0.1221,0.0,69,69,57,63,69,12,12,12,12,12
6,0.3202,0.1442,0.0087,57,69,75,69,75,75,12,12,12,12,12,12
7,0.325,0.3146,0.0837,57,75,75,75,81,81,75,10,10,12,10,15,15,10
8,0.2791,0.3522,0.1056,57,81,75,75,75,81,81,75,10,15,10,12,10,15,15,10
9,0.2808,0.4094,0.1226,57,75,81,81,75,75,81,75,81,10,10,15,15,10,10,15,10,15
10,0.2625,0.445,0.1361,57,81,75,81,81,81,75,75,75,81,10,15,10,15,15,15,10,10,10,15
11,0.1516,0.4818,0.1692,57,81,75,75,81,81,81,81,75,81,81,10,15,12,12,15,15,15,15,12,15,15
12,0.1358,0.5031,0.1766,57,75,75,81,81,81,81,81,81,81,75,81,10,12,12,15,15,15,15,15,15,15,12,15
13,0.1238,0.5031,0.1829,57,75,75,81,81,81,81,81,81,75,81,81,81,10,12,12,15,15,15,15,15,15,12,15,15,15
14,0.1469,0.5422,0.1883,57,81,81,81,81,81,81,75,81,81,75,81,81,75,10,15,15,15,15,15,15,12,15,15,10,15,15,12
15,0.1399,0.5471,0.193,57,81,81,81,81,81,81,75,81,75,81,75,81,81,81,10,15,15,15,15,15,15,12,15,10,15,12,15,15,15
16,0.1218,0.5424,0.1971,57,75,81,81,81,81,81,81,81,75,81,81,81,75,81,81,10,12,15,15,15,15,15,15,15,10,15,15,15,10,15,15
17,0.1172,0.5499,0.2007,57,81,81,75,81,81,81,81,81,81,75,81,81,81,75,81,81,10,15,15,10,15,15,15,15,15,15,12,15,15,15,10,15,15
18,0.1194,0.555,0.2039,57,81,81,75,81,81,75,81,81,75,81,81,81,81,81,81,81,81,10,15,15,10,15,15,10,15,15,10,15,15,15,15,15,15,15,15
19,0.106,0.553,0.2067,57,81,75,75,81,81,81,81,81,81,81,75,81,81,81,81,81,81,81,10,15,10,10,15,15,15,15,15,15,15,10,15,15,15,15,15,15,15
20,0.109,0.5683,0.2093,57,81,75,81,81,81,81,75,75,81,81,81,81,81,81,81,81,81,81,81,10,15,10,15,15,15,15,10,10,15,15,15,15,15,15,15,15,15,15,15
21,0.0742,0.5918,0.2231,57,81,81,81,81,81,81,75,75,81,81,81,81,81,81,81,81,81,81,81,81,10,15,15,15,15,15,15,12,12,15,15,15,15,15,15,15,15,15,15,15,15
