4,0.1346,0.2178,0.0,3,3,3,3,5.199973,5.199978,5.199981,5.166651
8,0.612,0.2237,0.0,3,3,3,3,3,3,3,3,2.833251,2.866585,2.799922,2.866589,2.833259,2.799928,2.79993,2.833265
12,0.8334,0.2239,0.0,3,3,3,3,3,3,3,3,3,3,3,3,1.966643,2.066643,1.966645,1.89998,1.599984,1.833315,1.699984,1.799984,1.833318,1.899985,1.699987,1.866654
16,0.9041,0.2239,0.0,3,3,3,3,3,3,3,3,3,3,3,3,3,3,3,3,1.466593,1.199941,1.266605,1.666586,1.499929,1.366603,1.66659,1.233277,1.333274,1.399939,1.39994,1.266613,1.36661,1.166619,1.266616,1.266617
20,0.9416,0.2239,0.0,3,3,3,3,3,3,3,3,3,3,3,3,3,3,3,3,3,3,3,3,1.133258,0.933272,1.16659,0.933272,1.299916,1.13326,1.09993,1.266586,1.433243,1.199925,1.233257,0.76662,0.899945,1.133265,0.966609,0.933278,1.233261,1.133267,0.766622,0.866617
4,0.1483,0.2178,0.0,3,3,3,3,5.166643,5.099982,5.099985,5.133323
8,0.6147,0.2238,0.0,3,3,3,3,3,3,3,3,2.799934,2.799935,2.766604,2.799938,2.833272,2.866606,2.766609,2.833276
12,0.8245,0.2239,0.0,3,3,3,3,3,3,3,3,3,3,3,3,1.732893,1.866193,1.966169,1.932845,1.966172,1.766223,1.666249,1.8662,1.732901,1.799553,2.066154,1.89953
16,0.9034,0.2239,0.0,3,3,3,3,3,3,3,3,3,3,3,3,3,3,3,3,1.266603,1.266604,1.399931,1.499927,1.633256,1.566593,1.766585,1.29994,1.399937,1.333274,1.166616,1.166617,1.233281,1.166618,1.266615,1.399944
20,0.9383,0.2239,0.0,3,3,3,3,3,3,3,3,3,3,3,3,3,3,3,3,3,3,3,3,0.833297,1.133285,1.466605,1.066622,1.133287,1.166619,1.133288,0.999961,1.133289,0.933297,0.933298,1.199955,0.899967,1.199957,1.199957,0.866636,1.166627,1.36662,0.866638,0.933303
4,0.1428,0.2178,0.0,3,3,3,3,5.166635,5.166641,5.133312,5.133316
8,0.6143,0.2237,0.0,3,3,3,3,3,3,3,3,2.833255,2.833256,2.766592,2.833259,2.799928,2.766597,2.833263,2.866597
12,0.8369,0.2239,0.0,3,3,3,3,3,3,3,3,3,3,3,3,1.999922,1.96659,1.766599,1.899928,1.833265,1.73327,1.733272,1.899934,1.83327,1.733274,1.733275,1.999934
16,0.9123,0.2239,0.0,3,3,3,3,3,3,3,3,3,3,3,3,3,3,3,3,1.299939,1.466598,1.29994,1.599927,1.233278,1.399938,1.166616,1.333276,1.633264,1.299945,1.299946,1.499938,1.566603,1.266616,1.199953,1.29995
20,0.9431,0.2239,0.0,3,3,3,3,3,3,3,3,3,3,3,3,3,3,3,3,3,3,3,3,0.833282,0.933276,0.999939,1.399916,1.133266,1.033272,1.133267,0.899948,0.93328,1.199932,1.233264,1.266596,1.266597,0.799956,1.066609,1.099941,1.06661,1.199937,0.766627,1.099944
