1,0.0001,0.6742,0.0,39,15
2,0.0001,0.6742,0.0,33,39,15,15
3,0.0005,0.6747,0.0339,57,63,63,14,15,15
4,0.0005,0.6748,0.0471,57,75,75,75,15,15,15,15
5,0.0006,0.675,0.0579,75,75,75,75,75,15,15,15,15,15
6,0.0012,0.6754,0.0579,75,75,75,75,75,75,15,15,14,14,14,14
7,0.0013,0.6754,0.0517,57,75,75,75,75,75,75,14,14,14,14,14,14,14
8,0.0014,0.6756,0.0579,75,75,75,75,75,75,75,75,14,14,14,14,14,14,14,14
9,0.0019,0.6758,0.0579,75,75,75,75,75,75,75,75,75,14,14,14,14,14,14,14,13,13
10,0.0039,0.6766,0.0493,57,57,75,75,75,75,75,75,75,75,11,10,13,13,13,13,13,13,13,13
11,0.0033,0.6765,0.054,57,75,75,75,75,75,75,75,75,75,75,11,13,13,13,13,13,13,13,13,13,13
12,0.0033,0.6766,0.0579,75,75,75,75,75,75,75,75,75,75,75,75,13,13,13,13,13,13,13,13,13,13,13,13
13,0.0055,0.6774,0.0579,75,75,75,75,75,75,75,75,75,75,75,75,75,13,13,13,13,13,13,12,12,12,12,12,12,12
14,0.0105,0.6785,0.0507,75,51,51,75,75,75,75,75,75,75,75,75,75,75,12,8,8,12,12,12,12,12,12,12,12,12,12,12
15,0.0071,0.6779,0.055,75,57,75,75,75,75,75,75,75,75,75,75,75,75,75,12,12,12,12,12,12,12,12,12,12,12,12,12,12,12
16,0.0074,0.6781,0.0579,75,75,75,75,75,75,75,75,75,75,75,75,75,75,75,75,12,12,12,12,12,12,12,12,12,12,12,12,12,12,12,12
17,0.0075,0.6781,0.0579,75,75,75,75,75,75,75,75,75,75,75,75,75,75,75,75,75,12,12,12,12,12,12,12,12,12,12,12,12,12,12,11,11,11
18,0.4566,0.7152,0.1388,57,75,75,75,75,75,75,75,75,75,75,75,75,75,75,81,81,81,4,5,5,4,4,4,4,4,4,4,4,4,4,4,4,15,15,15
19,0.4634,0.7212,0.1609,57,75,75,75,75,75,75,75,75,75,75,75,75,75,75,81,81,81,81,4,5,4,4,4,4,4,4,4,4,4,4,4,4,4,15,15,15,15
20,0.4695,0.7267,0.1808,57,75,75,75,75,75,75,75,75,75,75,75,75,75,75,81,81,81,81,81,4,4,4,4,4,4,4,4,4,4,4,4,4,4,4,15,15,15,15,15
21,0.4268,0.7381,0.2225,57,75,75,75,75,75,75,75,75,75,75,75,75,75,81,81,81,81,81,81,81,4,5,5,4,4,4,4,4,4,4,4,4,4,4,15,15,15,15,15,15,15
