1,0.0,0.1401,0.0361,57,15
2,0.0,0.1401,0.0361,57,57,15,15
3,0.0,0.1401,0.0361,57,57,57,14,14,14
4,0.0,0.1401,0.0361,57,57,57,57,14,14,13,13
5,0.0002,0.1452,0.0474,57,75,75,75,75,9,15,15,15,15
6,0.0,0.1465,0.0503,75,75,75,75,75,75,15,15,14,14,14,14
7,0.0017,0.1439,0.0442,57,57,57,75,75,75,75,8,8,8,14,14,14,14
8,0.0002,0.1457,0.0485,57,75,75,75,75,75,75,75,9,14,14,14,14,14,14,14
9,0.0,0.1465,0.0503,75,75,75,75,75,75,75,75,75,14,14,14,14,14,14,14,13,13
10,0.0006,0.1446,0.046,57,57,57,75,75,75,75,75,75,75,9,9,8,13,13,13,13,13,13,13
11,0.0007,0.1454,0.0477,57,57,75,75,75,75,75,75,75,75,75,8,8,13,13,13,13,13,13,13,13,13
12,0.0,0.1465,0.0503,75,75,75,75,75,75,75,75,75,75,75,75,13,13,13,13,13,13,13,13,13,13,13,13
13,0.0,0.1465,0.0503,75,75,75,75,75,75,75,75,75,75,75,75,75,13,13,13,13,13,13,12,12,12,12,12,12,12
14,0.0006,0.1452,0.0472,57,57,57,75,75,75,75,75,75,75,75,75,75,75,9,8,8,12,12,12,12,12,12,12,12,12,12,12
15,0.0005,0.1457,0.0484,57,57,75,75,75,75,75,75,75,75,75,75,75,75,75,8,8,12,12,12,12,12,12,12,12,12,12,12,12,12
16,0.0,0.1465,0.0503,75,75,75,75,75,75,75,75,75,75,75,75,75,75,75,75,12,12,12,12,12,12,12,12,12,12,12,12,12,12,12,12
17,0.0,0.1465,0.0503,75,75,75,75,75,75,75,75,75,75,75,75,75,75,75,75,75,12,12,12,12,12,12,12,12,12,12,12,12,12,12,11,11,11
18,0.0,0.1465,0.0503,75,75,75,75,75,75,75,75,75,75,75,75,75,75,75,75,75,75,12,12,12,11,11,11,11,11,11,11,11,11,11,11,11,11,11,11
19,0.0001,0.1458,0.0488,57,57,75,75,75,75,75,75,75,75,75,75,75,75,75,75,75,75,75,10,9,11,11,11,11,11,11,11,11,11,11,11,11,11,11,11,11,11
20,0.0001,0.1462,0.0496,57,75,75,75,75,75,75,75,75,75,75,75,75,75,75,75,75,75,75,75,11,11,11,11,11,11,11,11,11,11,11,11,11,11,11,11,11,11,11,11
21,0.0001,0.1465,0.0503,75,75,75,75,75,75,75,75,75,75,75,75,75,75,75,75,75,75,75,75,75,11,11,11,11,11,11,11,11,11,11,11,11,11,11,11,11,11,11,11,11,11
