1,0.0,0.7699,0.0,33,15
2,0.0,0.7699,0.0,51,51,15,15
3,0.0,0.7923,0.0066,57,75,75,15,15,15
4,0.0,0.7928,0.0073,57,75,75,75,15,15,15,15
5,0.0013,0.8166,0.1699,57,81,75,81,81,15,15,15,15,15
6,0.0015,0.8195,0.1882,57,81,81,75,81,81,15,15,15,15,15,15
7,0.0016,0.8215,0.2012,57,81,81,81,81,75,81,15,15,15,15,15,15,15
8,0.0017,0.823,0.211,57,81,81,81,75,81,81,81,15,15,15,15,15,15,15,15
9,0.0017,0.8241,0.2187,57,81,81,81,75,81,81,81,81,15,15,15,15,15,15,15,15,15
10,0.0018,0.8251,0.2248,57,81,81,81,81,81,75,81,81,81,15,15,15,15,15,15,15,15,15,15
