1,0.0,0.7066,0.0,45,12
2,0.0,0.7066,0.0,51,51,12,12
3,0.0,0.7066,0.0,51,51,51,12,12,12
4,0.0,0.7377,0.0013,57,57,69,57,12,12,12,12
5,0.0,0.7066,0.0,51,51,51,51,33,12,12,12,12,12
6,0.0,0.7306,0.0008,33,57,57,57,57,57,12,12,12,12,12,12
7,0.0155,0.7706,0.0854,57,81,81,75,75,75,75,10,15,15,12,10,10,10
8,0.0138,0.7785,0.1097,57,81,75,81,75,75,81,75,10,15,10,15,12,10,15,10
9,0.0069,0.7709,0.1286,57,81,75,75,75,81,81,81,75,10,15,10,10,10,15,15,15,10
10,0.0115,0.7856,0.1437,57,75,75,81,81,81,75,81,75,81,10,10,10,15,15,15,10,15,10,15
