2,0.4266,0.5734,0.551,81,81,17.333284,17.3333
5,0.3413,0.6587,0.4924,81,81,81,81,81,17.533163,17.533172,17.533182,17.533194,17.533205
8,0.32,0.68,0.4778,81,81,81,81,81,81,81,81,17.133204,17.133214,17.133224,17.133235,17.133244,17.133253,17.133265,17.133275
11,0.3103,0.6897,0.4712,81,81,81,81,81,81,81,81,81,81,81,16.899825,16.899834,16.899842,16.899851,16.899861,16.89987,16.899878,16.899887,16.899906,16.899915,16.899923
14,0.3047,0.6953,0.4674,81,81,81,81,81,81,81,81,81,81,81,81,81,81,16.566378,16.566386,16.566393,16.5664,16.566407,16.566415,16.566424,16.566433,16.566441,16.566449,16.566458,16.566467,16.566476,16.566481
2,0.4266,0.5734,0.551,81,81,17.599916,17.599937
5,0.3413,0.6587,0.4924,81,81,81,81,81,17.399899,17.399908,17.399918,17.399928,17.399939
8,0.32,0.68,0.4778,81,81,81,81,81,81,81,81,17.13319,17.133199,17.133208,17.133216,17.133224,17.133234,17.133243,17.133255
11,0.3103,0.6897,0.4712,81,81,81,81,81,81,81,81,81,81,81,16.866517,16.866526,16.866536,16.866547,16.866556,16.866563,16.866571,16.866578,16.866586,16.866594,16.866603
14,0.3047,0.6953,0.4674,81,81,81,81,81,81,81,81,81,81,81,81,81,81,16.499717,16.499726,16.499735,16.499745,16.499755,16.499762,16.499771,16.499792,16.499804,16.499816,16.499828,16.499839,16.499853,16.49986
2,0.4266,0.5734,0.551,81,81,17.466604,17.466621
5,0.3413,0.6587,0.4924,81,81,81,81,81,17.433229,17.433238,17.433246,17.433257,17.433267
8,0.32,0.68,0.4778,81,81,81,81,81,81,81,81,17.133207,17.133219,17.133229,17.133237,17.133248,17.133259,17.133269,17.133277
11,0.3103,0.6897,0.4712,81,81,81,81,81,81,81,81,81,81,81,16.93311,16.933119,16.933127,16.933137,16.933156,16.933165,16.933175,16.933183,16.933192,16.933201,16.93321
14,0.3047,0.6953,0.4674,81,81,81,81,81,81,81,81,81,81,81,81,81,81,16.49971,16.499717,16.499728,16.499737,16.499745,16.499755,16.499765,16.499774,16.499783,16.499793,16.499809,16.499827,16.499837,16.499843
2,0.4266,0.5734,0.551,81,81,17.466597,17.466614
5,0.3413,0.6587,0.4924,81,81,81,81,81,17.499913,17.499922,17.499931,17.499941,17.499953
8,0.32,0.68,0.4778,81,81,81,81,81,81,81,81,16.899786,16.899799,16.89981,16.899817,16.899827,16.899841,16.899861,16.899869
11,0.3103,0.6897,0.4712,81,81,81,81,81,81,81,81,81,81,81,16.866469,16.866478,16.866486,16.866496,16.866505,16.866514,16.866523,16.866532,16.866542,16.866552,16.866561
14,0.3047,0.6953,0.4674,81,81,81,81,81,81,81,81,81,81,81,81,81,81,16.566398,16.566405,16.566425,16.566435,16.566441,16.56645,16.566462,16.566473,16.56648,16.566488,16.566499,16.566509,16.566516,16.566521
