2,0.0001,0.9999,0.1412,75,75,5.966635,5.966647
3,0.0065,0.9935,0.0067,57,57,57,3.733316,3.733321,3.733327
4,0.0065,0.9935,0.0067,57,57,57,57,3.733312,3.733315,3.733318,3.733322
5,0.0065,0.9935,0.0067,57,57,57,57,57,3.733307,3.733311,3.733315,3.733321,3.733327
6,0.0157,0.9843,0.0739,57,57,57,75,75,75,3.733307,3.733309,3.733313,3.73332,3.733324,3.733326
7,0.0171,0.9829,0.0835,57,57,57,75,75,75,75,3.733287,3.69996,3.733293,3.699962,3.699965,3.699971,3.699975
8,0.0204,0.9796,0.1076,57,57,75,75,75,75,75,75,3.733187,3.699859,3.699863,3.699871,3.699875,3.733213,3.699885,3.733221
9,0.023,0.977,0.1262,57,75,75,75,75,75,75,75,75,3.699845,3.69985,3.699855,3.699857,3.699862,3.699867,3.699871,3.699873,3.699875
10,0.0232,0.9768,0.1277,57,75,75,75,75,75,75,75,75,75,3.699927,3.699929,3.699936,3.699937,3.699944,3.69995,3.699953,3.699954,3.699961,3.699964
2,0.0001,0.9999,0.1412,75,75,5.966644,5.966656
3,0.0065,0.9935,0.0067,57,57,57,3.733325,3.733326,3.733326
