2,0.4266,0.5734,0.5403,81,81,14.599942,14.599963
3,0.5688,0.4312,0.6343,81,81,81,14.533221,14.533229,14.533247
4,0.4266,0.5734,0.5403,81,81,81,81,14.499891,14.499915,14.499939,14.499958
5,0.5119,0.4881,0.5967,81,81,81,81,81,14.466579,14.466585,14.466591,14.466599,14.466605
6,0.4266,0.5734,0.5403,81,81,81,81,81,81,14.332996,14.333009,14.333016,14.333035,14.33305,14.333057
7,0.4875,0.5125,0.5806,81,81,81,81,81,81,81,14.366382,14.366404,14.36641,14.366416,14.366435,14.366449,14.366455
8,0.4266,0.5734,0.5403,81,81,81,81,81,81,81,81,14.266502,14.266524,14.266537,14.266543,14.266559,14.266575,14.266601,14.266616
9,0.474,0.526,0.5716,81,81,81,81,81,81,81,81,81,14.266322,14.266328,14.266336,14.266351,14.266373,14.266387,14.266407,14.266413,14.266427
10,0.4266,0.5734,0.5403,81,81,81,81,81,81,81,81,81,81,14.199868,14.199876,14.199883,14.19989,14.199898,14.199905,14.199912,14.199918,14.199923,14.199929
2,0.4266,0.5734,0.5403,81,81,14.499886,14.499932
3,0.5688,0.4312,0.6343,81,81,81,14.533257,14.533266,14.533282
4,0.4266,0.5734,0.5403,81,81,81,81,14.433231,14.433239,14.433262,14.433278
5,0.5119,0.4881,0.5967,81,81,81,81,81,14.466504,14.46653,14.466547,14.466583,14.466603
6,0.4266,0.5734,0.5403,81,81,81,81,81,81,14.399878,14.399884,14.399901,14.399916,14.399929,14.399935
