3,0.0037,0.3568,0.0089,75,51,75,11.633268,11.633283,11.633302
6,0.0111,0.3991,0.1398,57,75,75,81,75,81,12.199851,12.199884,12.199903,12.199909,12.199929,12.19994
9,0.0311,0.531,0.1955,57,75,81,81,75,81,81,75,81,11.466443,11.466455,11.466467,11.466479,11.466492,11.466504,11.466523,11.466536,11.466556
12,0.0338,0.5475,0.2032,57,75,81,81,75,81,81,75,81,81,75,81,10.733142,10.733161,10.733168,10.733182,10.733194,10.733201,10.733208,10.733221,10.733234,10.733242,10.733256,10.733274
15,0.064,0.5252,0.2078,57,75,81,81,75,81,81,75,81,81,75,81,81,75,81,10.09974,10.099773,10.09978,10.099794,10.099806,10.099813,10.09982,10.099826,10.099838,10.09985,10.099862,10.099874,10.099886,10.099897,10.099903
18,0.2456,0.5701,0.3623,57,75,81,81,75,81,81,81,81,81,81,81,81,81,81,81,81,81,9.399777,9.399799,9.39981,9.399821,9.399832,9.399842,9.399853,9.399862,9.399872,9.399881,9.399886,9.399892,9.399895,9.3999,9.399904,9.39991,9.399916,9.399921
21,0.1226,0.487,0.2132,57,75,81,81,75,81,81,75,81,81,75,81,81,75,81,81,75,81,81,75,81,9.033166,9.033185,9.033189,9.033193,9.033201,9.033206,9.033216,9.03322,9.033224,9.033229,9.033235,9.033239,9.033249,9.033254,9.033259,9.033263,9.033268,9.033273,9.033277,9.033282,9.033286
3,0.0037,0.3568,0.0089,75,51,75,11.633288,11.633293,11.633298
6,0.0021,0.3903,0.056,75,75,75,75,75,75,12.966521,12.966535,12.966556,12.966571,12.966587,12.966606
9,0.0311,0.5309,0.1955,57,75,81,81,75,81,81,75,81,11.43285,11.432874,11.432893,11.432905,11.432915,11.432926,11.432939,11.432956,11.432968
12,0.0338,0.5475,0.2032,57,75,81,81,75,81,81,75,81,81,75,81,10.733171,10.733191,10.733195,10.733209,10.733218,10.733229,10.733234,10.733249,10.733261,10.73327,10.733275,10.73328
15,0.0647,0.5245,0.2078,57,75,81,81,75,81,81,75,81,81,75,81,81,75,81,9.999503,9.999517,9.966191,9.966208,9.999544,9.999549,9.999553,9.999564,9.999571,9.999582,9.999595,9.999607,9.999614,9.999621,9.999633
18,0.1126,0.5391,0.2488,57,75,81,81,75,81,81,75,81,81,75,81,81,75,81,81,81,81,9.499744,9.533094,9.499771,9.499781,9.499785,9.49979,9.499802,9.499813,9.533161,9.499839,9.499851,9.499861,9.499871,9.499877,9.499882,9.499887,9.499892,9.53323
