2,0.0,0.1012,0.0,51,51,15.899931,15.899969
5,0.0,0.2708,0.0034,57,57,69,69,57,12.733086,12.733091,12.733098,12.733103,12.733111
8,0.0,0.5809,0.1527,57,69,81,81,69,81,81,69,12.833143,12.833185,12.833206,12.833222,12.833235,12.833254,12.833269,12.833277
11,0.0,0.5269,0.1409,57,69,69,81,69,81,81,69,81,81,69,11.63317,11.633195,11.633201,11.633222,11.633233,11.633239,11.633245,11.63325,11.633256,11.633267,11.63328
14,0.0,0.4299,0.0588,75,75,75,75,75,75,75,75,75,75,75,75,75,75,12.766506,12.766512,12.766517,12.766523,12.766529,12.766534,12.76654,12.766546,12.766552,12.766558,12.766563,12.766569,12.766574,12.766576
17,0.0,0.5238,0.1651,75,75,57,81,75,75,81,75,75,81,75,81,81,75,81,81,75,11.233138,11.233151,11.233157,11.233163,11.233168,11.233174,11.233179,11.233185,11.233191,11.233197,11.233202,11.233208,11.233213,11.233216,11.233222,11.233228,11.233234
2,0.0,0.1012,0.0,51,51,15.599843,15.599856
5,0.0,0.266,0.0034,57,57,69,69,57,12.433249,12.433255,12.433262,12.43327,12.433278
8,0.0,0.5927,0.1876,57,75,81,81,75,81,81,75,13.733167,13.733186,13.733196,13.733205,13.733214,13.73323,13.733241,13.733248
11,0.0,0.3886,0.1324,57,75,75,81,75,75,81,75,75,81,75,12.799863,12.799878,12.799884,12.799893,12.7999,12.799907,12.799913,12.799922,12.799929,12.799937,12.799943
14,0.0,0.5106,0.1698,57,75,75,81,75,75,81,75,81,81,75,81,81,75,11.999788,11.966468,11.999807,11.999813,11.99982,11.999826,11.999833,11.999845,11.999851,11.999857,11.999864,11.99987,11.999876,11.999881
17,0.0,0.5234,0.1582,75,57,75,81,75,75,81,75,75,81,75,81,81,75,81,81,75,11.299818,11.29983,11.299835,11.299841,11.299847,11.299853,11.299859,11.299864,11.299872,11.299877,11.299884,11.29989,11.299896,11.2999,11.299906,11.299913,11.29992
