2,0.0,0.5782,0.0,51,51,15.866582,15.866621
5,0.0,0.7979,0.0037,69,57,69,69,57,12.433191,12.46653,12.433202,12.433208,12.433215
8,0.0,0.7858,0.006,75,57,57,75,57,57,75,57,9.899933,9.899938,9.899943,9.89995,9.899955,9.899959,9.866631,9.899969
11,0.0,0.7719,0.121,75,57,75,81,75,75,81,75,75,81,75,12.633199,12.633214,12.63322,12.633227,12.633235,12.633241,12.633247,12.633255,12.633261,12.633268,12.633274
14,0.0,0.8457,0.1698,57,75,75,81,75,75,81,75,81,81,75,81,81,75,11.832604,11.832614,11.832618,11.799292,11.799312,11.832657,11.832669,11.799351,11.832701,11.799383,11.799389,11.832741,11.79942,11.832771
2,0.0,0.5781,0.0,51,51,15.499945,15.499958
5,0.0,0.7979,0.0037,69,57,69,69,57,12.299758,12.299764,12.299769,12.299775,12.299781
8,0.0,0.7859,0.006,75,57,57,75,57,57,75,57,10.066567,10.066573,10.09991,10.099915,10.09992,10.099924,10.066597,10.099934
11,0.0,0.7295,0.1079,57,75,75,75,75,75,81,75,75,81,75,12.466543,12.466557,12.466564,12.466569,12.466576,12.466582,12.466588,12.466593,12.466599,12.466604,12.466612
14,0.0,0.7263,0.0967,57,75,75,75,75,75,75,75,75,81,75,75,81,75,11.865974,11.832659,11.832668,11.832676,11.866016,11.832692,11.866032,11.832709,11.866048,11.832725,11.866064,11.866073,11.866081,11.866088
2,0.0,0.5781,0.0,51,51,15.433288,15.433301
2,0.0,0.5781,0.0,51,51,15.966624,15.966635
5,0.0,0.8005,0.0037,69,57,69,69,57,12.599862,12.599869,12.599878,12.599887,12.599896
8,0.0,0.9487,0.1876,57,75,81,81,75,81,81,75,13.766529,13.766542,13.766548,13.766554,13.76656,13.766568,13.766574,13.766581
11,0.0,0.7719,0.0595,75,75,75,75,75,75,75,75,75,75,75,13.699525,13.699531,13.699538,13.699545,13.699551,13.699559,13.699567,13.699573,13.699581,13.699588,13.699594
14,0.0,0.8457,0.1698,57,75,75,81,75,75,81,75,81,81,75,81,81,75,11.965979,11.966028,11.966051,11.966073,11.966094,11.966109,11.966123,11.966137,11.966154,11.966168,11.966183,11.966197,11.966212,11.966226
2,0.0,0.5781,0.0,51,51,15.633281,15.633295
5,0.0,0.8328,0.0099,75,57,75,75,57,12.199943,12.199948,12.199954,12.19996,12.199965
8,0.0,0.7858,0.006,75,57,57,75,57,57,75,57,9.933234,9.899906,9.933243,9.933248,9.933253,9.933258,9.933263,9.899934
11,0.0,0.7313,0.1079,57,75,75,75,75,75,81,75,75,81,75,12.833099,12.833113,12.866451,12.833124,12.83313,12.833136,12.833141,12.833148,12.833154,12.833161,12.833169
14,0.0,0.8457,0.1698,57,75,75,81,75,75,81,75,81,81,75,81,81,75,11.966513,11.966525,11.966532,11.966538,11.966544,11.966551,11.966557,11.966563,11.966576,11.966583,11.966589,11.966595,11.966601,11.966606
2,0.0,0.5781,0.0,51,51,15.699839,15.699856
5,0.0,0.785,0.0107,69,51,69,69,69,11.433257,11.433263,11.43327,11.433278,11.433285
