2,0.0,0.5781,0.0,45,45,9.766647,9.766652
5,0.0103,0.4838,0.0,45,45,45,45,45,4.266643,4.333312,4.299981,4.299983,4.266653
8,0.0851,0.4162,0.0,45,45,45,45,45,45,45,45,2.766597,2.766599,2.733267,2.766602,2.799936,2.733272,2.799938,2.766607
11,0.3841,0.2706,0.0,45,45,45,45,45,45,45,45,45,45,45,2.032949,1.966296,2.099605,1.932971,1.966299,1.932973,1.899647,1.932975,1.999631,1.89965,1.932979
14,0.6158,0.1611,0.0,45,45,45,45,45,45,45,45,45,45,45,45,45,45,1.533266,1.399939,1.633263,1.73326,1.533269,1.666598,1.69993,1.666599,1.599936,1.433277,1.433277,1.46661,1.399947,1.43328
2,0.0,0.5781,0.0,45,45,9.666645,9.666648
5,0.0104,0.4838,0.0,45,45,45,45,45,4.266591,4.299925,4.233262,4.333263,4.299933
8,0.0853,0.4154,0.0,45,45,45,45,45,45,45,45,2.699931,2.766597,2.833264,2.733268,2.733269,2.73327,2.699939,2.733273
11,0.3799,0.2909,0.0,45,45,45,45,45,45,45,45,45,45,45,1.933311,1.966645,1.999979,1.899981,2.066647,1.933315,1.933316,2.099983,1.899985,1.866653,2.099986
14,0.6142,0.1712,0.0,45,45,45,45,45,45,45,45,45,45,45,45,45,45,1.666587,1.633256,1.533262,1.566594,1.4666,1.533264,1.333274,1.699925,1.699926,1.499936,1.533268,1.466605,1.599934,1.499939
2,0.0,0.5781,0.0,45,45,9.799931,9.833268
5,0.0104,0.4837,0.0,45,45,45,45,45,4.266645,4.233314,4.266649,4.233319,4.299987
8,0.0844,0.4164,0.0,45,45,45,45,45,45,45,45,2.766607,2.833273,2.699944,2.799943,2.799945,2.833279,2.766614,2.733283
11,0.3475,0.2752,0.0,45,45,45,45,45,45,45,45,45,45,45,2.133265,1.933273,2.099935,2.133269,2.033274,2.166605,2.033277,1.899948,1.933282,1.899951,1.899952
14,0.6123,0.1722,0.0,45,45,45,45,45,45,45,45,45,45,45,45,45,45,1.699933,1.433277,1.533274,1.599939,1.633272,1.533277,1.433281,1.333286,1.399951,1.499948,1.799939,1.566614,1.633279,1.63328
2,0.0,0.5781,0.0,45,45,9.699965,9.699971
5,0.0104,0.4837,0.0,45,45,45,45,45,4.266116,4.299448,4.299451,4.299453,4.232797
8,0.0844,0.4162,0.0,45,45,45,45,45,45,45,45,2.833267,2.766603,2.799938,2.766607,2.766609,2.76661,2.733279,2.799946
11,0.3778,0.2759,0.0,45,45,45,45,45,45,45,45,45,45,45,1.89992,2.033248,1.866589,1.933254,1.966588,2.033253,2.133251,1.966592,1.866596,2.033258,1.933263
14,0.6237,0.1578,0.0,45,45,45,45,45,45,45,45,45,45,45,45,45,45,1.49998,1.366649,1.499981,1.433316,1.566649,1.533317,1.699983,1.499986,1.399987,1.466654,1.433322,1.599988,1.833321,1.533324
