2,0.8532,0.1468,0.8222,81,81,9.966611,9.966645
3,0.8532,0.1468,0.8222,81,81,81,9.966611,9.96662,9.966639
4,0.8532,0.1468,0.8222,81,81,81,81,9.966591,9.966601,9.966613,9.966634
5,0.8532,0.1468,0.8222,81,81,81,81,81,9.96662,9.966626,9.966641,9.966646,9.966652
6,0.8532,0.1468,0.8222,81,81,81,81,81,81,9.966599,9.966602,9.966619,9.96663,9.966636,9.966641
7,0.8532,0.1468,0.8222,81,81,81,81,81,81,81,9.966597,9.966601,9.966612,9.966627,9.966631,9.966636,9.966641
8,0.8532,0.1468,0.8222,81,81,81,81,81,81,81,81,9.966548,9.966558,9.966576,9.966591,9.96659,9.966595,9.966605,9.966621
9,0.8532,0.1468,0.8222,81,81,81,81,81,81,81,81,81,9.966575,9.96658,9.96659,9.966599,9.966608,9.966613,9.966617,9.966627,9.966636
10,0.8532,0.1468,0.8222,81,81,81,81,81,81,81,81,81,81,9.966526,9.966543,9.966553,9.966563,9.96658,9.96659,9.966607,9.966616,9.966628,9.966632
2,0.8532,0.1468,0.8222,81,81,9.966628,9.966647
3,0.8532,0.1468,0.8222,81,81,81,9.966615,9.966626,9.96663
4,0.8532,0.1468,0.8222,81,81,81,81,9.966602,9.966613,9.966627,9.966638
5,0.8532,0.1468,0.8222,81,81,81,81,81,9.966599,9.966617,9.966621,9.966634,9.966645
6,0.8532,0.1468,0.8222,81,81,81,81,81,81,9.966566,9.966583,9.966592,9.966605,9.966616,9.966625
7,0.8532,0.1468,0.8222,81,81,81,81,81,81,81,9.966574,9.966586,9.966604,9.966609,9.966621,9.966635,9.966645
8,0.8532,0.1468,0.8222,81,81,81,81,81,81,81,81,9.966592,9.966597,9.966602,9.966607,9.966613,9.966617,9.966636,9.966641
9,0.8532,0.1468,0.8222,81,81,81,81,81,81,81,81,81,9.966507,9.966518,9.966531,9.966543,9.966561,9.966579,9.9666,9.966612,9.966626
10,0.8532,0.1468,0.8222,81,81,81,81,81,81,81,81,81,81,9.966531,9.966534,9.966538,9.96655,9.966565,9.96657,9.966587,9.966604,9.966616,9.966632
2,0.8532,0.1468,0.8222,81,81,9.966645,9.966655
3,0.8532,0.1468,0.8222,81,81,81,9.966606,9.966618,9.966637
4,0.8532,0.1468,0.8222,81,81,81,81,9.966599,9.966616,9.966631,9.966642
5,0.8532,0.1468,0.8222,81,81,81,81,81,9.966604,9.966614,9.966625,9.966629,9.966646
6,0.8532,0.1468,0.8222,81,81,81,81,81,81,9.966593,9.966598,9.96661,9.966621,9.966631,9.966641
7,0.8532,0.1468,0.8222,81,81,81,81,81,81,81,9.966366,9.966372,9.966381,9.96639,9.966395,9.966411,9.966425
8,0.8532,0.1468,0.8222,81,81,81,81,81,81,81,81,9.966588,9.966593,9.966605,9.966615,9.96663,9.966635,9.96664,9.966645
9,0.8532,0.1468,0.8222,81,81,81,81,81,81,81,81,81,9.966564,9.966577,9.966587,9.966592,9.966596,9.966608,9.966612,9.966622,9.966627
10,0.8532,0.1468,0.8222,81,81,81,81,81,81,81,81,81,81,9.966572,9.966581,9.966586,9.966596,9.966601,9.966606,9.96661,9.966627,9.966636,9.966642
2,0.8532,0.1468,0.8222,81,81,9.966609,9.966635
3,0.8532,0.1468,0.8222,81,81,81,9.966597,9.966609,9.966639
4,0.8532,0.1468,0.8222,81,81,81,81,9.966621,9.966626,9.966632,9.96665
5,0.8532,0.1468,0.8222,81,81,81,81,81,9.966582,9.966601,9.966612,9.966617,9.966634
6,0.8532,0.1468,0.8222,81,81,81,81,81,81,9.966563,9.966583,9.966595,9.966607,9.966623,9.966639
7,0.8532,0.1468,0.8222,81,81,81,81,81,81,81,9.966553,9.966558,9.966577,9.966585,9.966604,9.966617,9.966636
8,0.8532,0.1468,0.8222,81,81,81,81,81,81,81,81,9.96659,9.966596,9.966601,9.966606,9.966616,9.966621,9.966627,9.966632
9,0.8532,0.1468,0.8222,81,81,81,81,81,81,81,81,81,9.966543,9.966553,9.966562,9.966575,9.966584,9.966601,9.966612,9.966622,9.966635
10,0.8532,0.1468,0.8222,81,81,81,81,81,81,81,81,81,81,9.966558,9.966582,9.966593,9.966598,9.966603,9.966607,9.966613,9.966617,9.966621,9.966626
