2,0.4266,0.9205,0.551,81,81,17.466599,17.466615
5,0.3413,0.9363,0.4924,81,81,81,81,81,17.399915,17.399926,17.399936,17.399945,17.399953
8,0.32,0.9305,0.4778,81,81,81,81,81,81,81,81,16.666547,16.666555,16.666562,16.666572,16.666579,16.666587,16.666595,16.666611
11,0.3103,0.9351,0.4712,81,81,81,81,81,81,81,81,81,81,81,16.933104,16.933115,16.933127,16.933137,16.933148,16.933159,16.933171,16.933184,16.933196,16.933207,16.933219
14,0.3047,0.9312,0.4674,81,81,81,81,81,81,81,81,81,81,81,81,81,81,16.366437,16.366448,16.366459,16.366471,16.366482,16.366494,16.366506,16.366517,16.366529,16.36654,16.366551,16.366564,16.366577,16.366588
17,0.3011,0.9266,0.4649,81,81,81,81,81,81,81,81,81,81,81,81,81,81,81,81,81,15.999782,15.999788,15.999796,15.999802,15.99981,15.999818,15.999824,15.99983,15.999839,15.999847,15.999855,15.999863,15.999872,15.999875,15.999884,15.999893,15.999901
2,0.4266,0.9204,0.551,81,81,17.399939,17.399953
5,0.3413,0.9364,0.4924,81,81,81,81,81,17.43323,17.433237,17.433244,17.433254,17.433264
8,0.32,0.938,0.4778,81,81,81,81,81,81,81,81,17.233224,17.233232,17.23324,17.233247,17.233253,17.233261,17.233269,17.233277
11,0.3103,0.9351,0.4712,81,81,81,81,81,81,81,81,81,81,81,16.89983,16.899838,16.899848,16.899856,16.899866,16.899888,16.899897,16.899905,16.899916,16.899925,16.899934
14,0.3047,0.9312,0.4674,81,81,81,81,81,81,81,81,81,81,81,81,81,81,16.499786,16.499794,16.499801,16.499809,16.499827,16.499837,16.499844,16.499853,16.499861,16.499868,16.499886,16.499893,16.499902,16.499908
17,0.3011,0.932,0.4649,81,81,81,81,81,81,81,81,81,81,81,81,81,81,81,81,81,16.36639,16.366397,16.366405,16.366412,16.366419,16.366426,16.366433,16.36644,16.366448,16.366456,16.366472,16.366481,16.366488,16.366493,16.3665,16.36651,16.366517
2,0.4266,0.9204,0.551,81,81,17.399936,17.399949
5,0.3413,0.9363,0.4924,81,81,81,81,81,17.366563,17.366571,17.36658,17.366593,17.366601
8,0.32,0.938,0.4778,81,81,81,81,81,81,81,81,17.166496,17.166506,17.166518,17.16653,17.166541,17.166553,17.166565,17.166577
11,0.3103,0.9351,0.4712,81,81,81,81,81,81,81,81,81,81,81,16.866485,16.866495,16.866504,16.866524,16.866538,16.86655,16.866563,16.866573,16.866585,16.866596,16.866608
14,0.3047,0.9338,0.4674,81,81,81,81,81,81,81,81,81,81,81,81,81,81,16.633138,16.633146,16.633154,16.633163,16.63317,16.633179,16.63319,16.633199,16.633207,16.633215,16.633224,16.633232,16.633245,16.633251
17,0.3011,0.932,0.4649,81,81,81,81,81,81,81,81,81,81,81,81,81,81,81,81,81,16.39975,16.399759,16.399765,16.399774,16.399784,16.399794,16.399802,16.399811,16.39982,16.399832,16.39984,16.399847,16.399856,16.399864,16.399876,16.399887,16.399898
