2,0.0056,0.9944,0.1412,75,75,5.96664,5.966651
3,0.0542,0.9458,0.0067,57,57,57,3.733313,3.733318,3.733324
4,0.0542,0.9458,0.0067,57,57,57,57,3.733317,3.733321,3.733324,3.733326
5,0.0542,0.9458,0.0067,57,57,57,57,57,3.733308,3.73331,3.733314,3.733318,3.733323
6,0.0865,0.9135,0.0739,57,57,57,75,75,75,3.733301,3.733305,3.733309,3.733314,3.733318,3.733323
7,0.101,0.899,0.1028,57,57,75,75,75,75,75,3.699953,3.73329,3.733297,3.69997,3.699977,3.699982,3.699984
8,0.1026,0.8974,0.1076,57,57,75,75,75,75,75,75,3.733272,3.733279,3.733284,3.733291,3.733299,3.733306,3.733311,3.733318
9,0.1126,0.8874,0.1262,57,75,75,75,75,75,75,75,75,3.699847,3.699851,3.699854,3.699856,3.699862,3.699866,3.699871,3.699876,3.699878
10,0.1068,0.8932,0.1143,57,57,75,75,75,75,75,75,75,75,3.699835,3.699837,3.699841,3.699846,3.699848,3.699854,3.699858,3.69986,3.699864,3.699868
2,0.0056,0.9944,0.1412,75,75,5.96665,5.966658
3,0.0542,0.9458,0.0067,57,57,57,3.733318,3.73332,3.733324
4,0.0542,0.9458,0.0067,57,57,57,57,3.733311,3.733316,3.733321,3.733325
5,0.0542,0.9458,0.0067,57,57,57,57,57,3.733314,3.733318,3.733319,3.733321,3.733323
6,0.0757,0.9243,0.0515,57,57,57,57,75,75,3.733289,3.733291,3.733298,3.733307,3.733315,3.733322
7,0.1003,0.8997,0.1028,57,57,75,75,75,75,75,3.733295,3.733298,3.733304,3.73331,3.733314,3.73332,3.733324
8,0.0872,0.9128,0.0739,57,57,57,57,75,75,75,75,3.699904,3.699909,3.699911,3.699913,3.699919,3.733253,3.699928,3.699931
9,0.1126,0.8874,0.1262,57,75,75,75,75,75,75,75,75,3.699841,3.699844,3.699849,3.699855,3.699859,3.699863,3.699868,3.699871,3.699875
10,0.1188,0.8812,0.1412,75,75,75,75,75,75,75,75,75,75,3.7333,3.733302,3.733304,3.733305,3.733311,3.733314,3.733317,3.733319,3.733321,3.733322
2,0.0056,0.9944,0.1412,75,75,5.966636,5.966648
3,0.0542,0.9458,0.0067,57,57,57,3.733312,3.733319,3.733323
4,0.0542,0.9458,0.0067,57,57,57,57,3.733307,3.733311,3.733313,3.733318
5,0.0542,0.9458,0.0067,57,57,57,57,57,3.733313,3.733319,3.733322,3.733323,3.733325
6,0.0757,0.9243,0.0515,57,57,57,57,75,75,3.733298,3.733302,3.733307,3.733311,3.733316,3.733321
7,0.0911,0.9089,0.0835,57,57,57,75,75,75,75,3.733309,3.733311,3.733316,3.733319,3.733321,3.733323,3.733325
8,0.1026,0.8974,0.1076,57,57,75,75,75,75,75,75,3.733305,3.733307,3.733311,3.733315,3.733317,3.733321,3.733323,3.733325
9,0.1051,0.8949,0.1113,57,57,75,75,75,75,75,75,75,3.733183,3.699855,3.699856,3.733191,3.699861,3.699863,3.699865,3.733204,3.699877
10,0.1188,0.8812,0.1412,75,75,75,75,75,75,75,75,75,75,3.733292,3.733294,3.733295,3.733297,3.733303,3.733308,3.733311,3.733315,3.733319,3.733323
