2,0.2571,0.7429,0.1412,75,75,5.966641,5.966648
2,0.1175,0.8825,0.1412,75,75,5.966633,5.966642
3,0.1834,0.8166,0.0067,57,57,57,3.733314,3.733319,3.733326
4,0.294,0.706,0.1412,75,75,75,75,3.733312,3.733314,3.733319,3.733323
5,0.8513,0.1487,0.6591,57,81,81,81,81,1.633324,5.966637,5.966643,5.966646,5.966652
6,0.8494,0.1506,0.6863,57,81,81,81,81,81,1.699986,5.966623,5.966625,5.966632,5.966642,5.966649
7,0.8509,0.1491,0.7057,57,81,81,81,81,81,81,1.666646,5.966595,5.966602,5.966611,5.966621,5.966637,5.966646
8,0.8512,0.1488,0.7203,57,81,81,81,81,81,81,81,1.666652,5.96662,5.966625,5.966635,5.966638,5.96664,5.966643,5.966646
9,0.8532,0.1468,0.8222,81,81,81,81,81,81,81,81,81,5.966598,5.966601,5.966603,5.966609,5.966616,5.966626,5.966632,5.966642,5.966648
10,0.8532,0.1468,0.8222,81,81,81,81,81,81,81,81,81,81,5.966592,5.966595,5.966599,5.966602,5.966608,5.966618,5.966625,5.966627,5.966635,5.966645
2,0.1175,0.8825,0.1412,75,75,5.966634,5.966651
3,0.1834,0.8166,0.0067,57,57,57,3.733312,3.733317,3.733324
4,0.8491,0.1509,0.4481,57,75,81,81,1.699991,1.666662,5.966655,5.966658
5,0.85,0.15,0.6591,57,81,81,81,81,1.666653,5.966628,5.966635,5.966641,5.966648
6,0.8494,0.1506,0.6863,57,81,81,81,81,81,1.699987,5.966628,5.966634,5.966637,5.966645,5.966648
7,0.85,0.15,0.7057,57,81,81,81,81,81,81,1.699984,5.966616,5.966622,5.966628,5.966631,5.96664,5.966647
8,0.8504,0.1496,0.7203,57,81,81,81,81,81,81,81,1.699983,5.966613,5.96662,5.966626,5.966636,5.966642,5.966645,5.966651
9,0.8532,0.1468,0.8222,81,81,81,81,81,81,81,81,81,5.966599,5.966602,5.966608,5.966615,5.966622,5.966629,5.966631,5.966642,5.966648
10,0.8532,0.1468,0.8222,81,81,81,81,81,81,81,81,81,81,5.96662,5.966622,5.966625,5.966628,5.96663,5.966634,5.966636,5.966639,5.966642,5.966645
2,0.1175,0.8825,0.1412,75,75,5.966644,5.966655
3,0.1834,0.8166,0.0067,57,57,57,3.733318,3.733321,3.733323
4,0.8445,0.1555,0.4481,57,75,81,81,1.733324,1.733327,5.966643,5.96665
5,0.8487,0.1513,0.6591,57,81,81,81,81,1.699988,5.966631,5.966637,5.96664,5.966649
6,0.8483,0.1517,0.6863,57,81,81,81,81,81,1.733324,5.96664,5.966642,5.966645,5.966648,5.966654
7,0.8509,0.1491,0.7057,57,81,81,81,81,81,81,1.666656,5.966634,5.966641,5.966646,5.966649,5.966651,5.966654
8,0.8512,0.1488,0.7203,57,81,81,81,81,81,81,81,1.666642,5.966588,5.966598,5.966608,5.966618,5.966628,5.966639,5.966646
9,0.8532,0.1468,0.8222,81,81,81,81,81,81,81,81,81,5.966572,5.966575,5.966582,5.966589,5.966597,5.966608,5.96662,5.96663,5.966641
10,0.8532,0.1468,0.8222,81,81,81,81,81,81,81,81,81,81,5.966601,5.966607,5.966617,5.96662,5.966622,5.966633,5.96664,5.966646,5.966649,5.966652
2,0.1175,0.8825,0.1412,75,75,5.966653,5.966656
3,0.1834,0.8166,0.0067,57,57,57,3.733313,3.733317,3.733321
4,0.294,0.706,0.1412,75,75,75,75,3.733311,3.733315,3.733321,3.733323
5,0.85,0.15,0.6591,57,81,81,81,81,1.666653,5.966626,5.966634,5.966645,5.966655
6,0.8494,0.1506,0.6863,57,81,81,81,81,81,1.699985,5.966621,5.966627,5.966633,5.96664,5.966646
7,0.8509,0.1491,0.7057,57,81,81,81,81,81,81,1.666652,5.966618,5.966624,5.96663,5.966636,5.966646,5.966653
8,0.852,0.148,0.7203,57,81,81,81,81,81,81,81,1.633316,5.966611,5.966621,5.966627,5.966636,5.966639,5.966645,5.966648
9,0.8532,0.1468,0.8222,81,81,81,81,81,81,81,81,81,5.966607,5.966615,5.966623,5.966626,5.966628,5.966631,5.966634,5.966637,5.966647
10,0.8532,0.1468,0.8222,81,81,81,81,81,81,81,81,81,81,5.966614,5.966617,5.96662,5.966625,5.966628,5.966631,5.966633,5.966636,5.966645,5.966648
2,0.1175,0.8825,0.1412,75,75,5.966649,5.966653
3,0.1834,0.8166,0.0067,57,57,57,3.733318,3.733322,3.733323
4,0.5555,0.4445,0.1412,75,75,75,75,3.733316,3.733318,1.899993,1.899994
5,0.85,0.15,0.6591,57,81,81,81,81,1.666657,5.966635,5.966645,5.966652,5.966658
6,0.8494,0.1506,0.6863,57,81,81,81,81,81,1.699987,5.966622,5.966625,5.966632,5.966638,5.966644
7,0.8509,0.1491,0.7057,57,81,81,81,81,81,81,1.666651,5.966608,5.966618,5.96662,5.96663,5.966637,5.966642
8,0.8512,0.1488,0.7203,57,81,81,81,81,81,81,81,1.666643,5.966592,5.966603,5.966615,5.966632,5.966639,5.966644,5.966648
9,0.8532,0.1468,0.8222,81,81,81,81,81,81,81,81,81,5.966597,5.966606,5.966614,5.966622,5.966632,5.966639,5.966645,5.966651,5.966653
10,0.8532,0.1468,0.8222,81,81,81,81,81,81,81,81,81,81,5.966605,5.966607,5.966617,5.966622,5.966625,5.966628,5.966631,5.966633,5.966636,5.966643
2,0.1175,0.8825,0.1412,75,75,5.966644,5.966656
3,0.1833,0.8167,0.0067,57,57,57,3.733323,3.733327,3.733328
4,0.8477,0.1523,0.4481,57,75,81,81,1.699988,1.699993,5.966645,5.966652
5,0.8474,0.1526,0.6591,57,81,81,81,81,1.733319,5.966622,5.966625,5.966639,5.966646
6,0.8505,0.1495,0.6863,57,81,81,81,81,81,1.666621,5.966512,5.966522,5.966529,5.966536,5.966543
7,0.849,0.151,0.7057,57,81,81,81,81,81,81,1.733315,5.966613,5.96662,5.966626,5.966629,5.966632,5.966643
8,0.8512,0.1488,0.7203,57,81,81,81,81,81,81,81,1.666651,5.966613,5.966616,5.966619,5.966622,5.966629,5.966641,5.966652
9,0.8532,0.1468,0.8222,81,81,81,81,81,81,81,81,81,5.9666,5.966605,5.966613,5.966619,5.966624,5.966635,5.966641,5.966647,5.96665
10,0.8532,0.1468,0.8222,81,81,81,81,81,81,81,81,81,81,5.966599,5.966601,5.966613,5.966616,5.966618,5.966625,5.966631,5.966634,5.96664,5.966646
2,0.1175,0.8825,0.1412,75,75,5.966652,5.966658
