2,0.0,0.5722,0.0,45,45,8.033279,8.033291
3,0.0019,0.7133,0.0,45,45,45,5.499922,5.499924,5.533271
4,0.0161,0.5628,0.0,45,45,45,45,4.299923,4.333267,4.33327,4.333272
5,0.0484,0.6257,0.0,45,45,45,45,45,3.633257,3.666593,3.633264,3.633269,3.633273
6,0.1147,0.509,0.0,45,45,45,45,45,45,3.132433,3.132436,3.099116,3.132441,3.065796,3.165773
7,0.14,0.5467,0.0,45,45,45,45,45,45,45,2.633276,2.699943,2.633279,2.666614,2.666618,2.666621,2.633292
8,0.1751,0.4778,0.0,45,45,45,45,45,45,45,45,2.366579,2.333248,2.33325,2.366587,2.333263,2.333268,2.366603,2.333274
9,0.3633,0.404,0.0,45,45,45,45,45,45,45,45,45,2.099502,2.032854,2.032856,1.966208,2.132839,2.099514,2.06619,2.032867,2.099519
10,0.4756,0.3038,0.0,45,45,45,45,45,45,45,45,45,45,1.799919,1.833254,1.866588,1.833259,1.933257,1.899926,1.899928,1.899929,1.8666,1.866602
2,0.0,0.5722,0.0,45,45,8.133304,8.133313
3,0.0019,0.7133,0.0,45,45,45,5.499968,5.499974,5.499989
4,0.0163,0.5627,0.0,45,45,45,45,4.366628,4.266638,4.266643,4.266648
5,0.0484,0.6258,0.0,45,45,45,45,45,3.666587,3.633256,3.633263,3.633267,3.633271
6,0.1159,0.5091,0.0,45,45,45,45,45,45,3.099914,3.099919,3.066591,3.066596,3.133265,3.066605
7,0.1405,0.5471,0.0,45,45,45,45,45,45,45,2.666591,2.666595,2.633266,2.633267,2.633268,2.633269,2.666607
8,0.178,0.4774,0.0,45,45,45,45,45,45,45,45,2.333305,2.333309,2.333311,2.299981,2.36665,2.366653,2.366654,2.333322
9,0.3469,0.4089,0.0,45,45,45,45,45,45,45,45,45,2.066593,2.099929,2.033266,2.099933,2.166598,2.03327,2.099937,2.099939,2.09994
10,0.477,0.2974,0.0,45,45,45,45,45,45,45,45,45,45,1.866588,1.833258,1.899923,1.899926,1.833264,1.866599,1.799937,1.83327,1.833273,1.999936
