2,0.0,0.957,0.0094,75,75,14.399955,14.399973
3,0.0074,0.733,0.1868,57,81,81,12.199944,12.199953,12.199967
4,0.0022,0.9922,0.2797,81,81,81,81,14.53321,14.533232,14.533245,14.533251
5,0.0022,0.9922,0.2797,81,81,81,81,81,14.466577,14.466584,14.466598,14.466615,14.466629
6,0.0022,0.9921,0.2797,81,81,81,81,81,81,14.399619,14.399625,14.39963,14.399637,14.399643,14.399649
7,0.0023,0.9921,0.2797,81,81,81,81,81,81,81,14.39982,14.399838,14.399853,14.399859,14.399885,14.366587,14.366604
8,0.0023,0.9921,0.2797,81,81,81,81,81,81,81,81,14.299814,14.29983,14.299848,14.299863,14.29987,14.299887,14.299895,14.299901
9,0.0023,0.9921,0.2797,81,81,81,81,81,81,81,81,81,14.233106,14.23313,14.233135,14.233151,14.233166,14.233191,14.233209,14.233236,14.233261
10,0.0023,0.9921,0.2797,81,81,81,81,81,81,81,81,81,81,14.233105,14.233112,14.233121,14.233137,14.233155,14.233172,14.233188,14.233205,14.233221,14.233239
2,0.0,0.957,0.0094,75,75,14.399935,14.399966
3,0.0074,0.7331,0.1868,57,81,81,12.233294,12.2333,12.233306
4,0.0022,0.9922,0.2797,81,81,81,81,14.499891,14.499917,14.499938,14.499962
5,0.0022,0.9921,0.2797,81,81,81,81,81,14.399655,14.399663,14.399686,14.399712,14.399735
6,0.0022,0.9921,0.2797,81,81,81,81,81,81,14.399627,14.399653,14.399688,14.399716,14.399742,14.399758
7,0.0023,0.9921,0.2797,81,81,81,81,81,81,81,14.366461,14.36648,14.366514,14.366539,14.366546,14.366562,14.366585
8,0.0023,0.9921,0.2797,81,81,81,81,81,81,81,81,14.299814,14.299821,14.299834,14.299849,14.299864,14.29987,14.299896,14.29991
9,0.0023,0.9921,0.2797,81,81,81,81,81,81,81,81,81,14.233098,14.233114,14.233128,14.233146,14.23316,14.233183,14.233209,14.233223,14.233228
10,0.0023,0.992,0.2797,81,81,81,81,81,81,81,81,81,81,14.199781,14.199788,14.199796,14.199803,14.199825,14.199832,14.19984,14.199858,14.199873,14.199891
2,0.0022,0.9922,0.2797,81,81,14.499916,14.499957
