2,0.4266,0.5734,0.5403,81,81,14.533266,14.533293
4,0.4266,0.5734,0.5403,81,81,81,81,14.499869,14.499883,14.499899,14.499923
6,0.4266,0.5734,0.5403,81,81,81,81,81,81,14.433205,14.433222,14.433236,14.433261,14.433268,14.433292
8,0.4266,0.5734,0.5403,81,81,81,81,81,81,81,81,14.299872,14.299878,14.299885,14.299891,14.299898,14.299919,14.299926,14.299939
10,0.4266,0.5734,0.5403,81,81,81,81,81,81,81,81,81,81,14.199549,14.199563,14.199588,14.199614,14.199641,14.199657,14.199671,14.199686,14.199714,14.199731
2,0.4266,0.5734,0.5403,81,81,14.53325,14.533295
4,0.4266,0.5734,0.5403,81,81,81,81,14.499926,14.499932,14.499949,14.499965
6,0.4266,0.5734,0.5403,81,81,81,81,81,81,14.366569,14.366592,14.3666,14.366608,14.366615,14.366623
8,0.4266,0.5734,0.5403,81,81,81,81,81,81,81,81,14.29984,14.299856,14.299871,14.299883,14.299889,14.299895,14.299901,14.299929
10,0.4266,0.5734,0.5403,81,81,81,81,81,81,81,81,81,81,14.232843,14.232868,14.232893,14.232926,14.232943,14.232968,14.232996,14.233022,14.23304,14.233072
2,0.4266,0.5734,0.5403,81,81,14.566613,14.566634
4,0.4266,0.5734,0.5403,81,81,81,81,14.499869,14.499894,14.499913,14.499938
6,0.4266,0.5734,0.5403,81,81,81,81,81,81,14.43309,14.433097,14.433103,14.433111,14.433133,14.433182
8,0.4266,0.5734,0.5403,81,81,81,81,81,81,81,81,14.266453,14.266468,14.26649,14.266505,14.266522,14.266538,14.266546,14.266581
2,0.4266,0.5734,0.5403,81,81,14.566583,14.566618
4,0.4266,0.5734,0.5403,81,81,81,81,14.499921,14.499921,14.499927,14.499944
6,0.4266,0.5734,0.5403,81,81,81,81,81,81,14.432932,14.432955,14.43298,14.433004,14.433019,14.433031
8,0.4266,0.5734,0.5403,81,81,81,81,81,81,81,81,14.333192,14.333218,14.333223,14.333229,14.333236,14.333242,14.333249,14.333255
10,0.4266,0.5734,0.5403,81,81,81,81,81,81,81,81,81,81,14.166527,14.166534,14.166541,14.166548,14.166563,14.16657,14.166577,14.166584,14.16659,14.1666
12,0.4266,0.5734,0.5403,81,81,81,81,81,81,81,81,81,81,81,81,14.099646,14.099653,14.099692,14.099728,14.099757,14.099765,14.099773,14.099798,14.099824,14.099848,14.099857,14.099898
14,0.4266,0.5734,0.5403,81,81,81,81,81,81,81,81,81,81,81,81,81,81,13.932962,13.93297,13.932986,13.933004,13.933018,13.933027,13.933037,13.933046,13.933056,13.933064,13.933072,13.93308,13.933089,13.933097
2,0.4266,0.5734,0.5403,81,81,14.566599,14.566628
4,0.4266,0.5734,0.5403,81,81,81,81,14.499913,14.499919,14.499943,14.499957
6,0.4266,0.5734,0.5403,81,81,81,81,81,81,14.399827,14.39985,14.399873,14.39989,14.399905,14.399921
8,0.4266,0.5734,0.5403,81,81,81,81,81,81,81,81,14.299833,14.299841,14.299856,14.299864,14.299881,14.299896,14.299904,14.29992
10,0.4266,0.5734,0.5403,81,81,81,81,81,81,81,81,81,81,14.19975,14.199777,14.199793,14.199817,14.19984,14.199857,14.199873,14.199889,14.199904,14.19992
12,0.4266,0.5734,0.5403,81,81,81,81,81,81,81,81,81,81,81,81,14.033066,14.033081,14.033105,14.03312,14.033127,14.03314,14.033165,14.033179,14.033186,14.033193,14.0332,14.033208
2,0.4266,0.5734,0.5403,81,81,14.566611,14.566633
4,0.4266,0.5734,0.5403,81,81,81,81,14.466545,14.466553,14.466571,14.466598
6,0.4266,0.5734,0.5403,81,81,81,81,81,81,14.399865,14.399883,14.399889,14.399904,14.399911,14.399917
8,0.4266,0.5734,0.5403,81,81,81,81,81,81,81,81,14.266488,14.266514,14.266528,14.266545,14.26656,14.266574,14.266588,14.266604
10,0.4266,0.5734,0.5403,81,81,81,81,81,81,81,81,81,81,14.166459,14.166486,14.1665,14.166517,14.166532,14.166557,14.166572,14.166578,14.166584,14.166608
12,0.4266,0.5734,0.5403,81,81,81,81,81,81,81,81,81,81,81,81,14.033073,14.033095,14.033109,14.033116,14.033123,14.033129,14.033142,14.033157,14.033164,14.033184,14.0332,14.033216
14,0.4266,0.5734,0.5403,81,81,81,81,81,81,81,81,81,81,81,81,81,81,13.933105,13.933112,13.933119,13.933126,13.933133,13.933155,13.933169,13.933184,13.933201,13.933215,13.933232,13.933246,13.933253,13.933261
2,0.4266,0.5734,0.5403,81,81,14.533253,14.533282
4,0.4266,0.5734,0.5403,81,81,81,81,14.466563,14.466581,14.466598,14.466606
6,0.4266,0.5734,0.5403,81,81,81,81,81,81,14.433182,14.433199,14.433223,14.433246,14.433261,14.433278
8,0.4266,0.5734,0.5403,81,81,81,81,81,81,81,81,14.299837,14.299861,14.299867,14.299875,14.299891,14.299898,14.299923,14.299949
10,0.4266,0.5734,0.5403,81,81,81,81,81,81,81,81,81,81,14.133078,14.133104,14.133112,14.133119,14.133143,14.133168,14.133193,14.133218,14.133234,14.133252
12,0.4266,0.5734,0.5403,81,81,81,81,81,81,81,81,81,81,81,81,13.966429,13.966436,13.966445,13.966471,13.966494,13.966502,13.96651,13.966516,13.966523,13.966532,13.966541,13.966548
