2,0.0,0.1008,0.0,45,45,9.833264,9.833268
5,0.0282,0.1096,0.0,45,45,45,45,45,4.299934,4.233271,4.233273,4.299941,4.266611
8,0.0976,0.1117,0.0,45,45,45,45,45,45,45,45,2.799913,2.799915,2.733252,2.766587,2.766588,2.733257,2.766591,2.799925
11,0.484,0.0661,0.0,45,45,45,45,45,45,45,45,45,45,45,2.033265,1.999934,2.133264,1.933272,1.933273,2.199932,1.99994,1.933276,1.899945,2.066608,1.933279
14,0.6887,0.0388,0.0,45,45,45,45,45,45,45,45,45,45,45,45,45,45,1.399935,1.566595,1.666592,1.599929,1.499934,1.499935,1.533268,1.599933,1.53327,1.533271,1.799928,1.599938,1.46661,1.566608
17,0.7943,0.0266,0.0,45,45,45,45,45,45,45,45,45,45,45,45,45,45,45,45,45,1.399926,1.233269,1.399928,1.466592,1.233271,1.433262,1.199941,1.16661,1.033284,1.266607,1.166612,1.366604,1.133282,1.433269,1.099951,1.266611,1.133284
2,0.0,0.1009,0.0,45,45,9.79998,9.799985
5,0.0282,0.1096,0.0,45,45,45,45,45,4.233309,4.266644,4.266646,4.266649,4.233318
8,0.0971,0.1117,0.0,45,45,45,45,45,45,45,45,2.733256,2.799922,2.833256,2.733261,2.766594,2.766596,2.766597,2.733266
11,0.4959,0.0642,0.0,45,45,45,45,45,45,45,45,45,45,45,2.099918,1.96659,1.933259,1.999925,1.866597,1.966595,1.999928,1.933265,2.033262,1.999931,1.999932
14,0.6928,0.0379,0.0,45,45,45,45,45,45,45,45,45,45,45,45,45,45,1.433269,1.533265,1.766589,1.466603,1.766591,1.499936,1.466605,1.799925,1.599934,1.399943,1.633268,1.566605,1.399945,1.399946
17,0.7925,0.0268,0.0,45,45,45,45,45,45,45,45,45,45,45,45,45,45,45,45,45,1.56658,1.099939,1.199935,1.466587,1.29993,1.199936,1.233269,1.233269,1.599918,1.199939,1.233272,1.199941,1.033283,1.399932,1.233274,1.13328,1.166612
2,0.0,0.1009,0.0,45,45,9.666592,9.666597
5,0.028,0.1096,0.0,45,45,45,45,45,4.333291,4.266628,4.299963,4.266632,4.266635
8,0.0974,0.1117,0.0,45,45,45,45,45,45,45,45,2.766598,2.7666,2.799934,2.766602,2.733271,2.799938,2.733274,2.766608
11,0.485,0.066,0.0,45,45,45,45,45,45,45,45,45,45,45,1.933308,1.866644,2.099976,1.966645,2.066644,2.033313,2.133313,1.86665,2.033316,2.066651,1.966653
