2,0.0457,0.5464,0.0,51,69,3.733319,3.733326
3,0.0494,0.6787,0.0044,57,69,57,3.733316,3.73332,3.733326
4,0.047,0.5451,0.0033,57,57,57,69,3.733314,3.733319,3.733323,3.733325
2,0.0,0.5722,0.0,51,69,13.13329,13.133299
3,0.0,0.7148,0.0044,57,69,57,12.266609,12.266632,12.26664
4,0.0,0.5819,0.0793,75,75,75,75,13.599914,13.599921,13.599934,13.599949
5,0.0,0.6655,0.0647,57,75,75,75,75,10.566554,10.56656,10.566573,10.566578,10.566589
6,0.0,0.5819,0.012,57,75,57,75,57,75,9.833019,9.83303,9.833047,9.866385,9.83307,9.83308
7,0.0,0.8805,0.1378,57,75,75,81,75,81,75,11.933172,11.933205,11.93321,11.933236,11.933255,11.93326,11.933281
8,0.0,0.577,0.0077,57,57,57,57,57,75,57,75,8.566552,8.566562,8.566571,8.566586,8.599933,8.599941,8.566612,8.566616
9,0.0,0.907,0.1516,57,75,75,81,75,81,75,81,75,11.433134,11.39984,11.399853,11.399859,11.399864,11.399878,11.399897,11.399909,11.399928
10,0.0,0.9162,0.1622,57,75,75,81,75,81,75,81,75,81,11.19945,11.166139,11.166152,11.166164,11.166178,11.199522,11.199535,11.166215,11.19956,11.166235
2,0.0,0.5722,0.0,51,69,13.099921,13.099946
3,0.0,0.7148,0.0044,57,69,57,12.199935,12.199948,12.199969
4,0.0,0.5722,0.0033,57,57,57,69,11.433273,11.399944,11.399957,11.399968
5,0.0,0.6578,0.004,57,69,57,69,57,10.633087,10.633092,10.633103,10.633115,10.633119
6,0.0,0.5819,0.012,57,75,57,75,57,75,9.866388,9.866392,9.83307,9.866419,9.866435,9.833113
7,0.0,0.6333,0.0038,57,69,57,69,57,69,57,9.199743,9.199759,9.19977,9.199778,9.199794,9.199803,9.199817
8,0.0,0.5795,0.0098,57,57,57,75,57,75,57,75,8.633254,8.633263,8.633271,8.633275,8.633279,8.633291,8.6333,8.633308
9,0.0,0.624,0.0076,57,57,57,57,57,75,57,75,57,8.033234,8.03325,8.033254,8.033258,8.033262,8.033276,8.033285,8.033299,8.033303
10,0.0,0.9162,0.1622,57,75,75,81,75,81,75,81,75,81,11.166448,11.166473,11.166493,11.166505,11.166524,11.166542,11.166554,11.166566,11.166578,11.166591
