2,0.0,1.0,0.0,45,45,8.166644,8.166653
3,0.0022,0.9978,0.0,45,45,45,5.499958,5.499967,5.533316
4,0.0185,0.9815,0.0,45,45,45,45,4.366625,4.366634,4.366639,4.433312
5,0.052,0.948,0.0,45,45,45,45,45,3.766595,3.699931,3.699932,3.699934,3.699937
6,0.1265,0.8735,0.0,45,45,45,45,45,45,3.133243,3.099912,3.099916,3.066587,3.066592,3.099929
7,0.1535,0.8465,0.0,45,45,45,45,45,45,45,2.599909,2.633246,2.599917,2.633252,2.633256,2.599925,2.599927
8,0.2057,0.7943,0.0,45,45,45,45,45,45,45,45,2.366637,2.333306,2.299975,2.33331,2.333311,2.29998,2.299984,2.299987
9,0.3584,0.6416,0.0,45,45,45,45,45,45,45,45,45,2.13326,1.999933,2.133264,2.0666,2.033269,2.066602,2.03327,2.199934,2.099939
10,0.4765,0.5235,0.0,45,45,45,45,45,45,45,45,45,45,1.866593,1.899926,1.89993,1.899931,2.03326,1.799936,1.866601,1.866602,1.833271,1.866607
2,0.0,1.0,0.0,45,45,8.166645,8.166654
3,0.0022,0.9978,0.0,45,45,45,5.533309,5.566648,5.499989
4,0.0186,0.9814,0.0,45,45,45,45,4.366635,4.366644,4.399979,4.366648
5,0.0515,0.9485,0.0,45,45,45,45,45,3.69992,3.76659,3.699932,3.799933,3.733269
6,0.1251,0.8749,0.0,45,45,45,45,45,45,3.13325,3.133258,3.133262,3.099931,3.133265,3.133273
2,0.0,1.0,0.0,45,45,8.133257,8.13327
3,0.0022,0.9978,0.0,45,45,45,5.499976,5.533314,5.499992
4,0.0186,0.9814,0.0,45,45,45,45,4.333293,4.366636,4.399977,4.366648
