2,0.0,0.5722,0.0,45,45,8.099975,8.099988
4,0.0165,0.5626,0.0,45,45,45,45,4.266648,4.23332,4.233322,4.266658
6,0.1155,0.5091,0.0,45,45,45,45,45,45,3.133257,3.099927,3.099928,3.099934,3.066603,3.099939
8,0.1925,0.4678,0.0,45,45,45,45,45,45,45,45,2.299928,2.299929,2.333265,2.299935,2.333269,2.33327,2.333271,2.333274
10,0.4714,0.3047,0.0,45,45,45,45,45,45,45,45,45,45,1.933248,1.899921,1.766595,1.933258,1.966592,1.933263,1.866601,1.799938,1.833272,1.833273
2,0.0,0.5722,0.0,45,45,8.133303,8.133312
4,0.0162,0.5628,0.0,45,45,45,45,4.299969,4.299979,4.333314,4.333316
6,0.1166,0.5086,0.0,45,45,45,45,45,45,3.0666,3.099934,3.066603,3.066604,3.099938,3.033276
8,0.1866,0.4688,0.0,45,45,45,45,45,45,45,45,2.333257,2.333258,2.299927,2.333261,2.366599,2.333271,2.299941,2.333277
10,0.4888,0.3015,0.0,45,45,45,45,45,45,45,45,45,45,1.866586,1.833256,1.866591,1.766598,1.933261,1.833267,1.833269,1.866603,1.866604,1.799943
2,0.0,0.5722,0.0,45,45,8.133247,8.13326
4,0.0162,0.5627,0.0,45,45,45,45,4.299974,4.299985,4.299987,4.366656
6,0.1171,0.5081,0.0,45,45,45,45,45,45,3.099922,3.066593,3.033262,3.066596,3.033266,3.066603
8,0.1867,0.4711,0.0,45,45,45,45,45,45,45,45,2.299917,2.333253,2.333256,2.333259,2.333262,2.333266,2.366601,2.29994
10,0.4846,0.2977,0.0,45,45,45,45,45,45,45,45,45,45,1.833263,1.833264,1.799932,1.966595,1.899933,1.866603,1.833272,1.76661,1.899941,1.833277
2,0.0,0.5722,0.0,45,45,8.099965,8.099978
4,0.0164,0.5626,0.0,45,45,45,45,4.299962,4.266637,4.233306,4.299974
6,0.1178,0.5078,0.0,45,45,45,45,45,45,3.033239,3.066575,3.033248,3.033255,3.066593,3.033267
8,0.1896,0.4683,0.0,45,45,45,45,45,45,45,45,2.333255,2.333261,2.29993,2.333265,2.333266,2.333267,2.333269,2.299938
10,0.4867,0.3052,0.0,45,45,45,45,45,45,45,45,45,45,1.866592,1.833263,1.966594,1.833268,1.933266,1.79994,1.766609,1.799942,1.899941,1.799946
12,0.6443,0.2046,0.0,45,45,45,45,45,45,45,45,45,45,45,45,1.66659,1.566596,1.59993,1.499935,1.499937,1.499938,1.466607,1.49994,1.533273,1.566607,1.433281,1.633274
14,0.7383,0.1573,0.0,45,45,45,45,45,45,45,45,45,45,45,45,45,45,1.333256,1.233263,1.466584,1.366591,1.233267,1.233269,1.599919,1.19994,1.266604,1.466594,1.233274,1.199943,1.333272,1.26661
2,0.0,0.5722,0.0,45,45,8.099972,8.099982
4,0.0161,0.5628,0.0,45,45,45,45,4.333244,4.366585,4.299924,4.299932
6,0.1162,0.5083,0.0,45,45,45,45,45,45,3.09992,3.066593,3.033262,3.099929,3.066597,3.133265
8,0.1896,0.4683,0.0,45,45,45,45,45,45,45,45,2.333258,2.333259,2.333262,2.333263,2.299933,2.333269,2.333271,2.29994
10,0.4826,0.2949,0.0,45,45,45,45,45,45,45,45,45,45,1.865618,1.798991,1.798992,2.065512,1.932255,1.798997,1.799,1.832316,1.799004,1.865635
12,0.6421,0.2029,0.0,45,45,45,45,45,45,45,45,45,45,45,45,1.433266,1.699923,1.59993,1.433271,1.433272,1.533268,1.466607,1.699931,1.599936,1.433277,1.59994,1.566608
14,0.7389,0.15,0.0,45,45,45,45,45,45,45,45,45,45,45,45,45,45,1.399272,1.26601,1.166063,1.132748,1.365963,1.266017,1.132753,1.232703,1.499235,1.399287,1.299338,1.565871,1.299341,1.365975
2,0.0,0.5722,0.0,45,45,8.133261,8.133272
4,0.0162,0.5628,0.0,45,45,45,45,4.333301,4.333309,4.29998,4.299987
6,0.1157,0.5088,0.0,45,45,45,45,45,45,3.099924,3.13326,3.099931,3.0666,3.066601,3.099939
8,0.1778,0.4703,0.0,45,45,45,45,45,45,45,45,2.33325,2.366583,2.333255,2.366592,2.333264,2.3666,2.299938,2.333274
10,0.4849,0.3007,0.0,45,45,45,45,45,45,45,45,45,45,1.833261,1.833264,1.899931,1.833268,1.799939,1.833274,1.933273,1.899943,1.866613,1.799949
12,0.639,0.2016,0.0,45,45,45,45,45,45,45,45,45,45,45,45,1.433267,1.66659,1.533264,1.766588,1.699926,1.466604,1.566603,1.533273,1.433278,1.599941,1.399951,1.466616
14,0.7378,0.1501,0.0,45,45,45,45,45,45,45,45,45,45,45,45,45,45,1.46659,1.233271,1.19994,1.56659,1.433264,1.333272,1.366605,1.333274,1.199948,1.433272,1.299946,1.266615,1.199952,1.099956
2,0.0,0.5722,0.0,45,45,8.03331,8.033315
4,0.0162,0.5628,0.0,45,45,45,45,4.299965,4.299977,4.333313,4.299987
6,0.1164,0.5086,0.0,45,45,45,45,45,45,3.033264,3.099932,3.099933,3.066602,3.099936,3.066606
8,0.1866,0.4688,0.0,45,45,45,45,45,45,45,45,2.299924,2.33326,2.333262,2.299933,2.333268,2.333271,2.333274,2.366609
10,0.4812,0.3075,0.0,45,45,45,45,45,45,45,45,45,45,1.899928,1.833266,1.833266,1.899932,1.966597,1.83327,1.899936,1.799943,1.866609,1.766615
12,0.6368,0.2158,0.0,45,45,45,45,45,45,45,45,45,45,45,45,1.699972,1.533309,1.76664,1.466647,1.533314,1.433317,1.433319,1.699984,1.499986,1.599986,1.566654,1.399989
14,0.7389,0.1546,0.0,45,45,45,45,45,45,45,45,45,45,45,45,45,45,1.199545,1.166225,1.466114,1.366154,1.466118,1.266194,1.466121,1.39948,1.299519,1.299519,1.2662,1.366164,1.199559,1.19956
