2,0.0,0.5722,0.0,51,69,13.099963,13.099974
4,0.0,0.5819,0.0793,75,75,75,75,13.633258,13.633265,13.633286,13.633292
6,0.0,0.5722,0.0033,57,69,57,69,57,69,9.96659,9.966595,9.966605,9.966611,9.966628,9.966639
8,0.0,0.577,0.0077,57,57,57,57,57,75,57,75,8.599677,8.599691,8.599703,8.599713,8.599726,8.599735,8.599741,8.599747
10,0.0,0.9162,0.1622,57,75,75,81,75,81,75,81,75,81,11.199814,11.199836,11.199855,11.199866,11.199871,11.199876,11.199882,11.199887,11.199904,11.199916
2,0.0,0.5722,0.0,51,69,13.099928,13.099963
4,0.0,0.5819,0.0793,75,75,75,75,13.599762,13.599768,13.599774,13.59978
6,0.0,0.5819,0.012,57,75,57,75,57,75,9.866407,9.866411,9.866416,9.866428,9.866433,9.866439
8,0.0,0.577,0.0077,57,57,57,57,57,75,57,75,8.566347,8.566357,8.566362,8.566372,8.566381,8.566396,8.566411,8.56642
10,0.0,0.9162,0.1622,57,75,75,81,75,81,75,81,75,81,11.13319,11.133205,11.13321,11.133223,11.133235,11.133247,11.133252,11.133263,11.133275,11.133281
2,0.0,0.5722,0.0,51,69,12.966617,12.966628
4,0.0,0.5819,0.0793,75,75,75,75,13.466603,13.466608,13.466618,13.466631
6,0.0,0.5819,0.012,57,75,57,75,57,75,9.833082,9.833086,9.83309,9.833095,9.833106,9.833111
8,0.0,0.577,0.0077,57,57,57,57,57,75,57,75,8.69968,8.699684,8.699693,8.699696,8.699704,8.699708,8.699719,8.699723
10,0.0,0.9998,0.1863,57,81,75,81,75,81,75,81,75,81,11.166498,11.166521,11.166538,11.166549,11.166563,11.166578,11.166596,11.166608,11.166613,11.166618
2,0.0,0.5722,0.0,51,69,13.166612,13.166629
4,0.0,0.5819,0.0793,75,75,75,75,13.633083,13.666421,13.633103,13.633118
6,0.0,0.5819,0.012,57,75,57,75,57,75,9.866352,9.899694,9.866371,9.866377,9.899714,9.866386
8,0.0,0.577,0.0077,57,57,57,57,57,75,57,75,8.666563,8.666577,8.666592,8.666602,8.666606,8.666617,8.666631,8.666635
10,0.0,0.9162,0.1622,57,75,75,81,75,81,75,81,75,81,11.133054,11.09974,11.133077,11.099759,11.133101,11.099774,11.099779,11.133127,11.133138,11.133144
12,0.0,0.8603,0.1484,57,75,75,75,75,81,75,81,75,81,75,81,10.633138,10.633174,10.633185,10.633211,10.633224,10.633231,10.633243,10.633251,10.633262,10.633269,10.633276,10.633283
14,0.0,0.9975,0.1503,57,81,69,81,69,81,69,81,69,81,69,81,69,81,9.166432,9.166459,9.166469,9.166479,9.166485,9.1665,9.166506,9.166511,9.166518,9.166525,9.166535,9.166541,9.166552,9.166568
2,0.0,0.5722,0.0,51,69,13.099955,13.099965
4,0.0,0.5722,0.0033,57,69,57,69,11.299858,11.299863,11.299876,11.299887
6,0.0,0.5819,0.012,57,75,57,75,57,75,9.833228,9.833246,9.833255,9.833261,9.833275,9.83329
8,0.0,0.5795,0.0098,57,57,57,75,57,75,57,75,8.599907,8.599911,8.599915,8.59992,8.566591,8.599928,8.599943,8.599966
10,0.0,0.9161,0.1622,57,75,75,81,75,81,75,81,75,81,11.066528,11.066552,11.066557,11.066568,11.066573,11.066586,11.066604,11.066608,11.066614,11.066626
12,0.0,0.8602,0.1484,57,75,75,75,75,81,75,81,75,81,75,81,10.566487,10.566507,10.566522,10.566541,10.566554,10.566565,10.566572,10.566584,10.566591,10.566597,10.566604,10.566611
14,0.0,0.9975,0.1503,57,81,69,81,69,81,69,81,69,81,69,81,69,81,9.232799,9.232807,9.232811,9.232815,9.232819,9.232829,9.232834,9.232838,9.232842,9.232846,9.232851,9.232855,9.23286,9.232864
2,0.0,0.5722,0.0,51,69,13.099933,13.099966
4,0.0,0.5819,0.0793,75,75,75,75,13.666387,13.66641,13.666423,13.666447
6,0.0,0.5819,0.0568,57,75,75,75,75,75,9.999899,9.999905,9.999916,9.999928,9.999947,9.999964
8,0.0,0.577,0.0077,57,57,57,57,57,75,57,75,8.733226,8.733239,8.73325,8.73326,8.733279,8.733285,8.733292,8.733298
10,0.0,0.9162,0.1622,57,75,75,81,75,81,75,81,75,81,11.233087,11.233102,11.233108,11.233112,11.233117,11.233122,11.233142,11.233152,11.233158,11.233162
12,0.0,0.8603,0.1484,57,75,75,75,75,81,75,81,75,81,75,81,10.799836,10.799873,10.799879,10.799884,10.799889,10.7999,10.799904,10.79991,10.799914,10.799919,10.799933,10.799943
14,0.0,0.9975,0.1503,57,81,69,81,69,81,69,81,69,81,69,81,69,81,9.233123,9.233159,9.23317,9.233175,9.233179,9.233183,9.233188,9.233197,9.233202,9.233206,9.233211,9.233215,9.233224,9.233229
2,0.0,0.5722,0.0,51,69,13.066609,13.066637
4,0.0,0.5722,0.0033,57,69,57,69,11.36657,11.366581,11.366594,11.366614
6,0.0,0.5819,0.012,57,75,57,75,57,75,9.833232,9.833243,9.83326,9.833276,9.833281,9.833285
8,0.0,0.577,0.0077,57,57,57,57,57,75,57,75,8.599694,8.599703,8.599717,8.599732,8.599739,8.599753,8.599764,8.599773
10,0.0,0.9161,0.1622,57,75,75,81,75,81,75,81,75,81,11.032826,10.999512,10.999534,11.032871,10.999552,10.999564,10.99957,10.999581,10.999594,10.999605
12,0.0,0.9299,0.1685,57,75,75,81,75,81,75,81,75,81,75,81,10.765796,10.765824,10.765829,10.765846,10.765858,10.765865,10.765873,10.765897,10.765912,10.765927,10.76594,10.765952
14,0.0,0.9971,0.1503,57,81,69,81,69,81,69,81,69,81,69,81,69,81,9.166129,9.132807,9.132811,9.132823,9.132837,9.132842,9.132851,9.132856,9.166192,9.166197,9.132875,9.166211,9.132889,9.166225
