3,0.0578,0.1977,0.0,39,33,69,9,9,7
6,0.0486,0.2087,0.0,39,33,69,39,45,69,9,9,7,9,9,7
9,0.0548,0.208,0.0037,45,33,69,57,33,69,57,33,69,9,9,7,9,9,7,9,9,7
12,0.2525,0.4885,0.3874,57,75,81,81,75,81,81,81,81,81,81,81,6,5,9,14,5,9,14,16,9,14,16,9
15,0.2187,0.546,0.4646,57,75,81,81,81,81,81,81,81,81,81,81,81,81,81,6,6,9,14,16,9,14,16,9,14,16,9,14,16,9
18,0.2381,0.5555,0.4782,57,75,81,81,81,81,81,81,81,81,81,81,81,81,81,81,81,81,6,4,9,14,16,9,14,16,9,14,16,9,14,16,9,14,16,9
21,0.2201,0.5879,0.5203,57,81,81,81,81,81,81,81,81,81,81,81,81,81,81,81,81,81,81,81,81,6,16,9,14,16,9,14,16,9,14,16,9,14,16,9,14,16,9,14,16,9
24,0.2171,0.6027,0.5462,81,81,81,81,81,81,81,81,81,81,81,81,81,81,81,81,81,81,81,81,81,81,81,81,14,16,9,14,16,9,14,16,9,14,16,9,14,16,9,14,16,9,14,16,9,14,16,9
27,0.2171,0.6027,0.5462,81,81,81,81,81,81,81,81,81,81,81,81,81,81,81,81,81,81,81,81,81,81,81,81,81,81,81,14,16,9,14,16,9,14,16,9,14,16,9,14,16,9,14,16,9,14,16,9,14,16,9,14,16,9
30,0.2171,0.6027,0.5462,81,81,81,81,81,81,81,81,81,81,81,81,81,81,81,81,81,81,81,81,81,81,81,81,81,81,81,81,81,81,14,16,9,14,16,9,14,16,9,14,16,9,14,16,9,14,16,9,14,16,9,14,16,9,14,16,9,14,16,9
