3,0.1198,0.634,0.5462,81,81,81,17.566537,17.566558,17.566598
6,0.1228,0.6332,0.5462,81,81,81,81,81,81,17.399693,17.399712,17.399733,17.399812,17.399881,17.39991
9,0.1264,0.6323,0.5462,81,81,81,81,81,81,81,81,81,17.199831,17.199847,17.199854,17.199861,17.199871,17.199886,17.1999,17.199915,17.199934
12,0.1312,0.6311,0.5462,81,81,81,81,81,81,81,81,81,81,81,81,16.933048,16.933054,16.933061,16.93307,16.93308,16.93312,16.93314,16.93317,16.933204,16.933237,16.933249,16.93326
15,0.1376,0.6296,0.5462,81,81,81,81,81,81,81,81,81,81,81,81,81,81,81,16.599702,16.599719,16.599744,16.599763,16.599788,16.599796,16.599804,16.599826,16.599841,16.599849,16.599857,16.599867,16.599877,16.599892,16.599902
18,0.147,0.6275,0.5462,81,81,81,81,81,81,81,81,81,81,81,81,81,81,81,81,81,81,16.1663,16.166325,16.166343,16.166365,16.166392,16.166401,16.166417,16.166443,16.166451,16.166459,16.166467,16.166476,16.166485,16.166511,16.166525,16.166535,16.166545,16.166563
21,0.152,0.6262,0.5462,81,81,81,81,81,81,81,81,81,81,81,81,81,81,81,81,81,81,81,81,81,15.932961,15.932966,15.932973,15.93298,15.932987,15.89966,15.933,15.933007,15.933014,15.899689,15.933028,15.933035,15.899709,15.933048,15.933059,15.933067,15.933075,15.933088,15.899766,15.933109,15.933119
24,0.1554,0.6255,0.5462,81,81,81,81,81,81,81,81,81,81,81,81,81,81,81,81,81,81,81,81,81,81,81,81,15.766352,15.76636,15.766375,15.76639,15.766397,15.766403,15.766411,15.766426,15.766433,15.76644,15.766455,15.766461,15.766469,15.766475,15.766483,15.76649,15.766505,15.766511,15.766518,15.766525,15.766532,15.766539,15.766554,15.766561
27,0.1589,0.6246,0.5462,81,81,81,81,81,81,81,81,81,81,81,81,81,81,81,81,81,81,81,81,81,81,81,81,81,81,81,15.599693,15.599699,15.599712,15.59972,15.599723,15.599729,15.599735,15.599742,15.599748,15.599756,15.599762,15.599769,15.599775,15.599782,15.599795,15.599803,15.59981,15.599817,15.599823,15.59983,15.599837,15.599843,15.59985,15.599856,15.599864,15.59987,15.599877
30,0.1669,0.623,0.5462,81,81,81,81,81,81,81,81,81,81,81,81,81,81,81,81,81,81,81,81,81,81,81,81,81,81,81,81,81,81,15.299529,15.299537,15.299548,15.299557,15.299567,15.299577,15.299588,15.266272,15.299615,15.299625,15.266316,15.299658,15.266344,15.266353,15.26637,15.26638,15.266391,15.266401,15.266418,15.266429,15.266439,15.266448,15.266459,15.266469,15.26648,15.266484,15.266494,15.266504,15.266513,15.266524
3,0.1294,0.6316,0.5462,81,81,81,17.033273,17.033282,17.033292
6,0.1252,0.6326,0.5462,81,81,81,81,81,81,17.266552,17.26656,17.266567,17.266576,17.266584,17.266592
9,0.1354,0.6301,0.5462,81,81,81,81,81,81,81,81,81,16.699827,16.699836,16.699844,16.699851,16.699859,16.699868,16.699875,16.699885,16.699895
12,0.1323,0.6308,0.5462,81,81,81,81,81,81,81,81,81,81,81,81,16.866489,16.866497,16.866508,16.866518,16.866527,16.866536,16.866546,16.866555,16.866566,16.866575,16.866585,16.866594
15,0.1427,0.6284,0.5462,81,81,81,81,81,81,81,81,81,81,81,81,81,81,81,16.366396,16.366406,16.366413,16.366421,16.366432,16.366444,16.366457,16.366469,16.366481,16.366493,16.366506,16.366517,16.36653,16.366543,16.366555
18,0.1455,0.6278,0.5462,81,81,81,81,81,81,81,81,81,81,81,81,81,81,81,81,81,81,16.233036,16.233045,16.233056,16.233068,16.233081,16.233093,16.233106,16.233117,16.233129,16.23314,16.233153,16.233165,16.233176,16.233182,16.233191,16.233202,16.233213,16.233225
21,0.1526,0.6261,0.5462,81,81,81,81,81,81,81,81,81,81,81,81,81,81,81,81,81,81,81,81,81,15.899684,15.899697,15.899709,15.89972,15.899731,15.899742,15.899754,15.899766,15.899778,15.899789,15.899801,15.899812,15.899824,15.899833,15.899844,15.899857,15.899868,15.89988,15.899891,15.899904,15.899914
24,0.1609,0.6241,0.5462,81,81,81,81,81,81,81,81,81,81,81,81,81,81,81,81,81,81,81,81,81,81,81,81,15.49958,15.49959,15.499602,15.499613,15.499624,15.499636,15.499647,15.49966,15.49967,15.499682,15.499693,15.499704,15.499715,15.499723,15.499735,15.499746,15.499757,15.499769,15.49978,15.499791,15.499802,15.499813,15.499824,15.499838
27,0.1653,0.6232,0.5462,81,81,81,81,81,81,81,81,81,81,81,81,81,81,81,81,81,81,81,81,81,81,81,81,81,81,81,15.332919,15.33293,15.332941,15.332952,15.332962,15.332973,15.332984,15.332995,15.333007,15.333017,15.333028,15.333039,15.333052,15.333059,15.333072,15.333082,15.333093,15.333104,15.333114,15.333133,15.333145,15.333156,15.333169,15.333179,15.33319,15.3332,15.33321
30,0.1671,0.6229,0.5462,81,81,81,81,81,81,81,81,81,81,81,81,81,81,81,81,81,81,81,81,81,81,81,81,81,81,81,81,81,81,15.266166,15.266189,15.2662,15.26621,15.266213,15.266224,15.266236,15.266246,15.266257,15.266273,15.266283,15.266308,15.26632,15.266337,15.266348,15.266358,15.266368,15.266379,15.266389,15.266401,15.266419,15.266436,15.266447,15.266458,15.266468,15.266479,15.266489,15.2665,15.26651,15.266521
30,0.1698,0.6223,0.5462,81,81,81,81,81,81,81,81,81,81,81,81,81,81,81,81,81,81,81,81,81,81,81,81,81,81,81,81,81,81,15.166185,15.166192,15.166201,15.166209,15.166216,15.166224,15.166232,15.16624,15.166249,15.166256,15.166263,15.166272,15.166279,15.166287,15.166295,15.166305,15.166313,15.166328,15.166336,15.166344,15.166352,15.166359,15.166366,15.166374,15.166383,15.166391,15.166399,15.166407,15.166415,15.16643
30,0.1706,0.6221,0.5462,81,81,81,81,81,81,81,81,81,81,81,81,81,81,81,81,81,81,81,81,81,81,81,81,81,81,81,81,81,81,15.13296,15.132968,15.132977,15.132985,15.132989,15.132997,15.133005,15.133013,15.133022,15.133029,15.133037,15.133045,15.133053,15.13306,15.133067,15.133077,15.133085,15.133093,15.133101,15.133109,15.133118,15.133128,15.133136,15.133144,15.133152,15.133159,15.133166,15.133175,15.133183,15.133192
