1,0.0,0.1948,0.0,69,15
2,0.0,0.2124,0.0,69,57,15,15
3,0.0,0.2184,0.0116,57,75,75,15,15,15
4,0.0,0.2338,0.013,57,75,75,75,15,15,15,15
5,0.0188,0.4427,0.155,57,81,81,81,69,15,15,15,15,15
6,0.0198,0.4575,0.1723,57,81,81,81,69,81,15,15,15,15,15,15
7,0.0211,0.4811,0.1846,57,81,69,81,81,81,81,15,15,15,15,15,15,15
8,0.0234,0.4972,0.196,57,81,81,75,81,81,81,81,15,15,15,15,15,15,15,15
9,0.0217,0.5111,0.2029,57,81,81,81,81,81,81,75,81,15,15,15,15,15,15,15,15,15
10,0.0227,0.5198,0.2085,57,81,81,81,81,81,75,81,81,81,15,15,15,15,15,15,15,15,15,15
11,0.0244,0.5233,0.213,57,75,81,81,81,81,81,81,81,81,81,15,15,15,15,15,15,15,15,15,15,15
12,0.0243,0.5282,0.2168,57,81,81,81,81,81,81,81,81,81,75,81,15,15,15,15,15,15,15,15,15,15,15,15
13,0.0242,0.535,0.22,57,81,81,81,81,81,81,81,81,81,81,81,75,15,15,15,15,15,15,15,15,15,15,15,15,15
14,0.0274,0.5407,0.2227,57,81,81,81,81,81,75,81,81,81,81,81,81,81,15,15,15,15,15,15,15,15,15,15,15,15,15,15
15,0.0249,0.5449,0.2251,57,81,81,81,81,81,81,81,81,81,81,81,75,81,81,15,15,15,15,15,15,15,15,15,15,15,15,15,15,15
16,0.0246,0.5433,0.2272,57,81,81,81,81,81,81,81,75,81,81,81,81,81,81,81,15,15,15,15,15,15,15,15,15,15,15,15,15,15,15,15
17,0.0246,0.5501,0.229,57,81,81,81,81,81,75,81,81,81,81,81,81,81,81,81,81,15,15,15,15,15,15,15,15,15,15,15,15,15,15,15,15,15
18,0.0273,0.5513,0.2307,57,81,81,81,81,81,81,81,81,81,81,81,81,75,81,81,81,81,15,15,15,15,15,15,15,15,15,15,15,15,15,15,15,15,15,15
19,0.0253,0.5529,0.2321,57,81,81,81,75,81,81,81,81,81,81,81,81,81,81,81,81,81,81,15,15,15,15,15,15,15,15,15,15,15,15,15,15,15,15,15,15,15
20,0.027,0.5716,0.2455,57,81,81,81,81,81,81,81,81,81,81,81,81,81,81,81,81,81,81,81,15,15,15,15,15,15,15,15,15,15,15,15,15,15,15,15,15,15,15,15
21,0.0283,0.5699,0.2461,57,81,81,81,81,81,81,81,81,81,81,81,81,81,81,81,81,81,81,81,81,15,15,15,15,15,15,15,15,15,15,15,15,15,15,15,15,15,15,15,15,15
