4,0.0711,0.2108,0.0,45,39,33,57,7,8,8,6
4,0.0711,0.2108,0.0,45,39,33,57,7,8,8,6
4,0.0711,0.2108,0.0,45,39,33,57,7,8,8,6
4,0.0711,0.2108,0.0,45,39,33,57,7,8,8,6
4,0.0711,0.2108,0.0,45,39,33,57,7,8,8,6
8,0.0721,0.2121,0.0004,45,39,33,69,45,45,33,69,7,8,8,6,7,8,8,6
4,0.0711,0.2108,0.0,45,39,33,57,7,8,8,6
8,0.0721,0.2121,0.0004,45,39,33,69,45,45,33,69,7,8,8,6,7,8,8,6
4,0.0711,0.2108,0.0,45,39,33,57,7,8,8,6
8,0.0721,0.2121,0.0004,45,39,33,69,45,45,33,69,7,8,8,6,7,8,8,6
4,0.0711,0.2108,0.0,45,39,33,57,7,8,8,6
8,0.0721,0.2121,0.0004,45,39,33,69,45,45,33,69,7,8,8,6,7,8,8,6
4,0.0711,0.2108,0.0,45,39,33,57,7,8,8,6
8,0.0721,0.2121,0.0004,45,39,33,69,45,45,33,69,7,8,8,6,7,8,8,6
12,0.0669,0.2179,0.0,45,33,33,69,45,39,33,69,45,39,33,69,7,8,8,6,7,8,8,6,7,8,8,6
4,0.0711,0.2108,0.0,45,39,33,57,7,8,8,6
8,0.0721,0.2121,0.0004,45,39,33,69,45,45,33,69,7,8,8,6,7,8,8,6
12,0.0669,0.2179,0.0,45,33,33,69,45,39,33,69,45,39,33,69,7,8,8,6,7,8,8,6,7,8,8,6
4,0.0711,0.2108,0.0,45,39,33,57,7,8,8,6
8,0.0721,0.2121,0.0004,45,39,33,69,45,45,33,69,7,8,8,6,7,8,8,6
12,0.0669,0.2179,0.0,45,33,33,69,45,39,33,69,45,39,33,69,7,8,8,6,7,8,8,6,7,8,8,6
4,0.0711,0.2108,0.0,45,39,33,57,7,8,8,6
8,0.0721,0.2121,0.0004,45,39,33,69,45,45,33,69,7,8,8,6,7,8,8,6
12,0.0669,0.2179,0.0,45,33,33,69,45,39,33,69,45,39,33,69,7,8,8,6,7,8,8,6,7,8,8,6
4,0.0711,0.2108,0.0,45,39,33,57,7,8,8,6
8,0.0721,0.2121,0.0004,45,39,33,69,45,45,33,69,7,8,8,6,7,8,8,6
12,0.0669,0.2179,0.0,45,33,33,69,45,39,33,69,45,39,33,69,7,8,8,6,7,8,8,6,7,8,8,6
16,0.0783,0.2256,0.0252,57,75,57,69,57,75,57,69,57,75,57,69,57,75,57,69,7,8,8,6,7,8,8,6,7,8,8,6,7,8,8,6
4,0.0711,0.2108,0.0,45,39,33,57,7,8,8,6
8,0.0721,0.2121,0.0004,45,39,33,69,45,45,33,69,7,8,8,6,7,8,8,6
12,0.0669,0.2179,0.0,45,33,33,69,45,39,33,69,45,39,33,69,7,8,8,6,7,8,8,6,7,8,8,6
16,0.0783,0.2256,0.0252,57,75,57,69,57,75,57,69,57,75,57,69,57,75,57,69,7,8,8,6,7,8,8,6,7,8,8,6,7,8,8,6
4,0.0711,0.2108,0.0,45,39,33,57,7,8,8,6
8,0.0721,0.2121,0.0004,45,39,33,69,45,45,33,69,7,8,8,6,7,8,8,6
12,0.0669,0.2179,0.0,45,33,33,69,45,39,33,69,45,39,33,69,7,8,8,6,7,8,8,6,7,8,8,6
16,0.0783,0.2256,0.0252,57,75,57,69,57,75,57,69,57,75,57,69,57,75,57,69,7,8,8,6,7,8,8,6,7,8,8,6,7,8,8,6
4,0.0711,0.2108,0.0,45,39,33,57,7,8,8,6
8,0.0721,0.2121,0.0004,45,39,33,69,45,45,33,69,7,8,8,6,7,8,8,6
12,0.0669,0.2179,0.0,45,33,33,69,45,39,33,69,45,39,33,69,7,8,8,6,7,8,8,6,7,8,8,6
16,0.0783,0.2256,0.0252,57,75,57,69,57,75,57,69,57,75,57,69,57,75,57,69,7,8,8,6,7,8,8,6,7,8,8,6,7,8,8,6
4,0.0711,0.2108,0.0,45,39,33,57,7,8,8,6
8,0.0721,0.2121,0.0004,45,39,33,69,45,45,33,69,7,8,8,6,7,8,8,6
12,0.0669,0.2179,0.0,45,33,33,69,45,39,33,69,45,39,33,69,7,8,8,6,7,8,8,6,7,8,8,6
16,0.0783,0.2256,0.0252,57,75,57,69,57,75,57,69,57,75,57,69,57,75,57,69,7,8,8,6,7,8,8,6,7,8,8,6,7,8,8,6
20,0.1196,0.2029,0.0273,57,75,57,69,57,75,57,69,57,75,75,69,57,75,75,69,57,75,75,69,6,7,8,6,6,6,7,6,6,6,8,6,6,6,8,6,6,6,8,6
4,0.0711,0.2108,0.0,45,39,33,57,7,8,8,6
8,0.0721,0.2121,0.0004,45,39,33,69,45,45,33,69,7,8,8,6,7,8,8,6
12,0.0669,0.2179,0.0,45,33,33,69,45,39,33,69,45,39,33,69,7,8,8,6,7,8,8,6,7,8,8,6
16,0.0783,0.2256,0.0252,57,75,57,69,57,75,57,69,57,75,57,69,57,75,57,69,7,8,8,6,7,8,8,6,7,8,8,6,7,8,8,6
20,0.1196,0.2029,0.0273,57,75,57,69,57,75,57,69,57,75,75,69,57,75,75,69,57,75,75,69,6,7,8,6,6,6,7,6,6,6,8,6,6,6,8,6,6,6,8,6
4,0.0711,0.2108,0.0,45,39,33,57,7,8,8,6
8,0.0721,0.2121,0.0004,45,39,33,69,45,45,33,69,7,8,8,6,7,8,8,6
12,0.0669,0.2179,0.0,45,33,33,69,45,39,33,69,45,39,33,69,7,8,8,6,7,8,8,6,7,8,8,6
16,0.0783,0.2256,0.0252,57,75,57,69,57,75,57,69,57,75,57,69,57,75,57,69,7,8,8,6,7,8,8,6,7,8,8,6,7,8,8,6
20,0.1196,0.2029,0.0273,57,75,57,69,57,75,57,69,57,75,75,69,57,75,75,69,57,75,75,69,6,7,8,6,6,6,7,6,6,6,8,6,6,6,8,6,6,6,8,6
4,0.0711,0.2108,0.0,45,39,33,57,7,8,8,6
8,0.0721,0.2121,0.0004,45,39,33,69,45,45,33,69,7,8,8,6,7,8,8,6
12,0.0669,0.2179,0.0,45,33,33,69,45,39,33,69,45,39,33,69,7,8,8,6,7,8,8,6,7,8,8,6
16,0.0783,0.2256,0.0252,57,75,57,69,57,75,57,69,57,75,57,69,57,75,57,69,7,8,8,6,7,8,8,6,7,8,8,6,7,8,8,6
20,0.1196,0.2029,0.0273,57,75,57,69,57,75,57,69,57,75,75,69,57,75,75,69,57,75,75,69,6,7,8,6,6,6,7,6,6,6,8,6,6,6,8,6,6,6,8,6
4,0.0711,0.2108,0.0,45,39,33,57,7,8,8,6
8,0.0721,0.2121,0.0004,45,39,33,69,45,45,33,69,7,8,8,6,7,8,8,6
12,0.0669,0.2179,0.0,45,33,33,69,45,39,33,69,45,39,33,69,7,8,8,6,7,8,8,6,7,8,8,6
16,0.0783,0.2256,0.0252,57,75,57,69,57,75,57,69,57,75,57,69,57,75,57,69,7,8,8,6,7,8,8,6,7,8,8,6,7,8,8,6
20,0.1196,0.2029,0.0273,57,75,57,69,57,75,57,69,57,75,75,69,57,75,75,69,57,75,75,69,6,7,8,6,6,6,7,6,6,6,8,6,6,6,8,6,6,6,8,6
24,0.1572,0.2251,0.0511,57,75,75,69,57,75,75,69,75,75,75,69,75,75,75,69,75,75,75,69,75,75,75,69,5,6,8,6,6,5,8,6,8,5,8,6,8,5,8,6,8,5,8,6,8,5,8,6
4,0.0711,0.2108,0.0,45,39,33,57,7,8,8,6
8,0.0721,0.2121,0.0004,45,39,33,69,45,45,33,69,7,8,8,6,7,8,8,6
12,0.0669,0.2179,0.0,45,33,33,69,45,39,33,69,45,39,33,69,7,8,8,6,7,8,8,6,7,8,8,6
16,0.0783,0.2256,0.0252,57,75,57,69,57,75,57,69,57,75,57,69,57,75,57,69,7,8,8,6,7,8,8,6,7,8,8,6,7,8,8,6
20,0.1196,0.2029,0.0273,57,75,57,69,57,75,57,69,57,75,75,69,57,75,75,69,57,75,75,69,6,7,8,6,6,6,7,6,6,6,8,6,6,6,8,6,6,6,8,6
24,0.1572,0.2251,0.0511,57,75,75,69,57,75,75,69,75,75,75,69,75,75,75,69,75,75,75,69,75,75,75,69,5,6,8,6,6,5,8,6,8,5,8,6,8,5,8,6,8,5,8,6,8,5,8,6
4,0.0711,0.2108,0.0,45,39,33,57,7,8,8,6
8,0.0721,0.2121,0.0004,45,39,33,69,45,45,33,69,7,8,8,6,7,8,8,6
12,0.0669,0.2179,0.0,45,33,33,69,45,39,33,69,45,39,33,69,7,8,8,6,7,8,8,6,7,8,8,6
16,0.0783,0.2256,0.0252,57,75,57,69,57,75,57,69,57,75,57,69,57,75,57,69,7,8,8,6,7,8,8,6,7,8,8,6,7,8,8,6
20,0.1196,0.2029,0.0273,57,75,57,69,57,75,57,69,57,75,75,69,57,75,75,69,57,75,75,69,6,7,8,6,6,6,7,6,6,6,8,6,6,6,8,6,6,6,8,6
24,0.1572,0.2251,0.0511,57,75,75,69,57,75,75,69,75,75,75,69,75,75,75,69,75,75,75,69,75,75,75,69,5,6,8,6,6,5,8,6,8,5,8,6,8,5,8,6,8,5,8,6,8,5,8,6
4,0.0711,0.2108,0.0,45,39,33,57,7,8,8,6
8,0.0721,0.2121,0.0004,45,39,33,69,45,45,33,69,7,8,8,6,7,8,8,6
12,0.0669,0.2179,0.0,45,33,33,69,45,39,33,69,45,39,33,69,7,8,8,6,7,8,8,6,7,8,8,6
16,0.0783,0.2256,0.0252,57,75,57,69,57,75,57,69,57,75,57,69,57,75,57,69,7,8,8,6,7,8,8,6,7,8,8,6,7,8,8,6
20,0.1196,0.2029,0.0273,57,75,57,69,57,75,57,69,57,75,75,69,57,75,75,69,57,75,75,69,6,7,8,6,6,6,7,6,6,6,8,6,6,6,8,6,6,6,8,6
24,0.1572,0.2251,0.0511,57,75,75,69,57,75,75,69,75,75,75,69,75,75,75,69,75,75,75,69,75,75,75,69,5,6,8,6,6,5,8,6,8,5,8,6,8,5,8,6,8,5,8,6,8,5,8,6
4,0.0711,0.2108,0.0,45,39,33,57,7,8,8,6
8,0.0721,0.2121,0.0004,45,39,33,69,45,45,33,69,7,8,8,6,7,8,8,6
12,0.0669,0.2179,0.0,45,33,33,69,45,39,33,69,45,39,33,69,7,8,8,6,7,8,8,6,7,8,8,6
16,0.0783,0.2256,0.0252,57,75,57,69,57,75,57,69,57,75,57,69,57,75,57,69,7,8,8,6,7,8,8,6,7,8,8,6,7,8,8,6
20,0.1196,0.2029,0.0273,57,75,57,69,57,75,57,69,57,75,75,69,57,75,75,69,57,75,75,69,6,7,8,6,6,6,7,6,6,6,8,6,6,6,8,6,6,6,8,6
24,0.1572,0.2251,0.0511,57,75,75,69,57,75,75,69,75,75,75,69,75,75,75,69,75,75,75,69,75,75,75,69,5,6,8,6,6,5,8,6,8,5,8,6,8,5,8,6,8,5,8,6,8,5,8,6
28,0.1528,0.2408,0.0558,57,75,75,69,57,75,75,69,75,75,75,75,75,75,75,75,75,75,75,75,75,75,75,75,75,75,75,75,5,6,8,6,5,5,8,6,8,5,8,6,8,5,8,6,8,5,8,6,8,5,8,6,8,5,8,6
4,0.0711,0.2108,0.0,45,39,33,57,7,8,8,6
8,0.0721,0.2121,0.0004,45,39,33,69,45,45,33,69,7,8,8,6,7,8,8,6
12,0.0669,0.2179,0.0,45,33,33,69,45,39,33,69,45,39,33,69,7,8,8,6,7,8,8,6,7,8,8,6
16,0.0783,0.2256,0.0252,57,75,57,69,57,75,57,69,57,75,57,69,57,75,57,69,7,8,8,6,7,8,8,6,7,8,8,6,7,8,8,6
20,0.1196,0.2029,0.0273,57,75,57,69,57,75,57,69,57,75,75,69,57,75,75,69,57,75,75,69,6,7,8,6,6,6,7,6,6,6,8,6,6,6,8,6,6,6,8,6
24,0.1572,0.2251,0.0511,57,75,75,69,57,75,75,69,75,75,75,69,75,75,75,69,75,75,75,69,75,75,75,69,5,6,8,6,6,5,8,6,8,5,8,6,8,5,8,6,8,5,8,6,8,5,8,6
28,0.1528,0.2408,0.0558,57,75,75,69,57,75,75,69,75,75,75,75,75,75,75,75,75,75,75,75,75,75,75,75,75,75,75,75,5,6,8,6,5,5,8,6,8,5,8,6,8,5,8,6,8,5,8,6,8,5,8,6,8,5,8,6
4,0.0711,0.2108,0.0,45,39,33,57,7,8,8,6
8,0.0721,0.2121,0.0004,45,39,33,69,45,45,33,69,7,8,8,6,7,8,8,6
12,0.0669,0.2179,0.0,45,33,33,69,45,39,33,69,45,39,33,69,7,8,8,6,7,8,8,6,7,8,8,6
16,0.0783,0.2256,0.0252,57,75,57,69,57,75,57,69,57,75,57,69,57,75,57,69,7,8,8,6,7,8,8,6,7,8,8,6,7,8,8,6
20,0.1196,0.2029,0.0273,57,75,57,69,57,75,57,69,57,75,75,69,57,75,75,69,57,75,75,69,6,7,8,6,6,6,7,6,6,6,8,6,6,6,8,6,6,6,8,6
24,0.1572,0.2251,0.0511,57,75,75,69,57,75,75,69,75,75,75,69,75,75,75,69,75,75,75,69,75,75,75,69,5,6,8,6,6,5,8,6,8,5,8,6,8,5,8,6,8,5,8,6,8,5,8,6
28,0.1528,0.2408,0.0558,57,75,75,69,57,75,75,69,75,75,75,75,75,75,75,75,75,75,75,75,75,75,75,75,75,75,75,75,5,6,8,6,5,5,8,6,8,5,8,6,8,5,8,6,8,5,8,6,8,5,8,6,8,5,8,6
4,0.0711,0.2108,0.0,45,39,33,57,7,8,8,6
8,0.0721,0.2121,0.0004,45,39,33,69,45,45,33,69,7,8,8,6,7,8,8,6
12,0.0669,0.2179,0.0,45,33,33,69,45,39,33,69,45,39,33,69,7,8,8,6,7,8,8,6,7,8,8,6
16,0.0783,0.2256,0.0252,57,75,57,69,57,75,57,69,57,75,57,69,57,75,57,69,7,8,8,6,7,8,8,6,7,8,8,6,7,8,8,6
20,0.1196,0.2029,0.0273,57,75,57,69,57,75,57,69,57,75,75,69,57,75,75,69,57,75,75,69,6,7,8,6,6,6,7,6,6,6,8,6,6,6,8,6,6,6,8,6
24,0.1572,0.2251,0.0511,57,75,75,69,57,75,75,69,75,75,75,69,75,75,75,69,75,75,75,69,75,75,75,69,5,6,8,6,6,5,8,6,8,5,8,6,8,5,8,6,8,5,8,6,8,5,8,6
28,0.1528,0.2408,0.0558,57,75,75,69,57,75,75,69,75,75,75,75,75,75,75,75,75,75,75,75,75,75,75,75,75,75,75,75,5,6,8,6,5,5,8,6,8,5,8,6,8,5,8,6,8,5,8,6,8,5,8,6,8,5,8,6
4,0.0711,0.2108,0.0,45,39,33,57,7,8,8,6
8,0.0721,0.2121,0.0004,45,39,33,69,45,45,33,69,7,8,8,6,7,8,8,6
12,0.0669,0.2179,0.0,45,33,33,69,45,39,33,69,45,39,33,69,7,8,8,6,7,8,8,6,7,8,8,6
16,0.0783,0.2256,0.0252,57,75,57,69,57,75,57,69,57,75,57,69,57,75,57,69,7,8,8,6,7,8,8,6,7,8,8,6,7,8,8,6
20,0.1196,0.2029,0.0273,57,75,57,69,57,75,57,69,57,75,75,69,57,75,75,69,57,75,75,69,6,7,8,6,6,6,7,6,6,6,8,6,6,6,8,6,6,6,8,6
24,0.1572,0.2251,0.0511,57,75,75,69,57,75,75,69,75,75,75,69,75,75,75,69,75,75,75,69,75,75,75,69,5,6,8,6,6,5,8,6,8,5,8,6,8,5,8,6,8,5,8,6,8,5,8,6
28,0.1528,0.2408,0.0558,57,75,75,69,57,75,75,69,75,75,75,75,75,75,75,75,75,75,75,75,75,75,75,75,75,75,75,75,5,6,8,6,5,5,8,6,8,5,8,6,8,5,8,6,8,5,8,6,8,5,8,6,8,5,8,6
32,0.3618,0.4152,0.2892,57,81,75,81,75,81,75,81,75,81,75,81,75,81,75,81,75,81,75,81,75,81,75,81,75,81,81,81,75,81,81,81,3,12,4,8,4,12,4,8,4,12,4,8,4,12,4,8,4,12,4,8,4,12,4,8,4,12,15,8,4,12,15,8
