4,0.0711,0.2108,0.0,39,33,33,69,8,7,8,6
8,0.0628,0.22,0.0004,45,33,33,69,39,45,33,69,8,7,8,6,8,7,8,6
12,0.0689,0.2295,0.0187,75,51,51,69,63,51,57,69,57,51,57,69,8,7,8,6,8,7,8,6,8,7,8,6
4,0.0711,0.2108,0.0,39,33,33,69,8,7,8,6
8,0.0628,0.22,0.0004,45,33,33,69,39,45,33,69,8,7,8,6,8,7,8,6
12,0.0689,0.2295,0.0187,75,51,51,69,63,51,57,69,57,51,57,69,8,7,8,6,8,7,8,6,8,7,8,6
16,0.0798,0.2262,0.0252,75,57,57,69,75,57,57,69,75,57,57,69,75,57,57,69,8,7,8,6,8,7,8,6,8,7,8,6,8,7,8,6
20,0.1203,0.2031,0.0273,75,57,57,69,75,57,57,69,75,57,75,69,75,57,75,69,75,57,75,69,7,6,8,6,6,6,7,6,6,6,8,6,6,6,8,6,6,6,8,6
24,0.1546,0.2277,0.0511,75,57,75,69,75,57,75,69,75,75,75,69,75,75,75,69,75,75,75,69,75,75,75,69,6,5,8,6,5,6,8,6,5,8,8,6,5,8,8,6,5,8,8,6,5,8,8,6
28,0.3556,0.414,0.2799,57,75,75,81,81,75,75,81,81,75,75,81,81,75,75,81,81,75,75,81,81,75,81,81,81,75,81,81,5,4,4,8,12,4,4,8,12,4,4,8,12,4,4,8,12,4,4,8,12,4,15,8,12,4,15,8
32,0.3285,0.4474,0.3386,57,75,75,81,81,75,75,81,81,75,75,81,81,75,81,81,81,75,81,81,81,75,81,81,81,75,81,81,81,75,81,81,5,4,4,8,12,4,4,8,12,4,4,8,12,4,15,8,12,4,15,8,12,4,15,8,12,4,15,8,12,4,15,8
