4,0.1118,0.649,0.588,81,81,81,81,17.566381,17.566417,17.566519,17.56656
8,0.1275,0.646,0.588,81,81,81,81,81,81,81,81,16.799811,16.799827,16.799847,16.799875,16.799905,16.799912,16.799921,16.79993
12,0.1288,0.6457,0.588,81,81,81,81,81,81,81,81,81,81,81,81,16.732984,16.733003,16.733019,16.733027,16.733032,16.733041,16.733048,16.733071,16.733082,16.733106,16.733136,16.733197
16,0.1356,0.6446,0.588,81,81,81,81,81,81,81,81,81,81,81,81,81,81,81,81,16.466295,16.46632,16.466335,16.466352,16.466356,16.466383,16.466401,16.466417,16.466432,16.466439,16.46645,16.46648,16.46649,16.466504,16.466537,16.466555
20,0.1472,0.6426,0.588,81,81,81,81,81,81,81,81,81,81,81,81,81,81,81,81,81,81,81,81,15.999621,15.999631,15.999643,15.999661,15.999668,15.999679,15.999692,15.999703,15.999714,15.999725,15.999737,15.999747,15.999759,15.999769,15.999782,15.999793,15.999814,15.999835,15.999846,15.999858
24,0.1537,0.6414,0.588,81,81,81,81,81,81,81,81,81,81,81,81,81,81,81,81,81,81,81,81,81,81,81,81,15.732867,15.732887,15.732905,15.732925,15.732942,15.732958,15.732969,15.732981,15.733,15.733025,15.733042,15.73306,15.733078,15.733104,15.733115,15.733125,15.733136,15.733147,15.733164,15.733174,15.733193,15.733203,15.733214,15.733233
28,0.1592,0.6404,0.588,81,81,81,81,81,81,81,81,81,81,81,81,81,81,81,81,81,81,81,81,81,81,81,81,81,81,81,81,15.499555,15.499564,15.499582,15.4996,15.499606,15.499623,15.499634,15.499644,15.499661,15.49967,15.499682,15.499693,15.499703,15.499713,15.499731,15.499741,15.499751,15.499762,15.499773,15.499783,15.499793,15.499803,15.499815,15.499825,15.499835,15.499846,15.499856,15.499867
32,0.1725,0.6383,0.588,81,81,81,81,81,81,81,81,81,81,81,81,81,81,81,81,81,81,81,81,81,81,81,81,81,81,81,81,81,81,81,81,15.066084,15.066094,15.066103,15.066113,15.066117,15.066127,15.066137,15.066147,15.066156,15.066166,15.066176,15.066186,15.066196,15.066205,15.066215,15.066225,15.066234,15.066244,15.066253,15.066263,15.066273,15.066283,15.066293,15.066303,15.066312,15.066322,15.066332,15.066341,15.066351,15.06636,15.06637,15.06638
4,0.1118,0.649,0.588,81,81,81,81,17.566579,17.566588,17.566597,17.566606
8,0.1248,0.6465,0.588,81,81,81,81,81,81,81,81,16.933141,16.933152,16.933164,16.933176,16.933189,16.933202,16.933216,16.933228
12,0.1288,0.6457,0.588,81,81,81,81,81,81,81,81,81,81,81,81,16.733133,16.733141,16.73315,16.733159,16.73317,16.73318,16.733189,16.733198,16.733207,16.733216,16.733226,16.733236
16,0.1373,0.6443,0.588,81,81,81,81,81,81,81,81,81,81,81,81,81,81,81,81,16.399671,16.399679,16.399686,16.399693,16.399703,16.39971,16.399718,16.399728,16.399735,16.399743,16.399753,16.399761,16.399768,16.399773,16.399781,16.399789
20,0.1529,0.6416,0.588,81,81,81,81,81,81,81,81,81,81,81,81,81,81,81,81,81,81,81,81,15.766291,15.766302,15.766313,15.766325,15.766336,15.766347,15.766367,15.76638,15.766391,15.766403,15.766414,15.766425,15.766436,15.766444,15.766455,15.766466,15.766477,15.766489,15.7665,15.766512
24,0.1584,0.6405,0.588,81,81,81,81,81,81,81,81,81,81,81,81,81,81,81,81,81,81,81,81,81,81,81,81,15.532854,15.532861,15.532871,15.532882,15.532894,15.532905,15.532915,15.532925,15.532937,15.532948,15.532959,15.532969,15.53298,15.532986,15.532998,15.53301,15.533021,15.533038,15.533049,15.533059,15.533073,15.533084,15.533095,15.533106
28,0.1602,0.6402,0.588,81,81,81,81,81,81,81,81,81,81,81,81,81,81,81,81,81,81,81,81,81,81,81,81,81,81,81,81,15.466214,15.466221,15.46623,15.466239,15.466249,15.466256,15.466264,15.466272,15.466281,15.466289,15.466297,15.466306,15.466316,15.466319,15.466327,15.466336,15.466344,15.466363,15.466371,15.46638,15.466388,15.466396,15.466404,15.466414,15.466422,15.466431,15.466439,15.46645
32,0.1725,0.6383,0.588,81,81,81,81,81,81,81,81,81,81,81,81,81,81,81,81,81,81,81,81,81,81,81,81,81,81,81,81,81,81,81,81,15.066303,15.066316,15.066322,15.066328,15.066343,15.06635,15.066357,15.066365,15.066372,15.066378,15.066386,15.066393,15.0664,15.066407,15.066413,15.06642,15.066426,15.066433,15.066439,15.066447,15.066453,15.06646,15.066466,15.066476,15.066482,15.066488,15.066495,15.066501,15.066507,15.066515,15.066522,15.066529
