4,0.6429,0.588,0.588,81,81,81,81,17.633201,17.633212,17.633264,17.633284
8,0.6429,0.588,0.588,81,81,81,81,81,81,81,81,16.999696,16.999708,16.999717,16.999726,16.999767,16.999873,16.999893,16.999918
12,0.6429,0.588,0.588,81,81,81,81,81,81,81,81,81,81,81,81,16.833015,16.833047,16.833071,16.833087,16.833091,16.833101,16.833136,16.833159,16.833184,16.833195,16.833207,16.833218
16,0.6429,0.588,0.588,81,81,81,81,81,81,81,81,81,81,81,81,81,81,81,81,16.399675,16.399682,16.399689,16.399696,16.3997,16.399728,16.399736,16.399743,16.399751,16.399758,16.399771,16.39979,16.399804,16.399817,16.399826,16.399835
20,0.6429,0.588,0.588,81,81,81,81,81,81,81,81,81,81,81,81,81,81,81,81,81,81,81,81,15.899693,15.899707,15.899715,15.899722,15.899729,15.899736,15.899743,15.89975,15.899757,15.899765,15.899772,15.89978,15.899787,15.899794,15.899808,15.899851,15.899867,15.899877,15.899886,15.899896
24,0.6429,0.588,0.588,81,81,81,81,81,81,81,81,81,81,81,81,81,81,81,81,81,81,81,81,81,81,81,81,15.432954,15.432961,15.432976,15.43299,15.433004,15.43301,15.433017,15.433032,15.433064,15.433087,15.433094,15.433101,15.433108,15.433124,15.433132,15.433148,15.433173,15.43318,15.433186,15.433194,15.433201,15.433215,15.433222,15.433229
28,0.6429,0.588,0.588,81,81,81,81,81,81,81,81,81,81,81,81,81,81,81,81,81,81,81,81,81,81,81,81,81,81,81,81,15.499668,15.499675,15.499682,15.49969,15.499693,15.4997,15.499707,15.499722,15.49973,15.499738,15.499746,15.499753,15.49976,15.499766,15.499773,15.49978,15.499787,15.499794,15.499802,15.499809,15.499816,15.499822,15.49983,15.499837,15.499844,15.499851,15.499858,15.499865
32,0.6429,0.588,0.588,81,81,81,81,81,81,81,81,81,81,81,81,81,81,81,81,81,81,81,81,81,81,81,81,81,81,81,81,81,81,81,81,14.999536,14.999542,14.999549,14.999558,14.999564,14.999572,14.999581,14.999589,14.999596,14.999604,14.999619,14.999627,14.999635,14.999642,14.99965,14.999658,14.999665,14.999673,14.999681,14.999696,14.96637,14.966378,14.966386,14.9664,14.966408,14.966415,14.966423,14.966441,14.966448,14.966456,14.966471,14.96648
4,0.6429,0.588,0.588,81,81,81,81,17.2999,17.299909,17.29992,17.29993
8,0.6429,0.588,0.588,81,81,81,81,81,81,81,81,17.166509,17.16652,17.166528,17.166537,17.166547,17.166558,17.166568,17.166577
12,0.6429,0.588,0.588,81,81,81,81,81,81,81,81,81,81,81,81,16.466405,16.466412,16.46642,16.466429,16.466437,16.466445,16.466453,16.466461,16.466471,16.466481,16.46649,16.466498
16,0.6429,0.588,0.588,81,81,81,81,81,81,81,81,81,81,81,81,81,81,81,81,16.266423,16.266431,16.266439,16.266448,16.266459,16.266468,16.266477,16.266486,16.266495,16.266505,16.266515,16.266523,16.266534,16.266539,16.266548,16.266558
20,0.6429,0.588,0.588,81,81,81,81,81,81,81,81,81,81,81,81,81,81,81,81,81,81,81,81,15.832962,15.83297,15.832979,15.832987,15.832996,15.833004,15.833014,15.833034,15.833043,15.833052,15.833061,15.83307,15.833078,15.833085,15.833094,15.833104,15.833114,15.833123,15.833132,15.833142
24,0.6429,0.588,0.588,81,81,81,81,81,81,81,81,81,81,81,81,81,81,81,81,81,81,81,81,81,81,81,81,15.766023,15.766033,15.766043,15.766052,15.76606,15.766069,15.766078,15.766086,15.766096,15.766105,15.766114,15.766123,15.766132,15.766136,15.766146,15.766156,15.766166,15.766175,15.766184,15.766192,15.766201,15.766211,15.766221,15.766229
28,0.6429,0.588,0.588,81,81,81,81,81,81,81,81,81,81,81,81,81,81,81,81,81,81,81,81,81,81,81,81,81,81,81,81,15.299547,15.299558,15.299569,15.29958,15.299592,15.299603,15.299615,15.299627,15.299639,15.299651,15.299662,15.299674,15.299686,15.299693,15.299705,15.299716,15.299728,15.29974,15.299753,15.299764,15.299776,15.299787,15.2998,15.299812,15.299825,15.299835,15.299847,15.299858
32,0.6429,0.588,0.588,81,81,81,81,81,81,81,81,81,81,81,81,81,81,81,81,81,81,81,81,81,81,81,81,81,81,81,81,81,81,81,81,14.899486,14.899496,14.899507,14.899518,14.899528,14.899538,14.899556,14.899566,14.899577,14.899588,14.899598,14.899608,14.899618,14.899628,14.899639,14.899648,14.899656,14.899663,14.899669,14.899676,14.899682,14.89969,14.899697,14.899703,14.899709,14.899716,14.899722,14.899728,14.899736,14.899742,14.899749,14.899755
