4,0.4778,0.1664,0.0,3,3,3,3,5.033298,4.89997,4.866639,4.933308
8,0.8349,0.1664,0.0,3,3,3,3,3,3,3,3,2.833263,2.733267,2.799933,2.766602,2.799936,2.766605,2.766607,2.733275
12,0.9313,0.1664,0.0,3,3,3,3,3,3,3,3,3,3,3,3,1.833258,1.999918,1.799927,1.733264,1.96659,1.699934,1.699936,1.666604,1.799934,1.766603,1.766604,1.699941
16,0.9629,0.1664,0.0,3,3,3,3,3,3,3,3,3,3,3,3,3,3,3,3,1.23327,1.533255,1.433261,1.299935,1.199941,1.233273,1.53326,1.366602,1.233276,1.533262,1.366604,1.233278,1.199947,1.199947,1.199948,1.23328
20,0.9759,0.1664,0.0,3,3,3,3,3,3,3,3,3,3,3,3,3,3,3,3,3,3,3,3,0.933272,1.233253,0.933273,1.333247,1.199923,1.133261,0.833281,1.199925,1.033269,0.766619,1.03327,0.933277,1.099934,0.99994,0.999941,1.133267,1.066605,1.39992,0.766623,0.866618
24,0.9831,0.1664,0.0,3,3,3,3,3,3,3,3,3,3,3,3,3,3,3,3,3,3,3,3,3,3,3,3,0.766475,1.13305,0.766476,0.733151,0.933102,0.566527,1.199705,0.766479,0.566528,0.76648,1.099733,0.833131,0.833132,0.799807,1.133061,0.699833,0.833135,0.566532,1.033088,1.133066,1.233043,0.766487,0.699836,0.933116
28,0.9881,0.1664,0.0,3,3,3,3,3,3,3,3,3,3,3,3,3,3,3,3,3,3,3,3,3,3,3,3,3,3,3,3,0.933234,0.566607,0.833246,0.633267,0.766587,0.833247,0.933237,0.599938,0.533279,0.699929,1.133219,0.76659,0.93324,0.933241,0.466621,0.566611,0.733262,0.466622,0.633273,0.733263,0.566613,0.466623,0.699934,0.899916,0.933247,0.766596,0.566615,0.666606
32,0.9912,0.1664,0.0,3,3,3,3,3,3,3,3,3,3,3,3,3,3,3,3,3,3,3,3,3,3,3,3,3,3,3,3,3,3,3,3,0.766636,0.366652,0.499981,0.666642,0.399985,0.766639,0.46665,0.433319,0.566648,0.766642,0.766642,0.566649,0.566649,0.399988,0.733312,0.433321,0.566651,0.666649,0.933309,0.566652,0.733315,0.766648,0.733316,0.566654,0.933313,0.76665,0.566655,0.333327,0.566656,0.566656,0.799986,0.666655
4,0.4504,0.1664,0.0,3,3,3,3,5.06664,5.066645,5.09998,5.033317
8,0.8407,0.1664,0.0,3,3,3,3,3,3,3,3,2.699409,2.732737,2.732738,2.766066,2.699415,2.732742,2.732744,2.732746
12,0.9291,0.1664,0.0,3,3,3,3,3,3,3,3,3,3,3,3,1.966593,1.833265,1.699938,1.833267,1.966597,1.866601,1.83327,1.799939,1.733275,1.699944,1.733277,1.799943
16,0.9612,0.1664,0.0,3,3,3,3,3,3,3,3,3,3,3,3,3,3,3,3,1.666575,1.466587,1.233267,1.333262,1.233268,1.533253,1.366596,1.333266,1.266603,1.333267,1.3666,1.233274,1.233275,1.199944,1.433268,1.199946
