# Points from combinations
cars_flowers,0.0496,0.1285,0.0,39,45,8,7
pedestrian_cats,0.1033,0.3007,0.0,69,33,6,8
flowers_flowers,0.0928,0.2356,0.0,45,45,7,7
pedestrian_cars,0.0357,0.2025,0.0,69,39,6,8
cats_cats,0.0535,0.2762,0.0,33,33,8,8
pedestrian_pedestrian,0.1243,0.3073,0.0,69,69,6,6
flowers_cats,0.0768,0.2571,0.0,45,33,7,8
pedestrian_flowers,0.1122,0.2754,0.0,69,45,6,7
cars_cars,0.0064,0.0215,0.0,39,39,8,8
cars_cats,0.03,0.1488,0.0,39,33,8,8
cars_cats_cats,0.0378,0.1913,0.0,39,33,33,8,8,8
cars_flowers_cats,0.039,0.1881,0.0,39,45,33,8,7,8
pedestrian_flowers_flowers,0.1058,0.2622,0.0,69,45,39,6,7,7
pedestrian_flowers_cats,0.097,0.2753,0.012,57,45,57,6,7,8
pedestrian_cars_cars,0.026,0.1422,0.0,69,33,39,6,8,8
pedestrian_pedestrian_pedestrian,0.1243,0.3073,0.0,69,57,69,6,6,6
flowers_flowers_cats,0.0821,0.25,0.0,45,45,33,7,7,8
cars_flowers_flowers,0.0521,0.1745,0.0,39,45,33,8,7,7
pedestrian_pedestrian_cars,0.0653,0.2375,0.0,69,57,39,6,6,8
flowers_flowers_flowers,0.0928,0.2356,0.0,45,33,45,7,7,7
pedestrian_pedestrian_cats,0.1103,0.3029,0.0,69,57,33,6,6,8
cars_cars_flowers,0.0352,0.0929,0.0,33,39,45,8,8,7
flowers_cats_cats,0.069,0.2635,0.0,45,33,33,7,8,8
pedestrian_cars_flowers,0.0769,0.1908,0.0,69,39,33,6,8,7
cats_cats_cats,0.0535,0.2762,0.0,33,33,33,8,8,8
pedestrian_pedestrian_flowers,0.1163,0.286,0.0,57,69,45,6,6,7
pedestrian_cats_cats,0.0867,0.2926,0.0,69,33,33,6,8,8
pedestrian_cars_cats,0.071,0.2077,0.0,69,39,33,6,8,8
cars_cars_cars,0.0064,0.0215,0.0,33,39,39,8,8,8
cars_cars_cats,0.0221,0.1064,0.0,39,39,33,8,8,8
# End points from combinations
4,0.0711,0.2108,0.0,39,33,33,69,8,7,8,6
8,0.0628,0.22,0.0004,45,33,33,69,39,45,33,69,8,7,8,6,8,7,8,6
12,0.0689,0.2295,0.0187,75,51,51,69,63,51,57,69,57,51,57,69,8,7,8,6,8,7,8,6,8,7,8,6
16,0.0798,0.2262,0.0252,75,57,57,69,75,57,57,69,75,57,57,69,75,57,57,69,8,7,8,6,8,7,8,6,8,7,8,6,8,7,8,6
20,0.1203,0.2031,0.0273,75,57,57,69,75,57,57,69,75,57,75,69,75,57,75,69,75,57,75,69,7,6,8,6,6,6,7,6,6,6,8,6,6,6,8,6,6,6,8,6
24,0.1546,0.2277,0.0511,75,57,75,69,75,57,75,69,75,75,75,69,75,75,75,69,75,75,75,69,75,75,75,69,6,5,8,6,5,6,8,6,5,8,8,6,5,8,8,6,5,8,8,6,5,8,8,6
28,0.3556,0.414,0.2799,57,75,75,81,81,75,75,81,81,75,75,81,81,75,75,81,81,75,75,81,81,75,81,81,81,75,81,81,5,4,4,8,12,4,4,8,12,4,4,8,12,4,4,8,12,4,4,8,12,4,15,8,12,4,15,8
32,0.3285,0.4474,0.3386,57,75,75,81,81,75,75,81,81,75,75,81,81,75,81,81,81,75,81,81,81,75,81,81,81,75,81,81,81,75,81,81,5,4,4,8,12,4,4,8,12,4,4,8,12,4,15,8,12,4,15,8,12,4,15,8,12,4,15,8,12,4,15,8
