4,0.8411,0.1664,0.0,3,3,3,3,2.366632,2.333301,2.333303,2.39997
8,0.9583,0.1664,0.0,3,3,3,3,3,3,3,3,1.199968,1.233302,1.233302,1.19997,1.233303,1.166639,1.199972,1.199973
12,0.9816,0.1664,0.0,3,3,3,3,3,3,3,3,3,3,3,3,0.733305,0.833302,0.699974,0.799971,0.966632,0.833304,0.76664,0.699976,0.833306,0.833306,0.73331,0.833307
16,0.99,0.1664,0.0,3,3,3,3,3,3,3,3,3,3,3,3,3,3,3,3,0.599782,0.566461,0.599783,0.666426,0.799711,0.699748,0.49982,0.666427,0.666428,0.599786,0.4665,0.499822,0.433179,0.499823,0.466502,0.566467
20,0.9935,0.1664,0.0,3,3,3,3,3,3,3,3,3,3,3,3,3,3,3,3,3,3,3,3,0.433306,0.366644,0.533301,0.399976,0.566632,0.633296,0.299982,0.699959,0.566634,0.533303,0.46664,0.499972,0.533304,0.533304,0.533304,0.299984,0.366647,0.333316,0.299985,0.366648
24,0.9954,0.1664,0.0,3,3,3,3,3,3,3,3,3,3,3,3,3,3,3,3,3,3,3,3,3,3,3,3,0.233291,0.333272,0.266618,0.666546,0.233291,0.266619,0.466583,0.599893,0.566566,0.433256,0.499911,0.566567,0.39993,0.366602,0.299948,0.366603,0.466586,0.233293,0.299948,0.466587,0.166638,0.366604,0.366604,0.199966
28,0.9968,0.1664,0.0,3,3,3,3,3,3,3,3,3,3,3,3,3,3,3,3,3,3,3,3,3,3,3,3,3,3,3,3,0.433297,0.433297,0.299975,0.266645,0.166653,0.56662,0.166653,0.199984,0.199984,0.566622,0.333307,0.233315,0.46663,0.299977,0.166654,0.399969,0.166654,0.466631,0.299978,0.39997,0.299978,0.466633,0.166655,0.199986,0.333309,0.166655,0.199986,0.266648
32,0.9974,0.1664,0.0,3,3,3,3,3,3,3,3,3,3,3,3,3,3,3,3,3,3,3,3,3,3,3,3,3,3,3,3,3,3,3,3,0.166637,0.166638,0.26662,0.333276,0.166638,0.466586,0.399932,0.166638,0.166638,0.166639,0.199966,0.166639,0.333278,0.199967,0.166639,0.199967,0.599902,0.299951,0.199968,0.433264,0.399936,0.199968,0.266624,0.199968,0.199969,0.199969,0.266625,0.266625,0.266626,0.56658,0.299954,0.366611
4,0.839,0.1664,0.0,3,3,3,3,2.366635,2.399971,2.366639,2.366641
8,0.958,0.1664,0.0,3,3,3,3,3,3,3,3,1.19997,1.233303,1.199971,1.199972,1.199972,1.199973,1.233306,1.233307
12,0.9816,0.1664,0.0,3,3,3,3,3,3,3,3,3,3,3,3,0.833301,0.766637,0.833302,0.866635,0.766639,0.799971,0.799972,0.733308,0.899969,0.766641,0.799974,0.73331
16,0.9901,0.1664,0.0,3,3,3,3,3,3,3,3,3,3,3,3,3,3,3,3,0.466583,0.466583,0.466583,0.499911,0.699876,0.599894,0.699877,0.566568,0.599896,0.566569,0.766535,0.733208,0.599898,0.466587,0.533243,0.566571
