#
# Points from combinations
pedestrian_flowers,0.1855,0.7616,0.5403,81,81,14.466509,14.466568
cars_cats,0.1165,0.5226,0.6357,81,81,14.466314,14.466363
flowers_flowers,0.3652,0.8279,0.8222,81,81,14.533191,14.533263
cats_cats,0.1953,0.6783,0.7135,81,81,14.533156,14.533216
pedestrian_pedestrian,0.0026,0.6951,0.2584,81,81,14.466523,14.466574
cars_flowers,0.2017,0.5976,0.6901,81,81,14.466532,14.466568
cars_cars,0.0348,0.3671,0.5579,81,81,14.46635,14.466445
pedestrian_cars,0.0187,0.5311,0.4082,81,81,14.466498,14.466573
flowers_cats,0.2833,0.7531,0.7678,81,81,14.466511,14.466563
pedestrian_cats,0.1021,0.6865,0.4859,81,81,14.399847,14.399901
cars_cats_cats,0.1011,0.5846,0.6616,81,81,81,17.433228,17.433245,17.433269
pedestrian_pedestrian_flowers,0.1012,0.7398,0.4464,81,81,81,17.399943,17.399952,17.399962
pedestrian_cars_cars,0.0134,0.4903,0.4581,81,81,81,17.199771,17.19978,17.19979
pedestrian_pedestrian_pedestrian,0.0008,0.6976,0.2584,81,81,81,17.466601,17.466613,17.466625
flowers_flowers_cats,0.2492,0.7769,0.786,81,81,81,17.399929,17.39994,17.39995
pedestrian_pedestrian_cars,0.0066,0.5949,0.3583,81,81,81,17.3998,17.39981,17.399819
pedestrian_cats_cats,0.0961,0.6871,0.5618,81,81,81,17.399946,17.399957,17.399966
flowers_cats_cats,0.2111,0.7291,0.7497,81,81,81,16.966591,16.966602,16.96661
cats_cats_cats,0.1427,0.6819,0.7135,81,81,81,17.433133,17.433143,17.433154
pedestrian_pedestrian_cats,0.0467,0.6926,0.4101,81,81,81,17.566617,17.566626,17.566634
flowers_flowers_flowers,0.3046,0.8246,0.8222,81,81,81,17.333266,17.333276,17.333284
cars_cars_flowers,0.1121,0.5348,0.646,81,81,81,17.433272,17.433282,17.433292
pedestrian_cars_flowers,0.1069,0.6372,0.5462,81,81,81,17.433204,17.39988,17.399889
pedestrian_flowers_cats,0.1496,0.7346,0.598,81,81,81,17.366593,17.366604,17.366613
cars_cars_cats,0.06,0.487,0.6098,81,81,81,17.399928,17.399937,17.399944
cars_cars_cars,0.0179,0.39,0.5579,81,81,81,17.433094,17.433104,17.433113
cars_flowers_flowers,0.2063,0.6796,0.7341,81,81,81,17.433268,17.433288,17.433298
cars_flowers_cats,0.152,0.6324,0.6979,81,81,81,17.499938,17.499947,17.499954
pedestrian_flowers_flowers,0.197,0.782,0.6343,81,81,81,17.56659,17.5666,17.566612
pedestrian_cars_cats,0.0534,0.59,0.5099,81,81,81,17.466435,17.466446,17.466455
# End points from combinations
#
4,0.1122,0.6491,0.588,81,81,81,81,17.599822,17.599842,17.59986,17.599877
8,0.1208,0.6475,0.588,81,81,81,81,81,81,81,81,17.166394,17.166401,17.166408,17.166435,17.166463,17.166499,17.166553,17.166572
12,0.1295,0.6459,0.588,81,81,81,81,81,81,81,81,81,81,81,81,16.766335,16.766362,16.766381,16.766408,16.766412,16.766434,16.766478,16.766509,16.766525,16.766545,16.766567,16.766579
16,0.1382,0.6444,0.588,81,81,81,81,81,81,81,81,81,81,81,81,81,81,81,81,16.399749,16.399756,16.399773,16.399791,16.399797,16.399805,16.399829,16.399838,16.399846,16.399855,16.399866,16.399878,16.39988,16.399888,16.399898,16.399909
20,0.1482,0.6426,0.588,81,81,81,81,81,81,81,81,81,81,81,81,81,81,81,81,81,81,81,81,15.966345,15.966351,15.966358,15.966365,15.966368,15.966376,15.966384,15.96639,15.966397,15.96642,15.966428,15.966434,15.966442,15.966461,15.966472,15.966491,15.966503,15.966512,15.966522,15.966533
24,0.1561,0.6413,0.588,81,81,81,81,81,81,81,81,81,81,81,81,81,81,81,81,81,81,81,81,81,81,81,81,15.666198,15.666226,15.666245,15.666266,15.666285,15.666305,15.666317,15.666327,15.666337,15.666355,15.666373,15.666384,15.666402,15.666412,15.666423,15.666441,15.666452,15.66647,15.666481,15.666491,15.666517,15.666528,15.666539,15.666556
28,0.1627,0.6403,0.588,81,81,81,81,81,81,81,81,81,81,81,81,81,81,81,81,81,81,81,81,81,81,81,81,81,81,81,81,15.432175,15.432193,15.432212,15.432223,15.43223,15.432255,15.432274,15.432291,15.432301,15.432312,15.432323,15.432333,15.432351,15.432362,15.432372,15.432383,15.432395,15.432405,15.432416,15.432427,15.432438,15.432449,15.43246,15.43247,15.432482,15.432493,15.432504,15.432514
32,0.1737,0.6384,0.588,81,81,81,81,81,81,81,81,81,81,81,81,81,81,81,81,81,81,81,81,81,81,81,81,81,81,81,81,81,81,81,81,15.032691,15.032701,15.032711,15.032722,15.032727,15.032743,15.032761,15.032771,15.032789,15.0328,15.03281,15.032821,15.032831,15.032848,15.032859,15.032869,15.032879,15.03289,15.0329,15.032912,15.032922,15.032934,15.032946,15.032956,15.032967,15.032977,15.032987,15.032997,15.033008,15.033018,15.033028,15.033039
