4,0.2767,0.7232,0.4796,81,81,81,81,8.76661,8.766618,8.766638,8.766646
8,0.2908,0.7209,0.4796,81,81,81,81,81,81,81,81,8.433031,8.433052,8.433067,8.433086,8.43309,8.433104,8.433112,8.433132
12,0.2921,0.7206,0.4796,81,81,81,81,81,81,81,81,81,81,81,81,8.39984,8.399844,8.399855,8.399865,8.399868,8.399878,8.399884,8.399893,8.399905,8.39992,8.399927,8.399941
16,0.3043,0.7184,0.4796,81,81,81,81,81,81,81,81,81,81,81,81,81,81,81,81,8.099729,8.099738,8.099749,8.099759,8.099767,8.099777,8.099788,8.099797,8.099808,8.099817,8.099826,8.09984,8.099853,8.099858,8.099866,8.099871
20,0.3096,0.7174,0.4796,81,81,81,81,81,81,81,81,81,81,81,81,81,81,81,81,81,81,81,81,7.966509,7.966516,7.96652,7.966524,7.966526,7.96653,7.966534,7.966538,7.966541,7.966547,7.966552,7.966556,7.96656,7.966563,7.966568,7.966573,7.96658,7.966585,7.966589,7.966594
4,0.2976,0.7197,0.4796,81,81,81,81,8.266529,8.266536,8.266542,8.266548
8,0.2962,0.7199,0.4796,81,81,81,81,81,81,81,81,8.299924,8.299928,8.299932,8.299937,8.299941,8.299945,8.29995,8.299955
12,0.3016,0.7189,0.4796,81,81,81,81,81,81,81,81,81,81,81,81,8.166353,8.166357,8.166362,8.166368,8.166373,8.166377,8.166382,8.166388,8.166393,8.166399,8.166404,8.166409
16,0.3069,0.7179,0.4796,81,81,81,81,81,81,81,81,81,81,81,81,81,81,81,81,8.03322,8.033225,8.033229,8.033234,8.033238,8.033242,8.033247,8.033251,8.033256,8.03326,8.033266,8.03327,8.033275,8.03328,8.033282,8.033287
20,0.3082,0.7176,0.4796,81,81,81,81,81,81,81,81,81,81,81,81,81,81,81,81,81,81,81,81,7.999815,7.99982,7.999824,7.999829,7.999834,7.999839,7.999844,7.999849,7.999854,7.999859,7.999864,7.999869,7.999874,7.999879,7.999881,7.999886,7.999891,7.999895,7.999908,7.999913
4,0.2908,0.7209,0.4796,81,81,81,81,8.433284,8.433289,8.433293,8.433299
8,0.303,0.7187,0.4796,81,81,81,81,81,81,81,81,8.13324,8.133246,8.133253,8.133259,8.133266,8.133273,8.13328,8.133286
12,0.3016,0.7189,0.4796,81,81,81,81,81,81,81,81,81,81,81,81,8.166425,8.166429,8.166435,8.16644,8.166445,8.16645,8.166455,8.16646,8.166466,8.166471,8.166477,8.166482
16,0.3056,0.7182,0.4796,81,81,81,81,81,81,81,81,81,81,81,81,81,81,81,81,8.066449,8.066455,8.066461,8.066468,8.066475,8.066481,8.066488,8.066495,8.066501,8.066508,8.066515,8.066521,8.066528,8.066535,8.06654,8.066546
20,0.3135,0.7166,0.4796,81,81,81,81,81,81,81,81,81,81,81,81,81,81,81,81,81,81,81,81,7.866187,7.866191,7.866195,7.866199,7.866204,7.866208,7.866212,7.866215,7.86622,7.866224,7.866228,7.866232,7.866236,7.86624,7.866242,7.866246,7.86625,7.866254,7.866259,7.866263
