4,0.4449,0.1664,0.0,3,3,3,3,5.099922,5.066594,5.133263,5.0666
8,0.8361,0.1664,0.0,3,3,3,3,3,3,3,3,2.766311,2.766312,2.799642,2.732985,2.766316,2.766318,2.766319,2.76632
12,0.9306,0.1664,0.0,3,3,3,3,3,3,3,3,3,3,3,3,1.899923,1.866592,1.733265,1.833263,1.7666,1.733269,1.699938,1.833268,1.799937,1.899935,1.699943,1.799941
16,0.9619,0.1664,0.0,3,3,3,3,3,3,3,3,3,3,3,3,3,3,3,3,1.333265,1.466592,1.166608,1.133277,1.333267,1.166609,1.16661,1.366601,1.566592,1.533261,1.299939,1.233276,1.533263,1.166614,1.4666,1.199947
20,0.9761,0.1664,0.0,3,3,3,3,3,3,3,3,3,3,3,3,3,3,3,3,3,3,3,3,1.133263,1.29992,1.066601,1.333252,1.233259,1.133266,1.19993,1.166599,0.766623,0.966612,1.099939,0.933282,1.133272,1.06661,0.933284,0.799958,0.899954,0.799959,1.033281,0.866624
24,0.9838,0.1664,0.0,3,3,3,3,3,3,3,3,3,3,3,3,3,3,3,3,3,3,3,3,3,3,3,3,0.766636,1.033292,0.866633,0.766637,0.833301,1.099958,0.999963,1.166624,0.933299,0.999964,0.866636,0.933301,0.733308,1.033298,0.933302,0.699977,0.966635,0.766642,0.666646,0.833307,0.699979,0.666647,0.766644,0.56665
28,0.9881,0.1664,0.0,3,3,3,3,3,3,3,3,3,3,3,3,3,3,3,3,3,3,3,3,3,3,3,3,3,3,3,3,0.566649,0.933305,0.766644,0.799977,0.933307,0.733313,0.766646,0.766646,0.633317,0.766647,0.466655,0.766648,1.099973,0.566653,0.566653,0.466656,0.633319,0.76665,0.733318,0.866649,0.933314,0.799984,0.766652,0.566656,0.566656,0.666655,0.833319,0.666656
32,0.9908,0.1664,0.0,3,3,3,3,3,3,3,3,3,3,3,3,3,3,3,3,3,3,3,3,3,3,3,3,3,3,3,3,3,3,3,3,0.8333,0.466648,0.433317,0.433317,0.433317,0.566646,0.799972,0.933301,0.433319,0.566648,0.633313,0.799975,0.933305,0.43332,0.499986,0.69998,0.999973,0.899976,0.866644,0.766648,0.366658,0.466656,0.799982,0.433324,0.566655,0.49999,0.666653,0.49999,0.466658,0.766653,0.666655,0.499992
4,0.4749,0.1664,0.0,3,3,3,3,4.999971,4.899977,4.966646,4.933316
8,0.8423,0.1664,0.0,3,3,3,3,3,3,3,3,2.69986,2.733193,2.666532,2.766529,2.733199,2.666537,2.699871,2.733204
12,0.9296,0.1664,0.0,3,3,3,3,3,3,3,3,3,3,3,3,1.799974,1.899973,1.766643,1.666645,1.799979,1.833313,1.89998,1.733316,1.666651,1.86665,1.96665,1.866652
16,0.9611,0.1664,0.0,3,3,3,3,3,3,3,3,3,3,3,3,3,3,3,3,1.233265,1.53325,1.166604,1.199936,1.2666,1.133274,1.266601,1.599918,1.399929,1.266603,1.633253,1.233273,1.466596,1.466597,1.199943,1.366603
