4,0.0479,0.22,0.0,39,33,33,69,9,9,9,7
8,0.2581,0.4774,0.3499,57,75,81,81,81,75,81,81,6,6,16,9,14,6,16,9
12,0.2691,0.5263,0.4292,57,75,81,81,81,75,81,81,81,81,81,81,6,5,16,9,14,4,16,9,14,16,16,9
16,0.207,0.5705,0.5115,57,75,81,81,81,81,81,81,81,81,81,81,81,81,81,81,6,5,16,9,14,16,16,9,14,16,16,9,14,16,16,9
20,0.1939,0.6081,0.5609,57,81,81,81,81,81,81,81,81,81,81,81,81,81,81,81,81,81,81,81,6,16,16,9,14,16,16,9,14,16,16,9,14,16,16,9,14,16,16,9
24,0.1895,0.6241,0.588,81,81,81,81,81,81,81,81,81,81,81,81,81,81,81,81,81,81,81,81,81,81,81,81,14,16,16,9,14,16,16,9,14,16,16,9,14,16,16,9,14,16,16,9,14,16,16,9
28,0.1895,0.6241,0.588,81,81,81,81,81,81,81,81,81,81,81,81,81,81,81,81,81,81,81,81,81,81,81,81,81,81,81,81,14,16,16,9,14,16,16,9,14,16,16,9,14,16,16,9,14,16,16,9,14,16,16,9,14,16,16,9
32,0.1895,0.6241,0.588,81,81,81,81,81,81,81,81,81,81,81,81,81,81,81,81,81,81,81,81,81,81,81,81,81,81,81,81,81,81,81,81,14,16,16,9,14,16,16,9,14,16,16,9,14,16,16,9,14,16,16,9,14,16,16,9,14,16,16,9,14,16,16,9
4,0.0479,0.22,0.0,39,33,33,69,9,9,9,7
8,0.2581,0.4774,0.3499,57,75,81,81,81,75,81,81,6,6,16,9,14,6,16,9
12,0.2691,0.5263,0.4292,57,75,81,81,81,75,81,81,81,81,81,81,6,5,16,9,14,4,16,9,14,16,16,9
16,0.207,0.5705,0.5115,57,75,81,81,81,81,81,81,81,81,81,81,81,81,81,81,6,5,16,9,14,16,16,9,14,16,16,9,14,16,16,9
20,0.1939,0.6081,0.5609,57,81,81,81,81,81,81,81,81,81,81,81,81,81,81,81,81,81,81,81,6,16,16,9,14,16,16,9,14,16,16,9,14,16,16,9,14,16,16,9
24,0.1895,0.6241,0.588,81,81,81,81,81,81,81,81,81,81,81,81,81,81,81,81,81,81,81,81,81,81,81,81,14,16,16,9,14,16,16,9,14,16,16,9,14,16,16,9,14,16,16,9,14,16,16,9
28,0.1895,0.6241,0.588,81,81,81,81,81,81,81,81,81,81,81,81,81,81,81,81,81,81,81,81,81,81,81,81,81,81,81,81,14,16,16,9,14,16,16,9,14,16,16,9,14,16,16,9,14,16,16,9,14,16,16,9,14,16,16,9
32,0.1895,0.6241,0.588,81,81,81,81,81,81,81,81,81,81,81,81,81,81,81,81,81,81,81,81,81,81,81,81,81,81,81,81,81,81,81,81,14,16,16,9,14,16,16,9,14,16,16,9,14,16,16,9,14,16,16,9,14,16,16,9,14,16,16,9,14,16,16,9
