1,0.0001,0.0221,0.0,39,15
2,0.0001,0.0221,0.0,33,39,15,15
3,0.0005,0.0357,0.0339,57,63,63,14,15,15
4,0.0005,0.0405,0.0471,57,75,75,75,15,15,15,15
5,0.0006,0.0437,0.0579,75,75,75,75,75,15,15,15,15,15
6,0.0012,0.0438,0.0579,75,75,75,75,75,75,15,15,14,14,14,14
7,0.0013,0.042,0.0517,57,75,75,75,75,75,75,14,14,14,14,14,14,14
8,0.0014,0.0438,0.0579,75,75,75,75,75,75,75,75,14,14,14,14,14,14,14,14
9,0.0019,0.0439,0.0579,75,75,75,75,75,75,75,75,75,14,14,14,14,14,14,14,13,13
10,0.0039,0.0415,0.0493,57,57,75,75,75,75,75,75,75,75,11,10,13,13,13,13,13,13,13,13
11,0.0033,0.0429,0.054,57,75,75,75,75,75,75,75,75,75,75,11,13,13,13,13,13,13,13,13,13,13
12,0.0033,0.0441,0.0579,75,75,75,75,75,75,75,75,75,75,75,75,13,13,13,13,13,13,13,13,13,13,13,13
13,0.0055,0.0442,0.0579,75,75,75,75,75,75,75,75,75,75,75,75,75,13,13,13,13,13,13,12,12,12,12,12,12,12
14,0.0105,0.0416,0.0507,75,51,51,75,75,75,75,75,75,75,75,75,75,75,12,8,8,12,12,12,12,12,12,12,12,12,12,12
15,0.0071,0.0435,0.055,75,57,75,75,75,75,75,75,75,75,75,75,75,75,75,12,12,12,12,12,12,12,12,12,12,12,12,12,12,12
16,0.0074,0.0444,0.0579,75,75,75,75,75,75,75,75,75,75,75,75,75,75,75,75,12,12,12,12,12,12,12,12,12,12,12,12,12,12,12,12
17,0.0075,0.0444,0.0579,75,75,75,75,75,75,75,75,75,75,75,75,75,75,75,75,75,12,12,12,12,12,12,12,12,12,12,12,12,12,12,11,11,11
18,0.4566,0.1019,0.1388,57,75,75,75,75,75,75,75,75,75,75,75,75,75,75,81,81,81,4,5,5,4,4,4,4,4,4,4,4,4,4,4,4,15,15,15
19,0.4634,0.1163,0.1609,57,75,75,75,75,75,75,75,75,75,75,75,75,75,75,81,81,81,81,4,5,4,4,4,4,4,4,4,4,4,4,4,4,4,15,15,15,15
20,0.4695,0.1292,0.1808,57,75,75,75,75,75,75,75,75,75,75,75,75,75,75,81,81,81,81,81,4,4,4,4,4,4,4,4,4,4,4,4,4,4,4,15,15,15,15,15
21,0.4268,0.1565,0.2225,57,75,75,75,75,75,75,75,75,75,75,75,75,75,81,81,81,81,81,81,81,4,5,5,4,4,4,4,4,4,4,4,4,4,4,15,15,15,15,15,15,15
1,0.0001,0.0221,0.0,39,15,312.0435
2,0.0001,0.0221,0.0,33,39,15,15,348.3
3,0.0006,0.0232,0.0048,33,51,51,13,14,14,348.1107
4,0.016,0.0345,0.0326,75,51,51,75,15,8,8,15,358.0962
5,0.0006,0.0437,0.0579,75,75,75,75,75,15,15,15,15,15,343.8855
6,0.0012,0.0438,0.0579,75,75,75,75,75,75,15,15,14,14,14,14,349.7232
7,0.0023,0.0411,0.0507,75,51,75,75,75,75,75,14,11,14,14,14,14,14,352.2453
8,0.0014,0.0438,0.0579,75,75,75,75,75,75,75,75,14,14,14,14,14,14,14,14,343.2492
9,0.0019,0.0439,0.0579,75,75,75,75,75,75,75,75,75,14,14,14,14,14,14,14,13,13,349.6176
10,0.0085,0.0403,0.0478,75,51,51,75,75,75,75,75,75,75,13,9,8,13,13,13,13,13,13,13,356.0673
11,0.0036,0.0429,0.054,75,57,75,75,75,75,75,75,75,75,75,13,11,13,13,13,13,13,13,13,13,13,350.4651
12,0.0033,0.0441,0.0579,75,75,75,75,75,75,75,75,75,75,75,75,13,13,13,13,13,13,13,13,13,13,13,13,346.3278
13,0.0055,0.0442,0.0579,75,75,75,75,75,75,75,75,75,75,75,75,75,13,13,13,13,13,13,12,12,12,12,12,12,12,349.512
14,0.0076,0.0425,0.0517,57,57,75,75,75,75,75,75,75,75,75,75,75,75,10,10,12,12,12,12,12,12,12,12,12,12,12,12,348.9132
15,0.2503,0.1126,0.155,57,75,75,75,75,75,75,75,75,75,75,75,81,81,81,4,6,6,6,5,5,5,5,5,5,5,5,15,15,15,349.6503
16,0.2644,0.129,0.1802,57,75,75,75,75,75,75,75,75,75,75,75,81,81,81,81,4,6,6,5,5,5,5,5,5,5,5,5,15,15,15,15,349.6101
17,0.2768,0.1435,0.2024,57,75,75,75,75,75,75,75,75,75,75,75,81,81,81,81,81,4,6,5,5,5,5,5,5,5,5,5,5,15,15,15,15,15,349.5699
18,0.2879,0.1564,0.2222,57,75,75,75,75,75,75,75,75,75,75,75,81,81,81,81,81,81,4,5,5,5,5,5,5,5,5,5,5,5,15,15,15,15,15,15,349.5297
19,0.2593,0.185,0.2662,57,75,75,75,75,75,75,75,75,75,75,81,81,81,81,81,81,81,81,4,6,6,6,6,5,5,5,5,5,5,15,15,15,15,15,15,15,15,349.98
20,0.2701,0.1946,0.2808,57,75,75,75,75,75,75,75,75,75,75,81,81,81,81,81,81,81,81,81,4,6,6,6,5,5,5,5,5,5,5,15,15,15,15,15,15,15,15,15,349.9398
21,0.2799,0.2032,0.294,57,75,75,75,75,75,75,75,75,75,75,81,81,81,81,81,81,81,81,81,81,4,6,6,5,5,5,5,5,5,5,5,15,15,15,15,15,15,15,15,15,15,349.8996
1,0.0001,0.0221,0.0,39,15,312.0435
2,0.0001,0.0221,0.0,33,39,15,15,348.3
3,0.0001,0.0221,0.0,33,39,39,15,15,15,382.3245
4,0.0003,0.0233,0.0054,33,51,51,51,13,15,15,15,397.9968
5,0.0002,0.0307,0.0148,57,57,57,57,57,15,15,15,15,15,399.7215
6,0.0018,0.023,0.0036,33,33,33,51,51,51,12,11,11,13,13,13,399.8793
7,0.0026,0.0229,0.0031,33,33,33,33,51,51,51,11,11,11,11,12,12,12,399.612
8,0.0122,0.0342,0.0326,75,51,51,51,51,75,75,75,15,9,9,9,8,15,15,15,408.5535
9,0.009,0.0374,0.041,75,51,51,51,75,75,75,75,75,15,9,9,8,15,15,15,15,15,408.1152
10,0.0065,0.04,0.0478,75,51,51,75,75,75,75,75,75,75,15,9,8,15,15,15,15,15,15,15,407.6769
11,0.0013,0.0426,0.054,75,57,75,75,75,75,75,75,75,75,75,15,11,15,15,15,15,15,15,15,15,15,403.4847
12,0.0006,0.0437,0.0579,75,75,75,75,75,75,75,75,75,75,75,75,15,15,15,15,15,15,15,15,15,15,15,15,399.609
13,0.0054,0.0409,0.0501,75,51,51,75,75,75,75,75,75,75,75,75,75,14,9,9,14,14,14,14,14,14,14,14,14,14,404.6922
14,0.0025,0.0425,0.0543,75,51,75,75,75,75,75,75,75,75,75,75,75,75,14,10,14,14,14,14,14,14,14,14,14,14,14,14,403.7232
15,0.0014,0.0438,0.0579,75,75,75,75,75,75,75,75,75,75,75,75,75,75,75,14,14,14,14,14,14,14,14,14,14,14,14,14,14,14,395.2578
16,0.0021,0.0439,0.0579,75,75,75,75,75,75,75,75,75,75,75,75,75,75,75,75,14,14,14,14,14,14,14,14,14,14,13,13,13,13,13,13,399.5034
17,0.006,0.0418,0.0519,75,51,51,75,75,75,75,75,75,75,75,75,75,75,75,75,75,13,9,9,13,13,13,13,13,13,13,13,13,13,13,13,13,13,404.8917
18,0.004,0.043,0.0551,75,51,75,75,75,75,75,75,75,75,75,75,75,75,75,75,75,75,13,10,13,13,13,13,13,13,13,13,13,13,13,13,13,13,13,13,402.8613
19,0.0033,0.0441,0.0579,75,75,75,75,75,75,75,75,75,75,75,75,75,75,75,75,75,75,75,13,13,13,13,13,13,13,13,13,13,13,13,13,13,13,13,13,13,13,394.6215
20,0.0039,0.0441,0.0579,75,75,75,75,75,75,75,75,75,75,75,75,75,75,75,75,75,75,75,75,13,13,13,13,13,13,13,13,13,13,13,13,13,13,13,13,13,12,12,12,399.9285
21,0.0064,0.0443,0.0579,75,75,75,75,75,75,75,75,75,75,75,75,75,75,75,75,75,75,75,75,75,13,13,13,13,13,12,12,12,12,12,12,12,12,12,12,12,12,12,12,12,12,399.9285
