1,0.0051,0.4512,0.0,3,8.39997
2,0.3812,0.0113,0.0,3,3,4.4333,4.399969
3,0.7017,0.0113,0.0,3,3,3,3.066644,3.066645,3.066648
4,0.8211,0.0113,0.0,3,3,3,3,2.399966,2.366635,2.366636,2.366638
5,0.8814,0.0113,0.0,3,3,3,3,3,1.933299,1.9333,1.933301,1.966635,1.899971
6,0.9165,0.0113,0.0,3,3,3,3,3,3,1.633299,1.6333,1.599969,1.633303,1.599971,1.633305
7,0.9395,0.0113,0.0,3,3,3,3,3,3,3,1.399969,1.39997,1.366638,1.366639,1.36664,1.399973,1.366641
8,0.9549,0.0113,0.0,3,3,3,3,3,3,3,3,1.199967,1.199968,1.199969,1.19997,1.166639,1.16664,1.199973,1.199974
9,0.9631,0.0113,0.0,3,3,3,3,3,3,3,3,3,1.0333,1.066633,1.099966,1.099967,1.066635,1.066636,1.099969,1.066638,1.099971
10,0.9703,0.0113,0.0,3,3,3,3,3,3,3,3,3,3,0.99989,0.933231,0.999891,0.966562,0.966563,0.933234,0.999894,0.933235,0.966566,0.966566
11,0.9758,0.0113,0.0,3,3,3,3,3,3,3,3,3,3,3,0.899967,0.866636,0.9333,0.833304,0.899969,0.89997,0.833306,0.799974,0.833307,0.933304,0.86664
12,0.9797,0.0113,0.0,3,3,3,3,3,3,3,3,3,3,3,3,0.733302,0.799967,0.866631,0.8333,0.766637,0.933298,0.733306,0.833303,0.733307,0.799972,0.766641,0.766641
13,0.9827,0.0113,0.0,3,3,3,3,3,3,3,3,3,3,3,3,3,0.633319,0.733318,0.699986,0.699986,0.766652,0.73332,0.799986,0.666655,0.733321,0.799987,0.833321,0.666657,0.799989
14,0.9852,0.0113,0.0,3,3,3,3,3,3,3,3,3,3,3,3,3,3,0.633302,0.599971,0.699966,0.666635,0.699967,0.733299,0.799964,0.699969,0.766633,0.599974,0.799966,0.666639,0.566643,0.566644
15,0.987,0.0113,0.0,3,3,3,3,3,3,3,3,3,3,3,3,3,3,3,0.733298,0.599971,0.56664,0.56664,0.533309,0.766632,0.699968,0.599973,0.499978,0.833297,0.499978,0.666638,0.566643,0.766635,0.599975
16,0.989,0.0113,0.0,3,3,3,3,3,3,3,3,3,3,3,3,3,3,3,3,0.533151,0.566474,0.466508,0.666441,0.766407,0.666441,0.499831,0.599798,0.599798,0.566477,0.699766,0.466511,0.466511,0.666445,0.633123,0.43319
17,0.9899,0.0113,0.0,3,3,3,3,3,3,3,3,3,3,3,3,3,3,3,3,3,0.566616,0.566616,0.433295,0.633278,0.566617,0.366635,0.399966,0.66661,0.566619,0.499958,0.56662,0.499959,0.53329,0.766605,0.699944,0.566622,0.566623
18,0.9907,0.0113,0.0,3,3,3,3,3,3,3,3,3,3,3,3,3,3,3,3,3,3,0.366646,0.299983,0.66663,0.66663,0.633299,0.566636,0.333316,0.499974,0.566637,0.499974,0.733296,0.39998,0.766629,0.499976,0.299985,0.333317,0.533308,0.699967
19,0.9919,0.0113,0.0,3,3,3,3,3,3,3,3,3,3,3,3,3,3,3,3,3,3,3,0.399992,0.333327,0.633321,0.666654,0.433326,0.633323,0.399994,0.366661,0.599991,0.733323,0.533327,0.466661,0.56666,0.433329,0.433329,0.566662,0.333331,0.366664,0.433331
20,0.9925,0.0113,0.0,3,3,3,3,3,3,3,3,3,3,3,3,3,3,3,3,3,3,3,3,0.566623,0.299977,0.366639,0.666617,0.36664,0.499964,0.566626,0.566627,0.33331,0.399972,0.29998,0.566629,0.466636,0.466636,0.666624,0.366643,0.299981,0.79995,0.466638,0.299982
21,0.993,0.0113,0.0,3,3,3,3,3,3,3,3,3,3,3,3,3,3,3,3,3,3,3,3,3,0.233316,0.333309,0.733281,0.566626,0.733282,0.599958,0.499966,0.599959,0.566628,0.499966,0.29998,0.29998,0.466636,0.499967,0.299981,0.26665,0.366643,0.466637,0.299981,0.399975,0.299982
1,0.0029,1.0,0.0,3,8.43332
2,0.3671,0.0113,0.0,3,3,4.466654,4.466656
3,0.7017,0.0113,0.0,3,3,3,3.09975,3.06642,3.033092
4,0.8223,0.0113,0.0,3,3,3,3,2.399989,2.366658,2.36666,2.333328
5,0.8823,0.0113,0.0,3,3,3,3,3,1.933044,1.899717,1.933047,1.933048,1.933049
6,0.9171,0.0113,0.0,3,3,3,3,3,3,1.599576,1.599577,1.632903,1.632905,1.599581,1.632907
7,0.9383,0.0113,0.0,3,3,3,3,3,3,3,1.365932,1.399249,1.39925,1.39925,1.399251,1.399252,1.399253
8,0.9556,0.0113,0.0,3,3,3,3,3,3,3,3,1.199964,1.166633,1.166634,1.199967,1.166635,1.166636,1.199969,1.19997
9,0.9639,0.0113,0.0,3,3,3,3,3,3,3,3,3,1.066586,1.066587,1.033256,1.066588,1.066589,1.133251,1.06659,1.03326,1.066591
10,0.9709,0.0113,0.0,3,3,3,3,3,3,3,3,3,3,0.933304,0.933304,0.933305,0.966638,1.033303,0.999971,0.933307,0.899975,0.999973,0.933309
11,0.9759,0.0113,0.0,3,3,3,3,3,3,3,3,3,3,3,0.799972,0.799972,0.833305,0.966634,0.799973,0.833306,0.999968,0.833307,0.933305,0.866641,0.899974
12,0.98,0.0113,0.0,3,3,3,3,3,3,3,3,3,3,3,3,0.833284,0.73329,0.799954,0.733291,0.866618,0.833287,0.766624,0.733293,0.766625,0.733295,0.933285,0.766627
13,0.9826,0.0113,0.0,3,3,3,3,3,3,3,3,3,3,3,3,3,0.799918,0.633269,0.833249,0.69993,0.86658,0.799921,0.866582,0.699932,0.666603,0.733263,0.599943,0.633274,0.733265
14,0.9852,0.0113,0.0,3,3,3,3,3,3,3,3,3,3,3,3,3,3,0.699967,0.666635,0.733299,0.7333,0.566641,0.699969,0.833297,0.566642,0.666638,0.633307,0.566643,0.699971,0.766636,0.66664
15,0.9869,0.0113,0.0,3,3,3,3,3,3,3,3,3,3,3,3,3,3,3,0.633302,0.733298,0.566639,0.733299,0.833294,0.499977,0.599973,0.699969,0.666637,0.766633,0.599974,0.499979,0.533311,0.599975,0.566644
16,0.9885,0.0113,0.0,3,3,3,3,3,3,3,3,3,3,3,3,3,3,3,3,0.666404,0.733045,0.699725,0.566444,0.799687,0.466484,0.466485,0.433165,0.566446,0.499806,0.466486,0.73305,0.69973,0.433166,0.633089,0.566449
17,0.9899,0.0113,0.0,3,3,3,3,3,3,3,3,3,3,3,3,3,3,3,3,3,0.799952,0.399976,0.46664,0.46664,0.633298,0.499972,0.499973,0.833288,0.499973,0.599969,0.499974,0.566638,0.466643,0.566639,0.399981,0.733299,0.433313
18,0.991,0.0113,0.0,3,3,3,3,3,3,3,3,3,3,3,3,3,3,3,3,3,3,0.466615,0.566604,0.699923,0.733253,0.433286,0.599935,0.533277,0.533277,0.699927,0.433288,0.366629,0.366629,0.433289,0.43329,0.59994,0.599941,0.399961,0.466621
19,0.9922,0.0113,0.0,3,3,3,3,3,3,3,3,3,3,3,3,3,3,3,3,3,3,3,0.399974,0.599961,0.499968,0.466637,0.466637,0.499969,0.466638,0.299982,0.566632,0.566633,0.566633,0.299983,0.366646,0.399977,0.366646,0.66663,0.766625,0.299984,0.566637
20,0.9928,0.0113,0.0,3,3,3,3,3,3,3,3,3,3,3,3,3,3,3,3,3,3,3,3,0.466635,0.666621,0.566628,0.466636,0.566629,0.29998,0.299981,0.533299,0.466637,0.299981,0.433307,0.433307,0.599964,0.466639,0.399977,0.333314,0.533303,0.46664,0.466641,0.566636
21,0.9932,0.0113,0.0,3,3,3,3,3,3,3,3,3,3,3,3,3,3,3,3,3,3,3,3,3,0.499965,0.33331,0.366642,0.499966,0.433304,0.466636,0.266649,0.266649,0.333312,0.566631,0.26665,0.533301,0.666626,0.666627,0.599965,0.399977,0.299983,0.566635,0.566635,0.266652,0.466641
1,0.005,0.0236,0.0,3,8.433321
2,0.3858,0.0113,0.0,3,3,4.39999,4.399992
3,0.7038,0.0113,0.0,3,3,3,3.066654,3.066655,3.033325
4,0.8223,0.0113,0.0,3,3,3,3,2.366494,2.366496,2.366497,2.366499
5,0.8839,0.0113,0.0,3,3,3,3,3,1.899733,1.933063,1.899735,1.899736,1.933066
6,0.9182,0.0113,0.0,3,3,3,3,3,3,1.599991,1.599992,1.599993,1.633327,1.599995,1.599995
7,0.94,0.0113,0.0,3,3,3,3,3,3,3,1.365783,1.365784,1.365785,1.399097,1.399098,1.365787,1.365788
8,0.954,0.0113,0.0,3,3,3,3,3,3,3,3,1.233033,1.199708,1.199708,1.199709,1.19971,1.19971,1.199711,1.199712
9,0.9636,0.0113,0.0,3,3,3,3,3,3,3,3,3,1.09999,1.066658,1.099992,1.066659,1.033327,1.06666,1.066661,1.066662,1.066663
10,0.9713,0.0113,0.0,3,3,3,3,3,3,3,3,3,3,0.933323,0.933323,0.899991,0.966657,1.033324,0.966659,0.899993,0.96666,0.96666,0.933328
11,0.9765,0.0113,0.0,3,3,3,3,3,3,3,3,3,3,3,0.833322,0.933321,0.833323,0.799991,0.866657,0.833324,0.866658,0.833325,0.866659,0.899993,0.899993
12,0.9799,0.0113,0.0,3,3,3,3,3,3,3,3,3,3,3,3,0.666657,0.666657,0.799989,0.899988,0.766657,0.633326,0.866657,0.966656,0.833325,0.699993,0.833325,0.833326
13,0.9831,0.0113,0.0,3,3,3,3,3,3,3,3,3,3,3,3,3,0.799988,0.666657,0.633325,0.666658,0.833323,0.866657,0.733325,0.66666,0.633327,0.699994,0.699994,0.766661,0.766661
14,0.9854,0.0113,0.0,3,3,3,3,3,3,3,3,3,3,3,3,3,3,0.766484,0.766484,0.633183,0.699834,0.666509,0.599859,0.799812,0.533208,0.699836,0.666511,0.633186,0.566535,0.666513,0.733164
15,0.9873,0.0113,0.0,3,3,3,3,3,3,3,3,3,3,3,3,3,3,3,0.666499,0.633175,0.633175,0.766476,0.466551,0.433226,0.533202,0.666503,0.666503,0.833129,0.666504,0.69983,0.533204,0.666505,0.499879
16,0.9887,0.0113,0.0,3,3,3,3,3,3,3,3,3,3,3,3,3,3,3,3,0.466659,0.566658,0.566658,0.69999,0.733323,0.79999,0.466661,0.56666,0.56666,0.799992,0.466662,0.599995,0.533329,0.499996,0.499997,0.566663
17,0.9899,0.0113,0.0,3,3,3,3,3,3,3,3,3,3,3,3,3,3,3,3,3,0.599729,0.866276,0.59973,0.466457,0.433139,0.566412,0.766323,0.466458,0.566413,0.599732,0.566414,0.599733,0.599733,0.433141,0.299867,0.533097,0.366504
18,0.9912,0.0113,0.0,3,3,3,3,3,3,3,3,3,3,3,3,3,3,3,3,3,3,0.366661,0.433327,0.666657,0.366662,0.566659,0.299996,0.666659,0.399995,0.56666,0.566661,0.499995,0.66666,0.499996,0.466663,0.566662,0.499996,0.599996,0.599996
19,0.9921,0.0113,0.0,3,3,3,3,3,3,3,3,3,3,3,3,3,3,3,3,3,3,3,0.399907,0.599862,0.499885,0.599862,0.533211,0.46656,0.399909,0.533212,0.766493,0.366584,0.333258,0.39991,0.333259,0.399911,0.566541,0.566541,0.599867,0.399912,0.466564
20,0.9926,0.0113,0.0,3,3,3,3,3,3,3,3,3,3,3,3,3,3,3,3,3,3,3,3,0.333174,0.399809,0.299857,0.366492,0.466445,0.732985,0.499763,0.433128,0.566399,0.466446,0.499764,0.299859,0.633035,0.299859,0.299859,0.666354,0.666355,0.466449,0.566402,0.29986
21,0.9935,0.0113,0.0,3,3,3,3,3,3,3,3,3,3,3,3,3,3,3,3,3,3,3,3,3,0.466658,0.566656,0.36666,0.266662,0.299995,0.566658,0.499992,0.433327,0.633324,0.499993,0.566659,0.466661,0.299997,0.266664,0.266664,0.33333,0.266664,0.466663,0.699994,0.466663,0.43333
