1,0.772,0.6273,0.7135,81,8.766633
2,0.772,0.6273,0.7135,81,81,8.633296,8.633312
3,0.772,0.6273,0.7135,81,81,81,8.566634,8.566638,8.566643
4,0.772,0.6273,0.7135,81,81,81,81,8.566606,8.566611,8.566616,8.566622
5,0.772,0.6273,0.7135,81,81,81,81,81,8.433293,8.433297,8.433301,8.433306,8.43331
6,0.772,0.6273,0.7135,81,81,81,81,81,81,8.533283,8.533288,8.533292,8.533297,8.533303,8.533309
7,0.772,0.6273,0.7135,81,81,81,81,81,81,81,8.499927,8.499933,8.499938,8.499944,8.499949,8.499954,8.499959
8,0.772,0.6273,0.7135,81,81,81,81,81,81,81,81,8.366456,8.366465,8.366471,8.366477,8.366482,8.366488,8.366495,8.3665
9,0.772,0.6273,0.7135,81,81,81,81,81,81,81,81,81,8.333264,8.333268,8.333271,8.333276,8.333279,8.333283,8.333287,8.333291,8.333295
10,0.772,0.6273,0.7135,81,81,81,81,81,81,81,81,81,81,8.299896,8.2999,8.299904,8.299908,8.299913,8.299918,8.299924,8.299931,8.299937,8.299944
11,0.772,0.6273,0.7135,81,81,81,81,81,81,81,81,81,81,81,8.333244,8.333249,8.333253,8.333258,8.333263,8.333268,8.333273,8.333277,8.333282,8.333286,8.333291
12,0.772,0.6273,0.7135,81,81,81,81,81,81,81,81,81,81,81,81,8.03322,8.033223,8.033228,8.033232,8.033237,8.033242,8.033246,8.033251,8.033258,8.033263,8.033269,8.033275
13,0.772,0.6273,0.7135,81,81,81,81,81,81,81,81,81,81,81,81,81,8.133226,8.13323,8.133233,8.133241,8.133247,8.133253,8.133259,8.133265,8.133271,8.133277,8.133283,8.13329,8.133296
14,0.772,0.6273,0.7135,81,81,81,81,81,81,81,81,81,81,81,81,81,81,8.13322,8.133225,8.133229,8.133235,8.133239,8.133244,8.133248,8.133253,8.133258,8.133263,8.133267,8.133272,8.133276,8.13328
15,0.772,0.6273,0.7135,81,81,81,81,81,81,81,81,81,81,81,81,81,81,81,8.13317,8.133174,8.133179,8.133184,8.133188,8.133192,8.133196,8.133201,8.133205,8.133209,8.133214,8.133218,8.133222,8.133227,8.13323
16,0.772,0.6273,0.7135,81,81,81,81,81,81,81,81,81,81,81,81,81,81,81,81,8.099852,8.099857,8.099863,8.099869,8.099875,8.09988,8.099886,8.099892,8.099898,8.099904,8.09991,8.099915,8.099921,8.099927,8.099932,8.099937
17,0.772,0.6273,0.7135,81,81,81,81,81,81,81,81,81,81,81,81,81,81,81,81,81,8.099836,8.09984,8.099844,8.099849,8.099853,8.099857,8.099862,8.099867,8.099871,8.099876,8.09988,8.099885,8.099889,8.099899,8.099903,8.099907,8.099912
18,0.772,0.6273,0.7135,81,81,81,81,81,81,81,81,81,81,81,81,81,81,81,81,81,81,8.033175,8.033179,8.033184,8.033188,8.033193,8.033199,8.033203,8.033208,8.033213,8.033217,8.033222,8.033226,8.033232,8.033237,8.03324,8.033248,8.033252,8.033257
19,0.772,0.6273,0.7135,81,81,81,81,81,81,81,81,81,81,81,81,81,81,81,81,81,81,81,7.999869,7.999873,7.999878,7.999883,7.999887,7.999892,7.999897,7.999901,7.999906,7.99991,7.999915,7.999919,7.999925,7.999929,7.999932,7.999937,7.999941,7.999946,7.99995
20,0.772,0.6273,0.7135,81,81,81,81,81,81,81,81,81,81,81,81,81,81,81,81,81,81,81,81,8.099798,8.099803,8.099808,8.099816,8.099821,8.099827,8.099833,8.099839,8.099844,8.09985,8.099856,8.099862,8.099868,8.099874,8.099878,8.099884,8.09989,8.099896,8.099902,8.099907
21,0.772,0.6273,0.7135,81,81,81,81,81,81,81,81,81,81,81,81,81,81,81,81,81,81,81,81,81,7.999862,7.999866,7.999871,7.999875,7.99988,7.999885,7.999889,7.999894,7.999898,7.999903,7.999908,7.999913,7.999917,7.999922,7.999926,7.99993,7.999935,7.99994,7.999944,7.999949,7.999953
1,0.772,0.6273,0.7135,81,8.499975
2,0.772,0.6273,0.7135,81,81,8.399967,8.399977
3,0.772,0.6273,0.7135,81,81,81,8.433218,8.433223,8.433227
