1,0.0164,0.0226,0.0,3,8.399989
2,0.3481,0.0231,0.0,3,3,4.533297,4.533299
3,0.6995,0.0231,0.0,3,3,3,3.09997,3.033305,3.099975
4,0.8211,0.0231,0.0,3,3,3,3,2.366632,2.366635,2.366636,2.399971
5,0.8814,0.0231,0.0,3,3,3,3,3,1.9333,1.933301,1.933302,1.933303,1.933305
6,0.9159,0.0231,0.0,3,3,3,3,3,3,1.633301,1.599969,1.633303,1.633304,1.633305,1.633306
7,0.9391,0.0231,0.0,3,3,3,3,3,3,3,1.366633,1.366634,1.399967,1.399968,1.39997,1.366638,1.399972
8,0.9534,0.0231,0.0,3,3,3,3,3,3,3,3,1.199784,1.233113,1.233114,1.199787,1.199788,1.233116,1.199789,1.19979
9,0.9634,0.0231,0.0,3,3,3,3,3,3,3,3,3,1.066634,1.099967,1.099967,1.066636,1.033304,1.09997,1.066638,1.066639,1.06664
10,0.9699,0.0231,0.0,3,3,3,3,3,3,3,3,3,3,0.966633,0.933301,0.999966,0.966635,0.933303,0.966636,0.999969,0.966638,1.033303,0.966639
11,0.9759,0.0231,0.0,3,3,3,3,3,3,3,3,3,3,3,0.866635,0.866635,0.833304,0.833304,0.866637,0.866638,0.866639,0.999969,0.833308,0.833309,0.899974
12,0.9795,0.0231,0.0,3,3,3,3,3,3,3,3,3,3,3,3,0.799967,0.799967,0.8333,0.766636,0.866633,0.799969,0.833302,0.766638,0.799971,0.799972,0.76664,0.799973
13,0.9826,0.0231,0.0,3,3,3,3,3,3,3,3,3,3,3,3,3,0.633263,0.833241,0.699923,0.866572,0.766583,0.866573,0.599936,0.733255,0.666596,0.733257,0.766587,0.699928,0.699928
14,0.9845,0.0231,0.0,3,3,3,3,3,3,3,3,3,3,3,3,3,3,0.766631,0.566641,0.7333,0.833296,0.666637,0.866629,0.599974,0.566642,0.766634,0.699971,0.766635,0.599976,0.599976,0.666641
15,0.9868,0.0231,0.0,3,3,3,3,3,3,3,3,3,3,3,3,3,3,3,0.666631,0.6333,0.499974,0.766627,0.766627,0.766628,0.666633,0.566638,0.59997,0.566639,0.76663,0.533308,0.633304,0.599972,0.533309
16,0.9886,0.0231,0.0,3,3,3,3,3,3,3,3,3,3,3,3,3,3,3,3,0.533305,0.699963,0.466643,0.499974,0.566638,0.533307,0.566639,0.56664,0.466645,0.699968,0.699968,0.499978,0.699969,0.566642,0.666639,0.733303
17,0.9898,0.0231,0.0,3,3,3,3,3,3,3,3,3,3,3,3,3,3,3,3,3,0.499972,0.43331,0.466641,0.599968,0.699963,0.766627,0.566637,0.466643,0.59997,0.499975,0.699965,0.566639,0.633303,0.466644,0.433313,0.633304,0.466645
18,0.991,0.0231,0.0,3,3,3,3,3,3,3,3,3,3,3,3,3,3,3,3,3,3,0.766519,0.466577,0.399924,0.633213,0.533232,0.499905,0.56656,0.599887,0.433252,0.566561,0.46658,0.566562,0.399926,0.466581,0.566563,0.466581,0.399927,0.633218
19,0.992,0.0231,0.0,3,3,3,3,3,3,3,3,3,3,3,3,3,3,3,3,3,3,3,0.466638,0.399975,0.399976,0.599964,0.599964,0.433308,0.466639,0.566634,0.599966,0.499972,0.399977,0.399978,0.599967,0.43331,0.533304,0.533305,0.466642,0.399979,0.599969
20,0.9925,0.0231,0.0,3,3,3,3,3,3,3,3,3,3,3,3,3,3,3,3,3,3,3,3,0.633288,0.533296,0.533296,0.433304,0.366642,0.666622,0.366642,0.499967,0.466636,0.366643,0.433306,0.366644,0.399975,0.433307,0.333313,0.566633,0.599965,0.633297,0.366646,0.499972
21,0.9931,0.0231,0.0,3,3,3,3,3,3,3,3,3,3,3,3,3,3,3,3,3,3,3,3,3,0.433215,0.299918,0.499864,0.499864,0.733135,0.466541,0.266595,0.366568,0.466542,0.566516,0.466543,0.299921,0.466543,0.233272,0.533193,0.266597,0.266597,0.399896,0.699819,0.533196,0.566521
