1,0.5138,0.8205,0.5579,81,8.733302
2,0.5148,0.8204,0.5579,81,81,8.633296,8.633307
3,0.5148,0.8204,0.5579,81,81,81,8.633307,8.633313,8.633318
4,0.5154,0.8204,0.5579,81,81,81,81,8.566621,8.566628,8.566633,8.566637
5,0.5157,0.8203,0.5579,81,81,81,81,81,8.533285,8.533289,8.533293,8.533297,8.533301
6,0.5157,0.8203,0.5579,81,81,81,81,81,81,8.533271,8.533276,8.53328,8.533285,8.53329,8.533296
7,0.5184,0.8201,0.5579,81,81,81,81,81,81,81,8.266595,8.266599,8.266604,8.26661,8.266615,8.26662,8.266624
8,0.5195,0.82,0.5579,81,81,81,81,81,81,81,81,8.16661,8.166614,8.166617,8.166622,8.166626,8.16663,8.166634,8.166637
9,0.5184,0.8201,0.5579,81,81,81,81,81,81,81,81,81,8.266572,8.266577,8.266582,8.266589,8.266595,8.2666,8.266603,8.266607,8.266613
10,0.5184,0.8201,0.5579,81,81,81,81,81,81,81,81,81,81,8.266589,8.266593,8.266599,8.266603,8.266606,8.266611,8.266617,8.266621,8.266625,8.26663
11,0.5184,0.8201,0.5579,81,81,81,81,81,81,81,81,81,81,81,8.266561,8.266565,8.266568,8.266572,8.266576,8.266588,8.266592,8.266596,8.2666,8.266604,8.266609
12,0.5198,0.8199,0.5579,81,81,81,81,81,81,81,81,81,81,81,81,8.133023,8.133028,8.133032,8.133035,8.133039,8.133043,8.133046,8.13305,8.133055,8.133061,8.133068,8.133077
13,0.5191,0.82,0.5579,81,81,81,81,81,81,81,81,81,81,81,81,81,8.199899,8.199904,8.199907,8.199911,8.199917,8.199923,8.19993,8.199936,8.199942,8.199948,8.199954,8.199961,8.199967
14,0.5191,0.82,0.5579,81,81,81,81,81,81,81,81,81,81,81,81,81,81,8.199606,8.19961,8.199613,8.199617,8.199621,8.199625,8.19963,8.199636,8.199641,8.199647,8.199652,8.199657,8.199663,8.199667
15,0.5184,0.8201,0.5579,81,81,81,81,81,81,81,81,81,81,81,81,81,81,81,8.266559,8.266563,8.266567,8.266572,8.266577,8.266582,8.266586,8.266591,8.266596,8.266601,8.266605,8.26661,8.266615,8.26662,8.266623
16,0.5206,0.8199,0.5579,81,81,81,81,81,81,81,81,81,81,81,81,81,81,81,81,8.066538,8.066543,8.066547,8.066551,8.066557,8.066563,8.066569,8.066575,8.066581,8.066587,8.066593,8.066599,8.066604,8.066611,8.066615,8.066621
17,0.521,0.8198,0.5579,81,81,81,81,81,81,81,81,81,81,81,81,81,81,81,81,81,8.033178,8.033183,8.033187,8.033191,8.033196,8.0332,8.033205,8.03321,8.033214,8.033218,8.033223,8.033228,8.033232,8.033237,8.03324,8.033244,8.033248
18,0.5203,0.8199,0.5579,81,81,81,81,81,81,81,81,81,81,81,81,81,81,81,81,81,81,8.099891,8.099895,8.099899,8.099903,8.066575,8.06658,8.099917,8.099922,8.099926,8.066597,8.066602,8.09994,8.099944,8.099949,8.099952,8.066623,8.066628,8.066632
19,0.521,0.8198,0.5579,81,81,81,81,81,81,81,81,81,81,81,81,81,81,81,81,81,81,81,8.033143,8.033147,8.033151,8.033156,8.033162,8.033168,8.033174,8.03318,8.033185,8.033191,8.033198,8.033204,8.03321,8.033216,8.03322,8.033225,8.033231,8.033238,8.033244
20,0.5207,0.8199,0.5579,81,81,81,81,81,81,81,81,81,81,81,81,81,81,81,81,81,81,81,81,8.066527,8.033198,8.066535,8.066539,8.066544,8.033216,8.03322,8.066558,8.066562,8.066567,8.033239,8.066577,8.066582,8.066586,8.033256,8.03326,8.066598,8.03327,8.066608,8.033279
21,0.5217,0.8198,0.5579,81,81,81,81,81,81,81,81,81,81,81,81,81,81,81,81,81,81,81,81,81,7.966464,7.966468,7.966473,7.966478,7.966484,7.96649,7.966495,7.9665,7.966504,7.966512,7.966517,7.966522,7.966527,7.966531,7.966537,7.966543,7.966549,7.966555,7.966561,7.966567,7.966572
1,0.5173,0.8202,0.5579,81,8.366647
2,0.5184,0.8201,0.5579,81,81,8.266574,8.266585
3,0.517,0.8202,0.5579,81,81,81,8.399964,8.399969,8.399973
