1,0.5141,0.3752,0.5579,81,8.699954
2,0.5151,0.3752,0.5579,81,81,8.599967,8.599977
3,0.5151,0.3752,0.5579,81,81,81,8.599888,8.599892,8.599898
4,0.5173,0.3752,0.5579,81,81,81,81,8.366534,8.36654,8.366545,8.366549
5,0.5173,0.3752,0.5579,81,81,81,81,81,8.366619,8.366623,8.366626,8.36663,8.366633
6,0.5177,0.3752,0.5579,81,81,81,81,81,81,8.333214,8.333219,8.333224,8.333231,8.333237,8.333243
7,0.5191,0.3752,0.5579,81,81,81,81,81,81,81,8.199942,8.199947,8.199952,8.199957,8.199962,8.19997,8.199974
8,0.5167,0.3752,0.5579,81,81,81,81,81,81,81,81,8.433271,8.433276,8.43328,8.433286,8.433291,8.433297,8.433303,8.433308
9,0.5184,0.3752,0.5579,81,81,81,81,81,81,81,81,81,8.266578,8.266582,8.266587,8.266592,8.266597,8.266602,8.266606,8.266612,8.266617
10,0.5187,0.3752,0.5579,81,81,81,81,81,81,81,81,81,81,8.233262,8.233266,8.23327,8.233274,8.233279,8.233283,8.233287,8.233291,8.233295,8.2333
11,0.5177,0.3752,0.5579,81,81,81,81,81,81,81,81,81,81,81,8.333021,8.333026,8.333031,8.333036,8.333041,8.333046,8.333051,8.333055,8.333059,8.333063,8.333067
12,0.5195,0.3752,0.5579,81,81,81,81,81,81,81,81,81,81,81,81,8.166556,8.166561,8.166565,8.16657,8.166575,8.16658,8.166585,8.166589,8.166594,8.166598,8.166604,8.166608
13,0.5198,0.3752,0.5579,81,81,81,81,81,81,81,81,81,81,81,81,81,8.13321,8.133215,8.133219,8.133228,8.133233,8.133238,8.133243,8.133247,8.133251,8.133256,8.133261,8.133266,8.13327
14,0.5198,0.3752,0.5579,81,81,81,81,81,81,81,81,81,81,81,81,81,81,8.133195,8.1332,8.133204,8.133209,8.133212,8.133218,8.133223,8.133228,8.133234,8.13324,8.133245,8.133251,8.133256,8.133261
15,0.5217,0.3752,0.5579,81,81,81,81,81,81,81,81,81,81,81,81,81,81,81,7.966538,7.966542,7.966546,7.966551,7.966555,7.966564,7.966569,7.966573,7.966577,7.966582,7.966586,7.966591,7.966595,7.9666,7.966603
16,0.5198,0.3752,0.5579,81,81,81,81,81,81,81,81,81,81,81,81,81,81,81,81,8.133084,8.133089,8.133094,8.133099,8.133103,8.133108,8.133113,8.133117,8.133122,8.133126,8.13313,8.133134,8.133138,8.133142,8.133145,8.13315
17,0.5195,0.3752,0.5579,81,81,81,81,81,81,81,81,81,81,81,81,81,81,81,81,81,8.166359,8.166363,8.166368,8.166375,8.166381,8.166388,8.166394,8.166401,8.166407,8.166413,8.166419,8.166426,8.166432,8.166439,8.166443,8.166452,8.166458
18,0.5217,0.3752,0.5579,81,81,81,81,81,81,81,81,81,81,81,81,81,81,81,81,81,81,7.966547,7.966552,7.966556,7.966561,7.966565,7.96657,7.966575,7.96658,7.966584,7.966589,7.966593,7.966598,7.966603,7.966608,7.966612,7.966616,7.966621,7.966626
19,0.5213,0.3752,0.5579,81,81,81,81,81,81,81,81,81,81,81,81,81,81,81,81,81,81,81,7.999864,7.999869,7.999873,7.999878,7.999883,7.999888,7.999893,7.999897,7.999902,7.999906,7.999911,7.999916,7.999921,7.999926,7.999929,7.999933,7.999938,7.999943,7.999948
20,0.5217,0.3752,0.5579,81,81,81,81,81,81,81,81,81,81,81,81,81,81,81,81,81,81,81,81,7.966161,7.966165,7.966169,7.966174,7.966179,7.966184,7.966189,7.966193,7.966198,7.966202,7.966208,7.966213,7.966218,7.966222,7.966225,7.96623,7.966235,7.96624,7.966244,7.966249
21,0.521,0.3752,0.5579,81,81,81,81,81,81,81,81,81,81,81,81,81,81,81,81,81,81,81,81,81,8.033176,8.033181,8.033187,8.033191,8.033195,8.0332,8.033203,8.033209,8.033214,8.033218,8.033222,8.033228,8.033234,8.03324,8.033246,8.033252,8.033258,8.033264,8.03327,8.033276,8.033282
1,0.516,0.3752,0.5579,81,8.499989
2,0.5173,0.3752,0.5579,81,81,8.366641,8.36665
3,0.517,0.3752,0.5579,81,81,81,8.399964,8.399968,8.399973
