1,0.0261,0.3027,0.0,3,8.799981
2,0.4133,0.1803,0.0,3,3,4.599947,4.633287
3,0.7336,0.1803,0.0,3,3,3,3.099967,3.133301,3.09997
4,0.837,0.1803,0.0,3,3,3,3,2.433301,2.433303,2.466638,2.399973
5,0.8943,0.1803,0.0,3,3,3,3,3,1.966634,1.933302,1.966636,1.966637,1.966639
6,0.9266,0.1803,0.0,3,3,3,3,3,3,1.633299,1.6333,1.633301,1.633303,1.633304,1.633305
7,0.946,0.1803,0.0,3,3,3,3,3,3,3,1.39997,1.39997,1.399971,1.399972,1.399972,1.399973,1.399974
8,0.9598,0.1803,0.0,3,3,3,3,3,3,3,3,1.199293,1.232607,1.232607,1.232608,1.199295,1.165982,1.199296,1.199297
9,0.9673,0.1803,0.0,3,3,3,3,3,3,3,3,3,1.099966,1.133299,1.066635,1.066636,1.033304,1.066637,1.133303,1.099971,1.099972
10,0.9737,0.1803,0.0,3,3,3,3,3,3,3,3,3,3,0.999969,0.966638,0.99997,0.966639,0.966639,0.933307,1.066637,0.933308,0.966641,0.966642
11,0.9788,0.1803,0.0,3,3,3,3,3,3,3,3,3,3,3,0.966631,0.899968,0.866636,0.833304,0.866637,0.933302,0.866638,0.833307,0.799975,0.833308,0.933305
12,0.9822,0.1803,0.0,3,3,3,3,3,3,3,3,3,3,3,3,0.833197,0.766541,0.833197,0.766542,0.833198,0.799871,0.766543,0.766544,0.733216,0.866529,0.733217,0.933186
13,0.9851,0.1803,0.0,3,3,3,3,3,3,3,3,3,3,3,3,3,0.733298,0.76663,0.699966,0.799962,0.666636,0.799963,0.666637,0.733301,0.69997,0.833298,0.633307,0.833299,0.66664
14,0.987,0.1803,0.0,3,3,3,3,3,3,3,3,3,3,3,3,3,3,0.666284,0.63297,0.632971,0.599657,0.6996,0.6996,0.632972,0.832858,0.666287,0.599658,0.832859,0.632973,0.666288,0.766232
15,0.9886,0.1803,0.0,3,3,3,3,3,3,3,3,3,3,3,3,3,3,3,0.766633,0.733302,0.566642,0.666639,0.566643,0.533311,0.633307,0.66664,0.633308,0.699972,0.633309,0.599977,0.766638,0.499981,0.63331
16,0.9899,0.1803,0.0,3,3,3,3,3,3,3,3,3,3,3,3,3,3,3,3,0.566638,0.466643,0.566638,0.666634,0.599971,0.433312,0.466644,0.699967,0.56664,0.599972,0.699968,0.7333,0.466646,0.599974,0.766633,0.666638
17,0.9913,0.1803,0.0,3,3,3,3,3,3,3,3,3,3,3,3,3,3,3,3,3,0.466642,0.566637,0.466642,0.566637,0.599969,0.466643,0.499975,0.666634,0.499976,0.699966,0.56664,0.633303,0.466645,0.566641,0.766632,0.466646,0.466647
18,0.9921,0.1803,0.0,3,3,3,3,3,3,3,3,3,3,3,3,3,3,3,3,3,3,0.499971,0.433309,0.433309,0.399978,0.566635,0.566636,0.566636,0.466642,0.699963,0.6333,0.466643,0.599969,0.733296,0.466643,0.466644,0.499976,0.533308,0.466644
19,0.993,0.1803,0.0,3,3,3,3,3,3,3,3,3,3,3,3,3,3,3,3,3,3,3,0.466549,0.566524,0.533199,0.46655,0.3999,0.73315,0.466551,0.333251,0.399901,0.399901,0.333251,0.666502,0.466552,0.599853,0.366577,0.499878,0.566528,0.599854,0.466553
20,0.9934,0.1803,0.0,3,3,3,3,3,3,3,3,3,3,3,3,3,3,3,3,3,3,3,3,0.366527,0.53313,0.766375,0.699734,0.366528,0.46649,0.499811,0.43317,0.599774,0.333208,0.39985,0.299888,0.266567,0.566456,0.633098,0.533136,0.299889,0.433173,0.466495,0.466495
21,0.9939,0.1803,0.0,3,3,3,3,3,3,3,3,3,3,3,3,3,3,3,3,3,3,3,3,3,0.233322,0.466645,0.299986,0.266655,0.266655,0.399983,0.299987,0.599975,0.733303,0.633308,0.366652,0.466649,0.266657,0.699974,0.63331,0.633311,0.366654,0.366654,0.433319,0.366655,0.566648
22,0.9947,0.1803,0.0,3,3,3,3,3,3,3,3,3,3,3,3,3,3,3,3,3,3,3,3,3,3,0.46642,0.366473,0.499737,0.433105,0.566369,0.666317,0.39979,0.299843,0.466423,0.533055,0.566371,0.299844,0.399792,0.266528,0.299844,0.599689,0.266528,0.399793,0.499741,0.266529,0.366477,0.366478
23,0.9951,0.1803,0.0,3,3,3,3,3,3,3,3,3,3,3,3,3,3,3,3,3,3,3,3,3,3,3,0.533294,0.399971,0.266647,0.299978,0.399971,0.233317,0.499965,0.66662,0.466634,0.566628,0.233317,0.433304,0.633291,0.333311,0.566629,0.433305,0.266649,0.333312,0.299981,0.466637,0.366644,0.366644,0.199988
24,0.9956,0.1803,0.0,3,3,3,3,3,3,3,3,3,3,3,3,3,3,3,3,3,3,3,3,3,3,3,3,0.366638,0.299977,0.299977,0.299977,0.466632,0.566625,0.333309,0.299978,0.333309,0.433303,0.533296,0.366641,0.433304,0.29998,0.466636,0.29998,0.299981,0.399975,0.566631,0.399975,0.26665,0.466639,0.233319,0.566633
25,0.9959,0.1803,0.0,3,3,3,3,3,3,3,3,3,3,3,3,3,3,3,3,3,3,3,3,3,3,3,3,3,0.39997,0.566624,0.366639,0.433301,0.299978,0.266647,0.299978,0.266647,0.466633,0.366641,0.366641,0.233317,0.366641,0.266648,0.299979,0.466635,0.633291,0.333311,0.233318,0.433305,0.433305,0.466636,0.433306,0.26665,0.366644
26,0.996,0.1803,0.0,3,3,3,3,3,3,3,3,3,3,3,3,3,3,3,3,3,3,3,3,3,3,3,3,3,3,0.466557,0.566534,0.599859,0.433232,0.199953,0.499884,0.433233,0.299931,0.499885,0.23328,0.166628,0.566537,0.299931,0.333257,0.433235,0.699841,0.199955,0.366584,0.266607,0.266607,0.299933,0.233281,0.199956,0.233282,0.16663,0.233282
27,0.9964,0.1803,0.0,3,3,3,3,3,3,3,3,3,3,3,3,3,3,3,3,3,3,3,3,3,3,3,3,3,3,3,0.566592,0.33329,0.399948,0.533264,0.366619,0.399948,0.466607,0.299962,0.299962,0.299962,0.166646,0.499937,0.366621,0.433279,0.199975,0.299963,0.233305,0.566597,0.199976,0.199976,0.433281,0.166647,0.266635,0.466611,0.333294,0.199976,0.199977
28,0.9966,0.1803,0.0,3,3,3,3,3,3,3,3,3,3,3,3,3,3,3,3,3,3,3,3,3,3,3,3,3,3,3,3,0.166653,0.66661,0.299975,0.499958,0.233314,0.166653,0.299976,0.366637,0.566621,0.333307,0.399968,0.46663,0.299977,0.566623,0.233315,0.233316,0.466631,0.333308,0.233316,0.266647,0.466632,0.166655,0.199986,0.266648,0.166655,0.233317,0.266648,0.199986
29,0.9969,0.1803,0.0,3,3,3,3,3,3,3,3,3,3,3,3,3,3,3,3,3,3,3,3,3,3,3,3,3,3,3,3,3,0.33332,0.633308,0.266656,0.49998,0.233324,0.399985,0.133328,0.266657,0.199993,0.199993,0.333322,0.333322,0.199993,0.266658,0.266658,0.199994,0.499984,0.533317,0.266658,0.233326,0.266659,0.266659,0.299991,0.499986,0.266659,0.499987,0.13333,0.26666,0.26666
30,0.997,0.1803,0.0,3,3,3,3,3,3,3,3,3,3,3,3,3,3,3,3,3,3,3,3,3,3,3,3,3,3,3,3,3,3,0.199979,0.199979,0.299969,0.19998,0.19998,0.19998,0.19998,0.16665,0.199981,0.466622,0.166651,0.499953,0.199981,0.166651,0.466624,0.199982,0.166652,0.299973,0.333304,0.499956,0.433296,0.199983,0.433296,0.433297,0.399967,0.266645,0.299975,0.333306,0.199984,0.666614
