1,0.05,0.1857,0.0,69,11
2,0.05,0.1857,0.0,69,69,11,11
3,0.05,0.1857,0.0,69,69,69,11,11,11
4,0.05,0.1857,0.0,69,69,69,69,11,11,11,11
5,0.05,0.1857,0.0,69,69,69,69,69,11,11,11,11,11
6,0.05,0.1857,0.0,69,69,69,69,69,69,11,11,11,11,11,11
7,0.05,0.1857,0.0,69,69,69,69,69,69,69,11,11,11,11,11,11,11
8,0.0788,0.1881,0.0065,57,69,69,69,69,75,75,75,10,11,11,10,10,11,11,11
9,0.0704,0.1974,0.0096,57,69,69,69,75,75,75,75,75,10,11,11,10,11,11,11,11,11
10,0.0704,0.2024,0.0121,57,69,69,75,75,75,75,75,75,75,10,11,10,11,11,11,11,11,11,11
11,0.0545,0.1997,0.0079,57,57,57,57,57,57,75,75,75,75,75,11,11,11,11,11,11,11,11,11,11,11
12,0.0773,0.193,0.0087,57,57,57,57,57,57,75,75,75,75,75,75,11,11,10,10,10,10,11,11,11,11,11,11
13,0.0613,0.2028,0.0107,57,57,57,57,57,75,75,75,75,75,75,75,75,11,11,11,11,10,11,11,11,11,11,11,11,11
14,0.0803,0.1968,0.0111,57,57,57,57,57,75,75,75,75,75,75,75,75,75,10,10,10,10,10,11,11,11,11,11,11,11,11,11
15,0.0662,0.2051,0.0127,57,57,57,57,75,75,75,75,75,75,75,75,75,75,75,11,11,10,10,11,11,11,11,11,11,11,11,11,11,11
16,0.1168,0.1613,0.0,69,69,69,69,69,69,69,69,69,69,69,69,69,69,69,69,10,10,10,10,10,10,10,10,10,10,10,10,10,10,10,10
17,0.5322,0.0994,0.002,57,69,69,69,69,69,69,69,69,69,69,69,69,69,69,75,75,7,7,7,7,7,7,7,7,7,7,7,7,7,7,7,7,7
18,0.5337,0.1017,0.0039,57,69,69,69,69,69,69,69,69,69,69,69,69,69,75,75,75,75,7,7,7,7,7,7,7,7,7,7,7,7,7,7,7,7,7,7
19,0.5352,0.1038,0.0055,57,69,69,69,69,69,69,69,69,69,69,69,69,75,75,75,75,75,75,7,7,7,7,7,7,7,7,7,7,7,7,7,7,7,7,7,7,7
20,0.5364,0.1056,0.0069,57,69,69,69,69,69,69,69,69,69,69,69,75,75,75,75,75,75,75,75,7,7,7,7,7,7,7,7,7,7,7,7,7,7,7,7,7,7,7,7
21,0.4672,0.1677,0.0395,57,75,75,75,75,75,75,75,75,75,75,75,75,75,75,75,75,75,75,81,81,7,8,8,8,7,7,7,7,7,7,7,7,7,7,7,7,7,7,7,13,13
22,0.4526,0.1887,0.0494,57,75,75,75,75,75,75,75,75,75,75,75,75,75,75,75,75,75,75,81,81,81,7,8,8,8,7,7,7,7,7,7,7,7,7,7,7,7,7,7,7,13,13,13
23,0.4515,0.2074,0.0585,57,75,75,75,75,75,75,75,75,75,75,75,75,75,75,75,75,75,75,81,81,81,81,7,8,8,7,7,7,7,7,7,7,7,7,7,7,7,7,7,7,7,13,13,13,13
24,0.4505,0.2246,0.0668,57,75,75,75,75,75,75,75,75,75,75,75,75,75,75,75,75,75,75,81,81,81,81,81,7,8,7,7,7,7,7,7,7,7,7,7,7,7,7,7,7,7,7,13,13,13,13,13
25,0.4495,0.2404,0.0745,57,75,75,75,75,75,75,75,75,75,75,75,75,75,75,75,75,75,75,81,81,81,81,81,81,7,7,7,7,7,7,7,7,7,7,7,7,7,7,7,7,7,7,7,13,13,13,13,13,13
26,0.3583,0.2771,0.0909,57,75,75,75,75,75,75,75,75,75,75,75,75,75,75,75,75,75,81,81,81,81,81,81,81,81,7,8,8,8,8,8,8,7,7,7,7,7,7,7,7,7,7,7,13,13,13,13,13,13,13,13
27,0.3609,0.2898,0.0971,57,75,75,75,75,75,75,75,75,75,75,75,75,75,75,75,75,75,81,81,81,81,81,81,81,81,81,7,8,8,8,8,8,7,7,7,7,7,7,7,7,7,7,7,7,13,13,13,13,13,13,13,13,13
28,0.3632,0.3016,0.1028,57,75,75,75,75,75,75,75,75,75,75,75,75,75,75,75,75,75,81,81,81,81,81,81,81,81,81,81,7,8,8,8,8,7,7,7,7,7,7,7,7,7,7,7,7,7,13,13,13,13,13,13,13,13,13,13
29,0.3654,0.3126,0.1082,57,75,75,75,75,75,75,75,75,75,75,75,75,75,75,75,75,75,81,81,81,81,81,81,81,81,81,81,81,7,8,8,8,7,7,7,7,7,7,7,7,7,7,7,7,7,7,13,13,13,13,13,13,13,13,13,13,13
30,0.3674,0.3228,0.1132,57,75,75,75,75,75,75,75,75,75,75,75,75,75,75,75,75,75,81,81,81,81,81,81,81,81,81,81,81,81,7,8,8,7,7,7,7,7,7,7,7,7,7,7,7,7,7,7,13,13,13,13,13,13,13,13,13,13,13,13
