1,0.237,0.595,0.2584,81,8.799967
2,0.1756,0.599,0.2584,81,81,9.56649,9.566511
3,0.231,0.5954,0.2584,81,81,81,9.266604,9.26662,9.266629
4,0.2315,0.5953,0.2584,81,81,81,81,9.233188,9.233198,9.199876,9.233218
5,0.2335,0.5952,0.2584,81,81,81,81,81,9.09992,9.099925,9.033263,9.0666,9.033275
6,0.2317,0.5953,0.2584,81,81,81,81,81,81,9.199913,9.266584,9.199932,9.199936,9.166615,9.199963
7,0.2312,0.5954,0.2584,81,81,81,81,81,81,81,9.266578,9.266582,9.266585,9.266597,9.266608,9.233293,9.199977
8,0.2356,0.5951,0.2584,81,81,81,81,81,81,81,81,8.933182,8.933192,8.933209,8.899891,8.799904,8.89992,8.899935,8.89995
9,0.2342,0.5951,0.2584,81,81,81,81,81,81,81,81,81,9.16657,9.133249,9.133254,9.066597,8.966602,8.933274,8.966612,8.89996,8.79997
10,0.2332,0.5952,0.2584,81,81,81,81,81,81,81,81,81,81,9.166531,9.166536,9.133211,9.13322,9.099898,8.999914,9.06659,9.066598,9.066609,8.999959
11,0.2299,0.5954,0.2584,81,81,81,81,81,81,81,81,81,81,81,9.466504,9.466514,9.466525,9.433203,9.399881,9.266559,9.333241,9.266586,9.26659,9.299928,9.333266
12,0.234,0.5952,0.2584,81,81,81,81,81,81,81,81,81,81,81,81,9.133093,9.099777,9.099797,9.099813,9.066492,8.96651,8.96653,8.999873,8.999889,8.999895,8.899902,8.93325
13,0.2363,0.595,0.2584,81,81,81,81,81,81,81,81,81,81,81,81,81,9.066541,9.099884,9.099898,9.06657,8.966575,8.933247,8.833252,8.86659,8.666596,8.799938,8.666616,8.533288,8.533292
14,0.2356,0.5951,0.2584,81,81,81,81,81,81,81,81,81,81,81,81,81,81,9.199785,9.199801,9.199821,9.133161,9.033181,8.933188,8.833213,8.833224,8.73324,8.733246,8.766585,8.633268,8.733272,8.699954
15,0.2345,0.5951,0.2584,81,81,81,81,81,81,81,81,81,81,81,81,81,81,81,9.166509,9.199846,9.133193,9.133204,9.033215,8.999886,9.033229,8.933234,8.899911,8.966582,8.933261,8.833272,8.833275,8.89995,8.799948
16,0.236,0.595,0.2584,81,81,81,81,81,81,81,81,81,81,81,81,81,81,81,81,8.966249,8.999588,8.96626,8.999596,8.932936,8.966272,8.866281,8.832953,8.89962,8.83296,8.832964,8.799636,8.732976,8.799644,8.799647,8.732987
17,0.2357,0.595,0.2584,81,81,81,81,81,81,81,81,81,81,81,81,81,81,81,81,81,9.13309,9.166432,9.133109,9.099786,8.899804,8.866476,8.86648,8.833151,8.833155,8.799827,8.833167,8.799844,8.799853,8.83319,8.733199,8.79987,8.799882
18,0.239,0.5948,0.2584,81,81,81,81,81,81,81,81,81,81,81,81,81,81,81,81,81,81,8.999765,8.99977,8.966442,8.83312,8.799797,8.699808,8.633148,8.59982,8.599825,8.533164,8.633166,8.599838,8.599843,8.566514,8.466519,8.499856,8.433195,8.466533
19,0.2378,0.5949,0.2584,81,81,81,81,81,81,81,81,81,81,81,81,81,81,81,81,81,81,81,9.099724,9.099734,9.06641,9.033093,8.899771,8.766449,8.766453,8.799797,8.766473,8.733144,8.633151,8.599823,8.666492,8.666497,8.5665,8.433177,8.499847,8.499851,8.533188
20,0.2325,0.5953,0.2584,81,81,81,81,81,81,81,81,81,81,81,81,81,81,81,81,81,81,81,81,9.399846,9.39985,9.399854,9.266527,9.299869,9.233207,9.199878,9.199882,9.199887,9.066559,9.099897,9.099901,9.133238,9.099909,8.999911,9.066581,9.033253,8.899924,8.966595,8.933265
21,0.234,0.5952,0.2584,81,81,81,81,81,81,81,81,81,81,81,81,81,81,81,81,81,81,81,81,81,9.466394,9.433067,9.366408,9.266416,9.233091,9.066434,8.966442,9.033113,8.899795,9.033136,8.933151,8.899829,9.033172,8.999849,8.899863,8.899869,8.83321,8.966547,8.833222,8.933227,8.699902
1,0.233,0.5952,0.2584,81,9.099982
2,0.232,0.5953,0.2584,81,81,9.166634,9.199975
3,0.2323,0.5953,0.2584,81,81,81,9.166627,9.166632,9.133304
