1,0.6056,0.0002,0.0,69,15
2,0.6056,0.0002,0.0,57,69,15,15
3,0.6312,0.0003,0.0116,57,75,75,15,15,15
4,0.6344,0.0004,0.013,57,75,75,75,15,15,15,15
5,0.7908,0.1017,0.1103,57,75,75,81,81,14,15,15,15,15
6,0.8142,0.127,0.135,57,75,75,81,81,81,14,15,15,15,15,15
7,0.8309,0.1451,0.1526,57,75,75,81,81,81,81,14,15,15,15,15,15,15
8,0.8659,0.1587,0.1658,57,75,75,81,81,81,81,81,14,15,14,15,15,15,15,15
9,0.8932,0.1692,0.1761,57,75,75,81,81,81,81,81,81,14,14,14,15,15,15,15,15,15
10,0.8857,0.203,0.2067,57,69,81,81,81,81,81,81,81,81,14,15,15,15,15,15,15,15,15,15
11,0.8753,0.2077,0.213,57,75,81,81,81,81,81,81,81,81,81,15,15,15,15,15,15,15,15,15,15,15
12,0.8799,0.2115,0.2168,57,75,81,81,81,81,81,81,81,81,81,81,15,15,15,15,15,15,15,15,15,15,15,15
13,0.8839,0.2147,0.22,57,75,81,81,81,81,81,81,81,81,81,81,81,15,15,15,15,15,15,15,15,15,15,15,15,15
14,0.8872,0.2175,0.2227,57,75,81,81,81,81,81,81,81,81,81,81,81,81,15,15,15,15,15,15,15,15,15,15,15,15,15,15
15,0.8901,0.2199,0.2251,57,75,81,81,81,81,81,81,81,81,81,81,81,81,81,15,15,15,15,15,15,15,15,15,15,15,15,15,15,15
16,0.8927,0.2221,0.2272,57,75,81,81,81,81,81,81,81,81,81,81,81,81,81,81,15,15,15,15,15,15,15,15,15,15,15,15,15,15,15,15
17,0.895,0.2239,0.229,57,75,81,81,81,81,81,81,81,81,81,81,81,81,81,81,81,15,15,15,15,15,15,15,15,15,15,15,15,15,15,15,15,15
18,0.897,0.2256,0.2307,57,75,81,81,81,81,81,81,81,81,81,81,81,81,81,81,81,81,15,15,15,15,15,15,15,15,15,15,15,15,15,15,15,15,15,15
19,0.8987,0.2271,0.2321,57,75,81,81,81,81,81,81,81,81,81,81,81,81,81,81,81,81,81,15,15,15,15,15,15,15,15,15,15,15,15,15,15,15,15,15,15,15
20,0.9103,0.2284,0.2334,57,75,81,81,81,81,81,81,81,81,81,81,81,81,81,81,81,81,81,81,14,15,15,15,15,15,15,15,15,15,15,15,15,15,15,15,15,15,15,15
21,0.9113,0.2296,0.2346,57,75,81,81,81,81,81,81,81,81,81,81,81,81,81,81,81,81,81,81,81,14,15,15,15,15,15,15,15,15,15,15,15,15,15,15,15,15,15,15,15,15
22,0.9122,0.2307,0.2357,57,75,81,81,81,81,81,81,81,81,81,81,81,81,81,81,81,81,81,81,81,81,14,15,15,15,15,15,15,15,15,15,15,15,15,15,15,15,15,15,15,15,15,15
23,0.9208,0.2317,0.2367,57,75,81,81,81,81,81,81,81,81,81,81,81,81,81,81,81,81,81,81,81,81,81,14,14,15,15,15,15,15,15,15,15,15,15,15,15,15,15,15,15,15,15,15,15,15
24,0.9174,0.2432,0.2476,57,81,81,81,81,81,81,81,81,81,81,81,81,81,81,81,81,81,81,81,81,81,81,81,15,15,15,15,15,15,15,15,15,15,15,15,15,15,15,15,15,15,15,15,15,15,15,15
25,0.918,0.2436,0.2481,57,81,81,81,81,81,81,81,81,81,81,81,81,81,81,81,81,81,81,81,81,81,81,81,81,15,15,15,15,15,15,15,15,15,15,15,15,15,15,15,15,15,15,15,15,15,15,15,15,15
26,0.9185,0.244,0.2485,57,81,81,81,81,81,81,81,81,81,81,81,81,81,81,81,81,81,81,81,81,81,81,81,81,81,15,15,15,15,15,15,15,15,15,15,15,15,15,15,15,15,15,15,15,15,15,15,15,15,15,15
27,0.9189,0.2443,0.2488,57,81,81,81,81,81,81,81,81,81,81,81,81,81,81,81,81,81,81,81,81,81,81,81,81,81,81,15,15,15,15,15,15,15,15,15,15,15,15,15,15,15,15,15,15,15,15,15,15,15,15,15,15,15
28,0.9193,0.2447,0.2492,57,81,81,81,81,81,81,81,81,81,81,81,81,81,81,81,81,81,81,81,81,81,81,81,81,81,81,81,15,15,15,15,15,15,15,15,15,15,15,15,15,15,15,15,15,15,15,15,15,15,15,15,15,15,15,15
29,0.9197,0.245,0.2495,57,81,81,81,81,81,81,81,81,81,81,81,81,81,81,81,81,81,81,81,81,81,81,81,81,81,81,81,81,15,15,15,15,15,15,15,15,15,15,15,15,15,15,15,15,15,15,15,15,15,15,15,15,15,15,15,15,15
30,0.9201,0.2453,0.2498,57,81,81,81,81,81,81,81,81,81,81,81,81,81,81,81,81,81,81,81,81,81,81,81,81,81,81,81,81,81,15,15,15,15,15,15,15,15,15,15,15,15,15,15,15,15,15,15,15,15,15,15,15,15,15,15,15,15,15,15
