1,0.0003,0.5528,0.0,3,12.666588
2,0.0314,0.3919,0.0,3,3,7.999771,7.99981
3,0.15,0.2831,0.0,3,3,3,5.466508,5.466518,5.466542
4,0.4741,0.2831,0.0,3,3,3,3,4.266582,4.333269,4.333274,4.266614
5,0.612,0.2831,0.0,3,3,3,3,3,3.733251,3.666604,3.666617,3.733291,3.666629
6,0.7267,0.2831,0.0,3,3,3,3,3,3,3.133177,3.133187,3.066526,3.066533,3.133199,3.066541
7,0.7952,0.2831,0.0,3,3,3,3,3,3,3,2.664121,2.664124,2.664127,2.664131,2.730737,2.664141,2.730751
8,0.8407,0.2831,0.0,3,3,3,3,3,3,3,3,2.399872,2.333211,2.399876,2.333216,2.399881,2.33322,2.399886,2.333225
9,0.8785,0.2831,0.0,3,3,3,3,3,3,3,3,3,2.066521,2.133191,2.133199,2.066538,2.06654,2.066541,1.99988,2.06655,1.999889
10,0.9014,0.2831,0.0,3,3,3,3,3,3,3,3,3,3,1.933183,1.866526,1.933194,1.799872,1.933197,1.999865,1.799882,1.799888,1.733231,1.799898
11,0.9189,0.2831,0.0,3,3,3,3,3,3,3,3,3,3,3,1.733193,1.866519,1.533213,1.866523,1.666542,1.53322,1.666549,1.533226,1.733214,1.666559,1.733225
12,0.9347,0.2831,0.0,3,3,3,3,3,3,3,3,3,3,3,3,1.532893,1.332954,1.332957,1.6662,1.599558,1.532915,1.666214,1.399621,1.466275,1.666226,1.532932,1.399638
13,0.9412,0.2831,0.0,3,3,3,3,3,3,3,3,3,3,3,3,3,1.599842,1.533187,1.133227,1.466533,1.59986,1.399881,1.599869,1.199904,1.399889,1.533214,1.066585,1.333234,1.666545
14,0.9498,0.2831,0.0,3,3,3,3,3,3,3,3,3,3,3,3,3,3,0.932394,1.065595,1.465197,1.332,1.265401,1.798204,1.465208,1.198809,0.932409,1.531817,1.53182,1.26542,1.198821,1.332028
15,0.9587,0.2831,0.0,3,3,3,3,3,3,3,3,3,3,3,3,3,3,3,0.999884,1.133203,0.93323,1.133211,1.46651,1.466512,1.133215,1.066558,0.933241,1.133224,1.466527,1.199887,1.26655,1.133231,1.399875
16,0.9624,0.2831,0.0,3,3,3,3,3,3,3,3,3,3,3,3,3,3,3,3,1.132742,0.866217,1.399276,1.332647,1.199385,0.99949,1.332657,1.266025,1.266027,0.932863,1.332664,1.132765,0.932868,0.999502,1.199404,0.866237
17,0.9682,0.2831,0.0,3,3,3,3,3,3,3,3,3,3,3,3,3,3,3,3,3,0.866617,0.999947,1.333267,1.133281,1.599928,1.133285,0.999959,0.799969,0.866637,0.933302,0.933303,1.133299,1.333296,0.866645,0.866646,1.066642,0.733317
18,0.9694,0.2831,0.0,3,3,3,3,3,3,3,3,3,3,3,3,3,3,3,3,3,3,1.466519,1.133222,1.133224,1.199889,0.866589,0.933252,1.399881,0.933255,0.799934,0.866597,0.599953,0.733279,0.599956,1.133252,0.733282,0.933268,1.59989,0.93327
19,0.973,0.2831,0.0,3,3,3,3,3,3,3,3,3,3,3,3,3,3,3,3,3,3,3,0.666567,1.133168,1.199829,1.133174,0.933206,0.86655,0.533263,1.266503,0.533265,0.599925,0.599926,1.33317,0.799903,0.666587,1.066541,1.066542,1.199861,0.73325,1.399842
20,0.9755,0.2831,0.0,3,3,3,3,3,3,3,3,3,3,3,3,3,3,3,3,3,3,3,3,0.666557,1.066494,0.933185,1.26647,0.999845,0.733222,1.199821,0.599912,0.599913,0.799885,1.3998,0.666573,0.999861,0.799889,1.133177,0.733233,0.599919,0.733235,1.266499,0.666579
21,0.9785,0.2831,0.0,3,3,3,3,3,3,3,3,3,3,3,3,3,3,3,3,3,3,3,3,3,0.599966,0.933282,0.999947,1.133275,0.933287,0.599971,0.666636,0.999956,0.599974,0.933294,0.866632,0.733305,0.999963,0.866635,0.599979,1.266624,1.066632,0.733311,0.599982,0.866642,0.799979
1,0.0004,0.5444,0.0,3,12.333285
2,0.0304,0.3947,0.0,3,3,8.066602,8.066628
3,0.1481,0.284,0.0,3,3,3,5.466605,5.466611,5.533299
4,0.47,0.2831,0.0,3,3,3,3,4.266509,4.333191,4.333209,4.33322
