1,0.0,0.6028,0.0,69,15
2,0.0,0.6028,0.0,69,69,15,15
3,0.0,0.6144,0.0116,57,75,75,15,15,15
4,0.0,0.6159,0.013,57,75,75,75,15,15,15,15
5,0.0,0.6202,0.0173,75,75,75,75,75,15,15,15,15,15
6,0.0001,0.6086,0.0173,75,75,75,75,75,75,15,15,14,14,14,14
7,0.0001,0.6001,0.0149,57,75,75,75,75,75,75,14,14,14,14,14,14,14
8,0.0145,0.5162,0.0754,57,75,75,75,75,75,81,81,9,9,9,9,9,9,15,15
9,0.0043,0.5894,0.1226,57,75,75,75,75,81,81,81,81,9,11,11,11,10,15,15,15,15
10,0.004,0.6001,0.1361,57,75,75,75,75,81,81,81,81,81,9,11,11,11,10,15,15,15,15,15
11,0.0043,0.6058,0.1473,57,75,75,75,75,81,81,81,81,81,81,9,11,11,10,10,15,15,15,15,15,15
12,0.0045,0.6106,0.1565,57,75,75,75,75,81,81,81,81,81,81,81,9,11,10,10,10,15,15,15,15,15,15,15
13,0.0047,0.6146,0.1644,57,75,75,75,75,81,81,81,81,81,81,81,81,9,10,10,10,10,15,15,15,15,15,15,15,15
14,0.0053,0.6179,0.1711,57,75,75,75,75,81,81,81,81,81,81,81,81,81,9,10,10,10,9,15,15,15,15,15,15,15,15,15
15,0.0059,0.6207,0.1769,57,75,75,75,75,81,81,81,81,81,81,81,81,81,81,9,10,10,9,9,15,15,15,15,15,15,15,15,15,15
16,0.0063,0.6231,0.182,57,75,75,75,75,81,81,81,81,81,81,81,81,81,81,81,9,10,9,9,9,15,15,15,15,15,15,15,15,15,15,15
17,0.0068,0.6253,0.1865,57,75,75,75,75,81,81,81,81,81,81,81,81,81,81,81,81,9,9,9,9,9,15,15,15,15,15,15,15,15,15,15,15,15
18,0.0026,0.6554,0.2039,57,75,75,75,81,81,81,81,81,81,81,81,81,81,81,81,81,81,9,12,11,11,15,15,15,15,15,15,15,15,15,15,15,15,15,15
19,0.0027,0.6561,0.2067,57,75,75,75,81,81,81,81,81,81,81,81,81,81,81,81,81,81,81,9,11,11,11,15,15,15,15,15,15,15,15,15,15,15,15,15,15,15
20,0.0029,0.6564,0.2093,57,75,75,75,81,81,81,81,81,81,81,81,81,81,81,81,81,81,81,81,9,11,11,10,15,15,15,15,15,15,15,15,15,15,15,15,15,15,15,15
