1,0.4869,0.0011,0.0,69,15
2,0.4869,0.0011,0.0,57,69,15,15
3,0.5121,0.0016,0.0116,57,75,75,15,15,15
4,0.5152,0.0017,0.013,57,75,75,75,15,15,15,15
5,0.6653,0.1325,0.1103,57,75,75,81,81,14,15,15,15,15
6,0.6988,0.1652,0.135,57,75,75,81,81,81,14,15,15,15,15,15
7,0.7228,0.1886,0.1526,57,75,75,81,81,81,81,14,15,15,15,15,15,15
8,0.7643,0.2061,0.1658,57,75,75,81,81,81,81,81,13,15,15,15,15,15,15,15
9,0.7756,0.2198,0.1761,57,75,75,81,81,81,81,81,81,13,15,15,15,15,15,15,15,15
10,0.7847,0.2307,0.1844,57,75,75,81,81,81,81,81,81,81,13,15,15,15,15,15,15,15,15,15
11,0.7974,0.2396,0.1911,57,75,75,81,81,81,81,81,81,81,81,13,15,14,15,15,15,15,15,15,15,15
12,0.8079,0.247,0.1967,57,75,75,81,81,81,81,81,81,81,81,81,13,14,14,15,15,15,15,15,15,15,15,15
13,0.8258,0.2532,0.2014,57,75,75,81,81,81,81,81,81,81,81,81,81,13,14,13,15,15,15,15,15,15,15,15,15,15
14,0.8412,0.2586,0.2055,57,75,75,81,81,81,81,81,81,81,81,81,81,81,13,13,13,15,15,15,15,15,15,15,15,15,15,15
15,0.8184,0.2853,0.2251,57,75,81,81,81,81,81,81,81,81,81,81,81,81,81,15,15,15,15,15,15,15,15,15,15,15,15,15,15,15
16,0.8214,0.288,0.2272,57,75,81,81,81,81,81,81,81,81,81,81,81,81,81,81,15,15,15,15,15,15,15,15,15,15,15,15,15,15,15,15
17,0.8241,0.2904,0.229,57,75,81,81,81,81,81,81,81,81,81,81,81,81,81,81,81,15,15,15,15,15,15,15,15,15,15,15,15,15,15,15,15,15
18,0.8264,0.2925,0.2307,57,75,81,81,81,81,81,81,81,81,81,81,81,81,81,81,81,81,15,15,15,15,15,15,15,15,15,15,15,15,15,15,15,15,15,15
19,0.8285,0.2944,0.2321,57,75,81,81,81,81,81,81,81,81,81,81,81,81,81,81,81,81,81,15,15,15,15,15,15,15,15,15,15,15,15,15,15,15,15,15,15,15
20,0.8333,0.2962,0.2334,57,75,81,81,81,81,81,81,81,81,81,81,81,81,81,81,81,81,81,81,14,15,15,15,15,15,15,15,15,15,15,15,15,15,15,15,15,15,15,15
21,0.8349,0.2977,0.2346,57,75,81,81,81,81,81,81,81,81,81,81,81,81,81,81,81,81,81,81,81,14,15,15,15,15,15,15,15,15,15,15,15,15,15,15,15,15,15,15,15,15
22,0.8363,0.2991,0.2357,57,75,81,81,81,81,81,81,81,81,81,81,81,81,81,81,81,81,81,81,81,81,14,15,15,15,15,15,15,15,15,15,15,15,15,15,15,15,15,15,15,15,15,15
23,0.8458,0.3004,0.2367,57,75,81,81,81,81,81,81,81,81,81,81,81,81,81,81,81,81,81,81,81,81,81,13,15,15,15,15,15,15,15,15,15,15,15,15,15,15,15,15,15,15,15,15,15,15
24,0.8467,0.3016,0.2376,57,75,81,81,81,81,81,81,81,81,81,81,81,81,81,81,81,81,81,81,81,81,81,81,13,15,15,15,15,15,15,15,15,15,15,15,15,15,15,15,15,15,15,15,15,15,15,15
25,0.8475,0.3027,0.2384,57,75,81,81,81,81,81,81,81,81,81,81,81,81,81,81,81,81,81,81,81,81,81,81,81,13,15,15,15,15,15,15,15,15,15,15,15,15,15,15,15,15,15,15,15,15,15,15,15,15
26,0.8504,0.3037,0.2392,57,75,81,81,81,81,81,81,81,81,81,81,81,81,81,81,81,81,81,81,81,81,81,81,81,81,13,14,15,15,15,15,15,15,15,15,15,15,15,15,15,15,15,15,15,15,15,15,15,15,15,15
27,0.8574,0.3046,0.2399,57,75,81,81,81,81,81,81,81,81,81,81,81,81,81,81,81,81,81,81,81,81,81,81,81,81,81,13,13,15,15,15,15,15,15,15,15,15,15,15,15,15,15,15,15,15,15,15,15,15,15,15,15,15
28,0.8529,0.3172,0.2492,57,81,81,81,81,81,81,81,81,81,81,81,81,81,81,81,81,81,81,81,81,81,81,81,81,81,81,81,15,15,15,15,15,15,15,15,15,15,15,15,15,15,15,15,15,15,15,15,15,15,15,15,15,15,15,15
29,0.8534,0.3176,0.2495,57,81,81,81,81,81,81,81,81,81,81,81,81,81,81,81,81,81,81,81,81,81,81,81,81,81,81,81,81,15,15,15,15,15,15,15,15,15,15,15,15,15,15,15,15,15,15,15,15,15,15,15,15,15,15,15,15,15
30,0.8539,0.318,0.2498,57,81,81,81,81,81,81,81,81,81,81,81,81,81,81,81,81,81,81,81,81,81,81,81,81,81,81,81,81,81,15,15,15,15,15,15,15,15,15,15,15,15,15,15,15,15,15,15,15,15,15,15,15,15,15,15,15,15,15,15
