1,0.1255,0.0938,0.0,69,6
2,0.1255,0.0938,0.0,57,69,6,6
3,0.1255,0.0938,0.0,57,69,69,6,6,6
1,0.1255,0.0938,0.0,69,6
2,0.1255,0.0938,0.0,57,69,6,6
3,0.1255,0.0938,0.0,57,69,69,6,6,6
4,0.1255,0.0938,0.0,57,69,69,69,6,6,6,6
5,0.1255,0.0938,0.0,57,69,69,69,69,6,6,6,6,6
6,0.1255,0.0938,0.0,57,69,69,69,69,69,6,6,6,6,6,6
7,0.1255,0.0938,0.0,57,69,69,69,69,69,69,6,6,6,6,6,6,6
8,0.1255,0.0938,0.0,57,69,69,69,69,69,69,69,6,6,6,6,6,6,6,6
9,0.1255,0.0938,0.0,57,69,69,69,69,69,69,69,69,6,6,6,6,6,6,6,6,6
10,0.1255,0.0938,0.0,57,69,69,69,69,69,69,69,69,69,6,6,6,6,6,6,6,6,6,6
11,0.1255,0.0938,0.0,57,69,69,69,69,69,69,69,69,69,69,6,6,6,6,6,6,6,6,6,6,6
12,0.1205,0.1928,0.0561,57,75,75,75,75,75,75,75,75,75,81,81,6,6,6,6,6,6,6,6,6,6,15,15
13,0.1059,0.2308,0.0902,57,75,75,75,75,75,75,75,75,81,81,81,81,6,6,6,6,6,6,6,6,6,15,15,15,15
14,0.1008,0.2444,0.1022,57,75,75,75,75,75,75,75,75,81,81,81,81,81,6,6,6,6,6,6,6,6,6,15,15,15,15,15
15,0.0964,0.2561,0.1126,57,75,75,75,75,75,75,75,75,81,81,81,81,81,81,6,6,6,6,6,6,6,6,6,15,15,15,15,15,15
16,0.0926,0.2664,0.1217,57,75,75,75,75,75,75,75,75,81,81,81,81,81,81,81,6,6,6,6,6,6,6,6,6,15,15,15,15,15,15,15
17,0.0892,0.2754,0.1298,57,75,75,75,75,75,75,75,75,81,81,81,81,81,81,81,81,6,6,6,6,6,6,6,6,6,15,15,15,15,15,15,15,15
18,0.0804,0.2983,0.1503,57,75,75,75,75,75,75,75,81,81,81,81,81,81,81,81,81,81,6,6,6,6,6,6,6,6,15,15,15,15,15,15,15,15,15,15
19,0.078,0.3048,0.156,57,75,75,75,75,75,75,75,81,81,81,81,81,81,81,81,81,81,81,6,6,6,6,6,6,6,6,15,15,15,15,15,15,15,15,15,15,15
20,0.0758,0.3105,0.1611,57,75,75,75,75,75,75,75,81,81,81,81,81,81,81,81,81,81,81,81,6,6,6,6,6,6,6,6,15,15,15,15,15,15,15,15,15,15,15,15
21,0.0738,0.3158,0.1657,57,75,75,75,75,75,75,75,81,81,81,81,81,81,81,81,81,81,81,81,81,6,6,6,6,6,6,6,6,15,15,15,15,15,15,15,15,15,15,15,15,15
