1,0.1077,0.8264,0.2797,81,9.099971
2,0.105,0.8266,0.2797,81,81,9.36662,9.333309
3,0.1064,0.8265,0.2797,81,81,81,9.233287,9.233297,9.199975
4,0.107,0.8265,0.2797,81,81,81,81,9.166533,9.166538,9.166542,9.166547
5,0.1062,0.8265,0.2797,81,81,81,81,81,9.333259,9.333275,9.23328,9.166629,9.133305
6,0.1058,0.8266,0.2797,81,81,81,81,81,81,9.333215,9.333219,9.2999,9.299908,9.199917,9.199927
7,0.1054,0.8266,0.2797,81,81,81,81,81,81,81,9.333249,9.333253,9.333257,9.299935,9.299945,9.266627,9.29997
8,0.107,0.8265,0.2797,81,81,81,81,81,81,81,81,9.233245,9.233249,9.233253,9.19993,9.133272,9.166615,9.066619,9.066634
9,0.1066,0.8265,0.2797,81,81,81,81,81,81,81,81,81,9.266487,9.266496,9.266506,9.266515,9.133195,9.166533,9.133204,9.133215,9.133224
10,0.106,0.8266,0.2797,81,81,81,81,81,81,81,81,81,81,9.399854,9.39987,9.333214,9.366551,9.266566,9.166571,9.166589,9.199931,9.19994,9.066617
11,0.1072,0.8265,0.2797,81,81,81,81,81,81,81,81,81,81,81,9.333093,9.333102,9.299779,9.299783,9.166457,9.06647,9.133139,9.033145,8.999822,8.966499,8.966503
12,0.1086,0.8264,0.2797,81,81,81,81,81,81,81,81,81,81,81,81,9.299856,9.29986,9.266531,9.09988,9.09989,8.966567,8.96657,8.999908,8.866581,8.866592,8.766604,8.833281
13,0.1074,0.8265,0.2797,81,81,81,81,81,81,81,81,81,81,81,81,81,9.199899,9.199904,9.199909,9.16658,9.133252,9.033258,9.166595,9.133275,9.099951,9.066623,9.066627,9.099965,9.066636
14,0.1084,0.8264,0.2797,81,81,81,81,81,81,81,81,81,81,81,81,81,81,9.299803,9.299816,9.233161,9.133168,9.066515,8.899857,9.066527,8.933202,8.933213,8.933218,8.933229,8.933235,8.966574,8.899918
15,0.1109,0.8262,0.2797,81,81,81,81,81,81,81,81,81,81,81,81,81,81,81,9.133223,9.099894,9.099898,8.999903,8.899919,8.86659,8.833265,8.666603,8.79994,8.766611,8.699948,8.633286,8.63329,8.666627,8.633297
16,0.1111,0.8262,0.2797,81,81,81,81,81,81,81,81,81,81,81,81,81,81,81,81,8.999847,8.999861,8.933204,8.933219,8.833225,8.799901,8.766572,8.799909,8.699921,8.799924,8.733262,8.699937,8.766608,8.733279,8.799947,8.733285
17,0.1107,0.8262,0.2797,81,81,81,81,81,81,81,81,81,81,81,81,81,81,81,81,81,9.066479,9.066492,9.033169,8.933184,8.966527,8.933203,8.833212,8.79989,8.833235,8.799912,8.766583,8.733258,8.733272,8.766618,8.699954,8.633291,8.699961
18,0.1103,0.8263,0.2797,81,81,81,81,81,81,81,81,81,81,81,81,81,81,81,81,81,81,9.166509,9.166514,9.166525,9.133197,8.93321,8.999891,8.866564,8.933234,8.899906,8.699913,8.766584,8.799928,8.7666,8.766609,8.766611,8.69995,8.666621,8.666627
19,0.1097,0.8263,0.2797,81,81,81,81,81,81,81,81,81,81,81,81,81,81,81,81,81,81,81,9.232868,9.232871,9.232887,9.1329,9.099573,9.032914,8.966259,8.932931,8.966267,8.899607,8.866279,8.866284,8.832956,8.699632,8.79963,8.766302,8.699651,8.766319,8.632995
20,0.1076,0.8265,0.2797,81,81,81,81,81,81,81,81,81,81,81,81,81,81,81,81,81,81,81,81,9.466463,9.433134,9.433149,9.433154,9.2665,9.166512,9.166516,9.099859,9.16654,9.133212,8.999885,9.13322,9.033226,8.999898,8.966567,8.999905,8.866577,8.899915,8.799919,8.833256
21,0.1105,0.8263,0.2797,81,81,81,81,81,81,81,81,81,81,81,81,81,81,81,81,81,81,81,81,81,9.133114,9.133131,9.099814,9.033158,8.999836,8.999846,8.866525,8.833203,8.833208,8.799886,8.933224,8.866564,8.833233,8.799906,8.733246,8.699923,8.69993,8.699936,8.699942,8.699948,8.633292
1,0.1052,0.8266,0.2797,81,9.333324
2,0.1083,0.8264,0.2797,81,81,9.0333,9.066641
3,0.1062,0.8265,0.2797,81,81,81,9.233223,9.233228,9.233232
