1,0.0101,0.4976,0.0,51,10
2,0.0101,0.4976,0.0,51,51,10,10
3,0.0101,0.4976,0.0,51,51,51,10,10,10
4,0.0101,0.4976,0.0,51,51,51,51,10,10,10,10
5,0.0101,0.4976,0.0,51,51,51,51,51,10,10,10,10,10
6,0.0101,0.4976,0.0,51,51,51,51,51,51,10,10,10,10,10,10
7,0.0101,0.4976,0.0,51,51,51,51,51,51,51,10,10,10,10,10,10,10
8,0.0101,0.4976,0.0,51,51,51,51,51,51,51,51,10,10,10,10,10,10,10,10
9,0.7685,0.66,0.1019,57,75,75,75,75,75,75,81,81,8,8,8,8,8,8,8,15,15
10,0.3842,0.74,0.1767,57,75,75,75,75,75,81,81,81,81,8,10,9,9,9,9,15,15,15,15
11,0.4132,0.7575,0.1996,57,75,75,75,75,75,81,81,81,81,81,8,9,9,9,9,9,15,15,15,15,15
12,0.4583,0.7768,0.2188,57,75,75,75,75,75,81,81,81,81,81,81,8,9,9,9,9,8,15,15,15,15,15,15
13,0.4965,0.793,0.235,57,75,75,75,75,75,81,81,81,81,81,81,81,8,9,9,9,8,8,15,15,15,15,15,15,15
14,0.4903,0.807,0.2489,57,75,75,75,75,75,81,81,81,81,81,81,81,81,8,9,9,9,8,8,15,15,15,15,15,15,15,15
15,0.5213,0.8191,0.261,57,75,75,75,75,75,81,81,81,81,81,81,81,81,81,8,9,9,8,8,8,15,15,15,15,15,15,15,15,15
16,0.5484,0.8297,0.2715,57,75,75,75,75,75,81,81,81,81,81,81,81,81,81,81,8,9,8,8,8,8,15,15,15,15,15,15,15,15,15,15
17,0.5723,0.839,0.2808,57,75,75,75,75,75,81,81,81,81,81,81,81,81,81,81,81,8,8,8,8,8,8,15,15,15,15,15,15,15,15,15,15,15
18,0.3838,0.8766,0.3124,57,75,75,75,75,81,81,81,81,81,81,81,81,81,81,81,81,81,8,10,10,9,9,15,15,15,15,15,15,15,15,15,15,15,15,15
19,0.4005,0.8796,0.3186,57,75,75,75,75,81,81,81,81,81,81,81,81,81,81,81,81,81,81,8,10,9,9,9,15,15,15,15,15,15,15,15,15,15,15,15,15,15
20,0.4156,0.8822,0.3241,57,75,75,75,75,81,81,81,81,81,81,81,81,81,81,81,81,81,81,81,8,9,9,9,9,15,15,15,15,15,15,15,15,15,15,15,15,15,15,15
21,0.4413,0.8873,0.3292,57,75,75,75,75,81,81,81,81,81,81,81,81,81,81,81,81,81,81,81,81,8,9,9,9,8,15,15,15,15,15,15,15,15,15,15,15,15,15,15,15,15
22,0.4647,0.8919,0.3337,57,75,75,75,75,81,81,81,81,81,81,81,81,81,81,81,81,81,81,81,81,81,8,9,9,8,8,15,15,15,15,15,15,15,15,15,15,15,15,15,15,15,15,15
23,0.486,0.8961,0.3379,57,75,75,75,75,81,81,81,81,81,81,81,81,81,81,81,81,81,81,81,81,81,81,8,9,8,8,8,15,15,15,15,15,15,15,15,15,15,15,15,15,15,15,15,15,15
24,0.5056,0.8999,0.3417,57,75,75,75,75,81,81,81,81,81,81,81,81,81,81,81,81,81,81,81,81,81,81,81,8,8,8,8,8,15,15,15,15,15,15,15,15,15,15,15,15,15,15,15,15,15,15,15
25,0.3825,0.9268,0.362,57,75,75,75,81,81,81,81,81,81,81,81,81,81,81,81,81,81,81,81,81,81,81,81,81,8,10,10,10,15,15,15,15,15,15,15,15,15,15,15,15,15,15,15,15,15,15,15,15,15
26,0.3836,0.9292,0.3646,57,75,75,75,81,81,81,81,81,81,81,81,81,81,81,81,81,81,81,81,81,81,81,81,81,81,8,10,10,10,15,15,15,15,15,15,15,15,15,15,15,15,15,15,15,15,15,15,15,15,15,15
27,0.3954,0.9293,0.367,57,75,75,75,81,81,81,81,81,81,81,81,81,81,81,81,81,81,81,81,81,81,81,81,81,81,81,8,10,10,9,15,15,15,15,15,15,15,15,15,15,15,15,15,15,15,15,15,15,15,15,15,15,15
28,0.4064,0.9294,0.3693,57,75,75,75,81,81,81,81,81,81,81,81,81,81,81,81,81,81,81,81,81,81,81,81,81,81,81,81,8,10,9,9,15,15,15,15,15,15,15,15,15,15,15,15,15,15,15,15,15,15,15,15,15,15,15,15
29,0.4166,0.9295,0.3714,57,75,75,75,81,81,81,81,81,81,81,81,81,81,81,81,81,81,81,81,81,81,81,81,81,81,81,81,81,8,9,9,9,15,15,15,15,15,15,15,15,15,15,15,15,15,15,15,15,15,15,15,15,15,15,15,15,15
30,0.4345,0.9315,0.3733,57,75,75,75,81,81,81,81,81,81,81,81,81,81,81,81,81,81,81,81,81,81,81,81,81,81,81,81,81,81,8,9,9,8,15,15,15,15,15,15,15,15,15,15,15,15,15,15,15,15,15,15,15,15,15,15,15,15,15,15
