1,0.1702,0.9181,0.0,51,5
2,0.1702,0.9181,0.0,51,51,5,5
3,0.1702,0.9181,0.0,51,51,51,5,5,5
4,0.1702,0.9181,0.0,51,51,51,51,5,5,5,5
5,0.1702,0.9181,0.0,51,51,51,51,51,5,5,5,5,5
6,0.1702,0.9181,0.0,51,51,51,51,51,51,5,5,5,5,5,5
7,0.1702,0.9181,0.0,51,51,51,51,51,51,51,5,5,5,5,5,5,5
8,0.1702,0.9181,0.0,51,51,51,51,51,51,51,51,5,5,5,5,5,5,5,5
9,0.1702,0.9181,0.0,51,51,51,51,51,51,51,51,51,5,5,5,5,5,5,5,5,5
10,0.1702,0.9181,0.0,51,51,51,51,51,51,51,51,51,51,5,5,5,5,5,5,5,5,5,5
11,0.1702,0.9181,0.0,51,51,51,51,51,51,51,51,51,51,51,5,5,5,5,5,5,5,5,5,5,5
12,0.1702,0.9181,0.0,51,51,51,51,51,51,51,51,51,51,51,51,5,5,5,5,5,5,5,5,5,5,5,5
13,0.1702,0.9181,0.0,51,51,51,51,51,51,51,51,51,51,51,51,51,5,5,5,5,5,5,5,5,5,5,5,5,5
14,0.1702,0.9181,0.0,51,51,51,51,51,51,51,51,51,51,51,51,51,51,5,5,5,5,5,5,5,5,5,5,5,5,5,5
15,0.1702,0.9181,0.0,51,51,51,51,51,51,51,51,51,51,51,51,51,51,51,5,5,5,5,5,5,5,5,5,5,5,5,5,5,5
16,0.1702,0.9181,0.0,51,51,51,51,51,51,51,51,51,51,51,51,51,51,51,51,5,5,5,5,5,5,5,5,5,5,5,5,5,5,5,5
17,0.1702,0.9181,0.0,51,51,51,51,51,51,51,51,51,51,51,51,51,51,51,51,51,5,5,5,5,5,5,5,5,5,5,5,5,5,5,5,5,5
18,0.1702,0.9181,0.0,51,51,51,51,51,51,51,51,51,51,51,51,51,51,51,51,51,51,5,5,5,5,5,5,5,5,5,5,5,5,5,5,5,5,5,5
19,0.1702,0.9181,0.0,51,51,51,51,51,51,51,51,51,51,51,51,51,51,51,51,51,51,51,5,5,5,5,5,5,5,5,5,5,5,5,5,5,5,5,5,5,5
20,0.1702,0.9181,0.0,51,51,51,51,51,51,51,51,51,51,51,51,51,51,51,51,51,51,51,51,5,5,5,5,5,5,5,5,5,5,5,5,5,5,5,5,5,5,5,5
