1,0.0239,0.0052,0.0,51,15
2,0.0239,0.0052,0.0,33,51,15,15
# 3,0.4825,0.0066,0.0006,33,57,57,14,14,14
4,0.064,0.0145,0.0073,57,75,75,75,15,15,15,15
5,0.511,0.4049,0.1758,57,75,75,81,81,14,15,15,15,15
6,0.5858,0.5028,0.2181,57,75,75,81,81,81,14,15,15,15,15,15
7,0.6393,0.5728,0.2483,57,75,75,81,81,81,81,14,15,15,15,15,15,15
8,0.7337,0.6248,0.271,57,75,75,81,81,81,81,81,14,15,14,15,15,15,15,15
9,0.8071,0.6651,0.2886,57,75,75,81,81,81,81,81,81,14,14,14,15,15,15,15,15,15
10,0.8202,0.7964,0.344,57,69,81,81,81,81,81,81,81,81,14,15,15,15,15,15,15,15,15,15
11,0.795,0.8146,0.3524,57,75,81,81,81,81,81,81,81,81,81,15,15,15,15,15,15,15,15,15,15,15
12,0.8087,0.8294,0.3589,57,75,81,81,81,81,81,81,81,81,81,81,15,15,15,15,15,15,15,15,15,15,15,15
13,0.8204,0.842,0.3643,57,75,81,81,81,81,81,81,81,81,81,81,81,15,15,15,15,15,15,15,15,15,15,15,15,15
14,0.8303,0.8528,0.369,57,75,81,81,81,81,81,81,81,81,81,81,81,81,15,15,15,15,15,15,15,15,15,15,15,15,15,15
15,0.839,0.8621,0.373,57,75,81,81,81,81,81,81,81,81,81,81,81,81,81,15,15,15,15,15,15,15,15,15,15,15,15,15,15,15
16,0.8465,0.8702,0.3766,57,75,81,81,81,81,81,81,81,81,81,81,81,81,81,81,15,15,15,15,15,15,15,15,15,15,15,15,15,15,15,15
17,0.8532,0.8774,0.3797,57,75,81,81,81,81,81,81,81,81,81,81,81,81,81,81,81,15,15,15,15,15,15,15,15,15,15,15,15,15,15,15,15,15
18,0.8592,0.8838,0.3824,57,75,81,81,81,81,81,81,81,81,81,81,81,81,81,81,81,81,15,15,15,15,15,15,15,15,15,15,15,15,15,15,15,15,15,15
19,0.8645,0.8896,0.3849,57,75,81,81,81,81,81,81,81,81,81,81,81,81,81,81,81,81,81,15,15,15,15,15,15,15,15,15,15,15,15,15,15,15,15,15,15,15
20,0.892,0.8946,0.3872,57,75,81,81,81,81,81,81,81,81,81,81,81,81,81,81,81,81,81,81,14,15,15,15,15,15,15,15,15,15,15,15,15,15,15,15,15,15,15,15
21,0.8952,0.8992,0.3892,57,75,81,81,81,81,81,81,81,81,81,81,81,81,81,81,81,81,81,81,81,14,15,15,15,15,15,15,15,15,15,15,15,15,15,15,15,15,15,15,15,15
22,0.8981,0.9035,0.391,57,75,81,81,81,81,81,81,81,81,81,81,81,81,81,81,81,81,81,81,81,81,14,15,15,15,15,15,15,15,15,15,15,15,15,15,15,15,15,15,15,15,15,15
23,0.9197,0.9072,0.3927,57,75,81,81,81,81,81,81,81,81,81,81,81,81,81,81,81,81,81,81,81,81,81,14,14,15,15,15,15,15,15,15,15,15,15,15,15,15,15,15,15,15,15,15,15,15
24,0.9212,0.9518,0.4117,57,81,81,81,81,81,81,81,81,81,81,81,81,81,81,81,81,81,81,81,81,81,81,81,15,15,15,15,15,15,15,15,15,15,15,15,15,15,15,15,15,15,15,15,15,15,15,15
25,0.9228,0.9534,0.4125,57,81,81,81,81,81,81,81,81,81,81,81,81,81,81,81,81,81,81,81,81,81,81,81,81,15,15,15,15,15,15,15,15,15,15,15,15,15,15,15,15,15,15,15,15,15,15,15,15,15
26,0.9242,0.9549,0.4131,57,81,81,81,81,81,81,81,81,81,81,81,81,81,81,81,81,81,81,81,81,81,81,81,81,81,15,15,15,15,15,15,15,15,15,15,15,15,15,15,15,15,15,15,15,15,15,15,15,15,15,15
27,0.9255,0.9563,0.4137,57,81,81,81,81,81,81,81,81,81,81,81,81,81,81,81,81,81,81,81,81,81,81,81,81,81,81,15,15,15,15,15,15,15,15,15,15,15,15,15,15,15,15,15,15,15,15,15,15,15,15,15,15,15
28,0.9268,0.9576,0.4143,57,81,81,81,81,81,81,81,81,81,81,81,81,81,81,81,81,81,81,81,81,81,81,81,81,81,81,81,15,15,15,15,15,15,15,15,15,15,15,15,15,15,15,15,15,15,15,15,15,15,15,15,15,15,15,15
29,0.9279,0.9588,0.4148,57,81,81,81,81,81,81,81,81,81,81,81,81,81,81,81,81,81,81,81,81,81,81,81,81,81,81,81,81,15,15,15,15,15,15,15,15,15,15,15,15,15,15,15,15,15,15,15,15,15,15,15,15,15,15,15,15,15
30,0.929,0.9599,0.4153,57,81,81,81,81,81,81,81,81,81,81,81,81,81,81,81,81,81,81,81,81,81,81,81,81,81,81,81,81,81,15,15,15,15,15,15,15,15,15,15,15,15,15,15,15,15,15,15,15,15,15,15,15,15,15,15,15,15,15,15
