1,0.0161,0.0756,0.0,51,13
2,0.0161,0.0756,0.0,51,51,13,13
3,0.0161,0.0756,0.0,51,51,51,13,13,13
4,0.0161,0.0756,0.0,33,51,51,51,13,13,13,13
5,0.0196,0.1263,0.0009,57,57,57,57,57,13,13,13,13,13
6,0.4628,0.4225,0.1481,57,75,75,75,81,81,11,13,13,13,15,15
7,0.5148,0.5036,0.1883,57,75,75,75,81,81,81,11,13,13,13,15,15,15
8,0.5784,0.5588,0.2185,57,75,75,75,81,81,81,81,11,13,13,12,15,15,15,15
9,0.6278,0.6017,0.2419,57,75,75,75,81,81,81,81,81,11,13,12,12,15,15,15,15,15
10,0.6674,0.636,0.2607,57,75,75,75,81,81,81,81,81,81,11,12,12,12,15,15,15,15,15,15
11,0.7474,0.6683,0.276,57,75,75,75,81,81,81,81,81,81,81,11,12,12,11,15,15,15,15,15,15,15
12,0.8141,0.6951,0.2888,57,75,75,75,81,81,81,81,81,81,81,81,11,12,11,11,15,15,15,15,15,15,15,15
13,0.8706,0.7179,0.2997,57,75,75,75,81,81,81,81,81,81,81,81,81,11,11,11,11,15,15,15,15,15,15,15,15,15
14,0.6587,0.8096,0.339,57,75,75,81,81,81,81,81,81,81,81,81,81,81,13,13,13,15,15,15,15,15,15,15,15,15,15,15
15,0.6831,0.8191,0.345,57,75,75,81,81,81,81,81,81,81,81,81,81,81,81,12,13,13,15,15,15,15,15,15,15,15,15,15,15,15
16,0.6921,0.8298,0.3503,57,75,75,81,81,81,81,81,81,81,81,81,81,81,81,81,12,13,13,15,15,15,15,15,15,15,15,15,15,15,15,15
17,0.7001,0.8393,0.355,57,75,75,81,81,81,81,81,81,81,81,81,81,81,81,81,81,12,13,13,15,15,15,15,15,15,15,15,15,15,15,15,15,15
18,0.7488,0.8477,0.3591,57,75,75,81,81,81,81,81,81,81,81,81,81,81,81,81,81,81,11,13,13,15,15,15,15,15,15,15,15,15,15,15,15,15,15,15
19,0.7529,0.8552,0.3628,57,75,75,81,81,81,81,81,81,81,81,81,81,81,81,81,81,81,81,11,13,13,15,15,15,15,15,15,15,15,15,15,15,15,15,15,15,15
20,0.7566,0.862,0.3662,57,75,75,81,81,81,81,81,81,81,81,81,81,81,81,81,81,81,81,81,11,13,13,15,15,15,15,15,15,15,15,15,15,15,15,15,15,15,15,15
21,0.7693,0.8659,0.3692,57,75,75,81,81,81,81,81,81,81,81,81,81,81,81,81,81,81,81,81,81,11,13,12,15,15,15,15,15,15,15,15,15,15,15,15,15,15,15,15,15,15
22,0.7809,0.8695,0.3719,57,75,75,81,81,81,81,81,81,81,81,81,81,81,81,81,81,81,81,81,81,81,11,12,12,15,15,15,15,15,15,15,15,15,15,15,15,15,15,15,15,15,15,15
23,0.8142,0.8748,0.3744,57,75,75,81,81,81,81,81,81,81,81,81,81,81,81,81,81,81,81,81,81,81,81,11,12,11,15,15,15,15,15,15,15,15,15,15,15,15,15,15,15,15,15,15,15,15
24,0.8448,0.8796,0.3767,57,75,75,81,81,81,81,81,81,81,81,81,81,81,81,81,81,81,81,81,81,81,81,81,11,11,11,15,15,15,15,15,15,15,15,15,15,15,15,15,15,15,15,15,15,15,15,15
25,0.7638,0.9227,0.3956,57,75,81,81,81,81,81,81,81,81,81,81,81,81,81,81,81,81,81,81,81,81,81,81,81,13,13,15,15,15,15,15,15,15,15,15,15,15,15,15,15,15,15,15,15,15,15,15,15,15
26,0.7663,0.9253,0.397,57,75,81,81,81,81,81,81,81,81,81,81,81,81,81,81,81,81,81,81,81,81,81,81,81,81,13,13,15,15,15,15,15,15,15,15,15,15,15,15,15,15,15,15,15,15,15,15,15,15,15,15
27,0.7685,0.9277,0.3982,57,75,81,81,81,81,81,81,81,81,81,81,81,81,81,81,81,81,81,81,81,81,81,81,81,81,81,13,13,15,15,15,15,15,15,15,15,15,15,15,15,15,15,15,15,15,15,15,15,15,15,15,15,15
28,0.7777,0.9286,0.3993,57,75,81,81,81,81,81,81,81,81,81,81,81,81,81,81,81,81,81,81,81,81,81,81,81,81,81,81,12,13,15,15,15,15,15,15,15,15,15,15,15,15,15,15,15,15,15,15,15,15,15,15,15,15,15,15
29,0.7794,0.9307,0.4003,57,75,81,81,81,81,81,81,81,81,81,81,81,81,81,81,81,81,81,81,81,81,81,81,81,81,81,81,81,12,13,15,15,15,15,15,15,15,15,15,15,15,15,15,15,15,15,15,15,15,15,15,15,15,15,15,15,15
30,0.781,0.9327,0.4013,57,75,81,81,81,81,81,81,81,81,81,81,81,81,81,81,81,81,81,81,81,81,81,81,81,81,81,81,81,81,12,13,15,15,15,15,15,15,15,15,15,15,15,15,15,15,15,15,15,15,15,15,15,15,15,15,15,15,15,15
