1,0.1702,0.9181,0.0,51,5
2,0.1702,0.9181,0.0,51,51,5,5
3,0.1702,0.9181,0.0,51,51,51,5,5,5
4,0.1702,0.9181,0.0,51,51,51,51,5,5,5,5
5,0.1702,0.9181,0.0,51,51,51,51,51,5,5,5,5,5
6,0.1702,0.9181,0.0,51,51,51,51,51,51,5,5,5,5,5,5
7,0.1702,0.9181,0.0,51,51,51,51,51,51,51,5,5,5,5,5,5,5
8,0.1702,0.9181,0.0,51,51,51,51,51,51,51,51,5,5,5,5,5,5,5,5
9,0.1702,0.9181,0.0,51,51,51,51,51,51,51,51,51,5,5,5,5,5,5,5,5,5
10,0.1702,0.9181,0.0,51,51,51,51,51,51,51,51,51,51,5,5,5,5,5,5,5,5,5,5
11,0.1702,0.9181,0.0,51,51,51,51,51,51,51,51,51,51,51,5,5,5,5,5,5,5,5,5,5,5
12,0.1702,0.9181,0.0,51,51,51,51,51,51,51,51,51,51,51,51,5,5,5,5,5,5,5,5,5,5,5,5
13,0.1702,0.9181,0.0,51,51,51,51,51,51,51,51,51,51,51,51,51,5,5,5,5,5,5,5,5,5,5,5,5,5
14,0.1702,0.9181,0.0,51,51,51,51,51,51,51,51,51,51,51,51,51,51,5,5,5,5,5,5,5,5,5,5,5,5,5,5
15,0.1702,0.9181,0.0,51,51,51,51,51,51,51,51,51,51,51,51,51,51,51,5,5,5,5,5,5,5,5,5,5,5,5,5,5,5
16,0.1702,0.9181,0.0,51,51,51,51,51,51,51,51,51,51,51,51,51,51,51,51,5,5,5,5,5,5,5,5,5,5,5,5,5,5,5,5
17,0.1702,0.9181,0.0,51,51,51,51,51,51,51,51,51,51,51,51,51,51,51,51,51,5,5,5,5,5,5,5,5,5,5,5,5,5,5,5,5,5
18,0.1702,0.9181,0.0,51,51,51,51,51,51,51,51,51,51,51,51,51,51,51,51,51,51,5,5,5,5,5,5,5,5,5,5,5,5,5,5,5,5,5,5
19,0.1702,0.9181,0.0,51,51,51,51,51,51,51,51,51,51,51,51,51,51,51,51,51,51,51,5,5,5,5,5,5,5,5,5,5,5,5,5,5,5,5,5,5,5
20,0.1702,0.9181,0.0,51,51,51,51,51,51,51,51,51,51,51,51,51,51,51,51,51,51,51,51,5,5,5,5,5,5,5,5,5,5,5,5,5,5,5,5,5,5,5,5
21,0.1702,0.9181,0.0,51,51,51,51,51,51,51,51,51,51,51,51,51,51,51,51,51,51,51,51,51,5,5,5,5,5,5,5,5,5,5,5,5,5,5,5,5,5,5,5,5,5
1,0.1038,0.9181,0.0,51,6
2,0.1038,0.9181,0.0,51,51,6,6
3,0.1038,0.9181,0.0,51,51,51,6,6,6
4,0.1038,0.9181,0.0,51,51,51,51,6,6,6,6
5,0.1038,0.9181,0.0,51,51,51,51,51,6,6,6,6,6
6,0.1038,0.9181,0.0,51,51,51,51,51,51,6,6,6,6,6,6
7,0.1038,0.9181,0.0,51,51,51,51,51,51,51,6,6,6,6,6,6,6
8,0.1038,0.9181,0.0,51,51,51,51,51,51,51,51,6,6,6,6,6,6,6,6
9,0.1038,0.9181,0.0,51,51,51,51,51,51,51,51,51,6,6,6,6,6,6,6,6,6
10,0.1038,0.9181,0.0,51,51,51,51,51,51,51,51,51,51,6,6,6,6,6,6,6,6,6,6
11,0.1038,0.9181,0.0,51,51,51,51,51,51,51,51,51,51,51,6,6,6,6,6,6,6,6,6,6,6
12,0.1038,0.9181,0.0,51,51,51,51,51,51,51,51,51,51,51,51,6,6,6,6,6,6,6,6,6,6,6,6
13,0.1038,0.9181,0.0,51,51,51,51,51,51,51,51,51,51,51,51,51,6,6,6,6,6,6,6,6,6,6,6,6,6
14,0.1038,0.9181,0.0,51,51,51,51,51,51,51,51,51,51,51,51,51,51,6,6,6,6,6,6,6,6,6,6,6,6,6,6
15,0.1038,0.9181,0.0,51,51,51,51,51,51,51,51,51,51,51,51,51,51,51,6,6,6,6,6,6,6,6,6,6,6,6,6,6,6
16,0.1038,0.9181,0.0,51,51,51,51,51,51,51,51,51,51,51,51,51,51,51,51,6,6,6,6,6,6,6,6,6,6,6,6,6,6,6,6
17,0.1038,0.9181,0.0,51,51,51,51,51,51,51,51,51,51,51,51,51,51,51,51,51,6,6,6,6,6,6,6,6,6,6,6,6,6,6,6,6,6
18,0.1038,0.9181,0.0,51,51,51,51,51,51,51,51,51,51,51,51,51,51,51,51,51,51,6,6,6,6,6,6,6,6,6,6,6,6,6,6,6,6,6,6
19,0.1038,0.9181,0.0,51,51,51,51,51,51,51,51,51,51,51,51,51,51,51,51,51,51,51,6,6,6,6,6,6,6,6,6,6,6,6,6,6,6,6,6,6,6
20,0.1038,0.9181,0.0,51,51,51,51,51,51,51,51,51,51,51,51,51,51,51,51,51,51,51,51,6,6,6,6,6,6,6,6,6,6,6,6,6,6,6,6,6,6,6,6
21,0.1038,0.9181,0.0,51,51,51,51,51,51,51,51,51,51,51,51,51,51,51,51,51,51,51,51,51,6,6,6,6,6,6,6,6,6,6,6,6,6,6,6,6,6,6,6,6,6
