1,0.0202,0.0199,0.0,51,14
2,0.0202,0.0199,0.0,51,51,14,14
3,0.023,0.0321,0.0006,33,57,57,14,14,14
4,0.0443,0.0442,0.0052,57,57,75,75,14,14,14,14
5,0.396,0.4244,0.1758,57,75,75,81,81,14,14,14,15,15
6,0.4823,0.519,0.2181,57,75,75,81,81,81,14,14,14,15,15,15
7,0.5439,0.5865,0.2483,57,75,75,81,81,81,81,14,14,14,15,15,15,15
8,0.5901,0.6371,0.271,57,75,75,81,81,81,81,81,14,14,14,15,15,15,15,15
9,0.6261,0.6765,0.2886,57,75,75,81,81,81,81,81,81,14,14,14,15,15,15,15,15,15
10,0.6908,0.7069,0.3027,57,75,75,81,81,81,81,81,81,81,13,14,14,15,15,15,15,15,15,15
11,0.711,0.7328,0.3142,57,75,75,81,81,81,81,81,81,81,81,13,14,14,15,15,15,15,15,15,15,15
12,0.7279,0.7544,0.3239,57,75,75,81,81,81,81,81,81,81,81,81,13,14,14,15,15,15,15,15,15,15,15,15
13,0.7689,0.7715,0.332,57,75,75,81,81,81,81,81,81,81,81,81,81,13,14,13,15,15,15,15,15,15,15,15,15,15
14,0.8041,0.7862,0.339,57,75,75,81,81,81,81,81,81,81,81,81,81,81,13,13,13,15,15,15,15,15,15,15,15,15,15,15
15,0.8196,0.8645,0.3726,57,69,81,81,81,81,81,81,81,81,81,81,81,81,81,13,14,15,15,15,15,15,15,15,15,15,15,15,15,15
16,0.805,0.8732,0.3766,57,75,81,81,81,81,81,81,81,81,81,81,81,81,81,81,14,14,15,15,15,15,15,15,15,15,15,15,15,15,15,15
17,0.8114,0.8802,0.3797,57,75,81,81,81,81,81,81,81,81,81,81,81,81,81,81,81,14,14,15,15,15,15,15,15,15,15,15,15,15,15,15,15,15
18,0.8171,0.8864,0.3824,57,75,81,81,81,81,81,81,81,81,81,81,81,81,81,81,81,81,14,14,15,15,15,15,15,15,15,15,15,15,15,15,15,15,15,15
19,0.8222,0.8919,0.3849,57,75,81,81,81,81,81,81,81,81,81,81,81,81,81,81,81,81,81,14,14,15,15,15,15,15,15,15,15,15,15,15,15,15,15,15,15,15
20,0.8267,0.8969,0.3872,57,75,81,81,81,81,81,81,81,81,81,81,81,81,81,81,81,81,81,81,14,14,15,15,15,15,15,15,15,15,15,15,15,15,15,15,15,15,15,15
21,0.8309,0.9014,0.3892,57,75,81,81,81,81,81,81,81,81,81,81,81,81,81,81,81,81,81,81,81,14,14,15,15,15,15,15,15,15,15,15,15,15,15,15,15,15,15,15,15,15
22,0.8346,0.9055,0.391,57,75,81,81,81,81,81,81,81,81,81,81,81,81,81,81,81,81,81,81,81,81,14,14,15,15,15,15,15,15,15,15,15,15,15,15,15,15,15,15,15,15,15,15
23,0.8381,0.9093,0.3927,57,75,81,81,81,81,81,81,81,81,81,81,81,81,81,81,81,81,81,81,81,81,81,14,14,15,15,15,15,15,15,15,15,15,15,15,15,15,15,15,15,15,15,15,15,15
24,0.8562,0.9122,0.3942,57,75,81,81,81,81,81,81,81,81,81,81,81,81,81,81,81,81,81,81,81,81,81,81,13,14,15,15,15,15,15,15,15,15,15,15,15,15,15,15,15,15,15,15,15,15,15,15
25,0.8585,0.9154,0.3956,57,75,81,81,81,81,81,81,81,81,81,81,81,81,81,81,81,81,81,81,81,81,81,81,81,13,14,15,15,15,15,15,15,15,15,15,15,15,15,15,15,15,15,15,15,15,15,15,15,15
26,0.8606,0.9183,0.397,57,75,81,81,81,81,81,81,81,81,81,81,81,81,81,81,81,81,81,81,81,81,81,81,81,81,13,14,15,15,15,15,15,15,15,15,15,15,15,15,15,15,15,15,15,15,15,15,15,15,15,15
27,0.8754,0.9205,0.3982,57,75,81,81,81,81,81,81,81,81,81,81,81,81,81,81,81,81,81,81,81,81,81,81,81,81,81,13,13,15,15,15,15,15,15,15,15,15,15,15,15,15,15,15,15,15,15,15,15,15,15,15,15,15
28,0.8819,0.9576,0.4143,57,81,81,81,81,81,81,81,81,81,81,81,81,81,81,81,81,81,81,81,81,81,81,81,81,81,81,81,14,15,15,15,15,15,15,15,15,15,15,15,15,15,15,15,15,15,15,15,15,15,15,15,15,15,15,15
29,0.883,0.9588,0.4148,57,81,81,81,81,81,81,81,81,81,81,81,81,81,81,81,81,81,81,81,81,81,81,81,81,81,81,81,81,14,15,15,15,15,15,15,15,15,15,15,15,15,15,15,15,15,15,15,15,15,15,15,15,15,15,15,15,15
30,0.884,0.9599,0.4153,57,81,81,81,81,81,81,81,81,81,81,81,81,81,81,81,81,81,81,81,81,81,81,81,81,81,81,81,81,81,14,15,15,15,15,15,15,15,15,15,15,15,15,15,15,15,15,15,15,15,15,15,15,15,15,15,15,15,15,15
