1,0.0,0.8336,0.0,3,12.599984
2,0.0007,0.8301,0.0,3,3,8.133314,8.133321
3,0.0041,0.8097,0.0,3,3,3,5.499979,5.533316,5.533321
4,0.3719,0.8093,0.0,3,3,3,3,4.333313,4.366653,4.366655,4.333324
5,0.5423,0.8093,0.0,3,3,3,3,3,3.733264,3.733268,3.699937,3.699939,3.699942
6,0.6648,0.8093,0.0,3,3,3,3,3,3,3.166585,3.166588,3.166589,3.199925,3.199929,3.166599
7,0.7572,0.8093,0.0,3,3,3,3,3,3,3,2.733262,2.699932,2.733266,2.666605,2.733272,2.666608,2.699942
8,0.8074,0.8093,0.0,3,3,3,3,3,3,3,3,2.433256,2.433259,2.366597,2.366601,2.433267,2.4666,2.366604,2.399938
9,0.85,0.8093,0.0,3,3,3,3,3,3,3,3,3,2.099922,2.166587,2.099926,2.133261,2.133263,2.133264,2.099935,2.133269,2.133269
10,0.8793,0.8093,0.0,3,3,3,3,3,3,3,3,3,3,1.833271,1.866605,1.966602,1.866606,1.866607,1.966605,1.933273,1.966606,1.899944,1.899947
11,0.8995,0.8093,0.0,3,3,3,3,3,3,3,3,3,3,3,1.632988,1.666317,1.799623,1.699645,1.766299,1.799626,1.666323,1.866283,1.799633,1.699656,1.732983
12,0.9151,0.8093,0.0,3,3,3,3,3,3,3,3,3,3,3,3,1.599928,1.533266,1.566598,1.599931,1.599932,1.699929,1.766596,1.49994,1.533274,1.666603,1.566607,1.533276
13,0.9311,0.8093,0.0,3,3,3,3,3,3,3,3,3,3,3,3,3,1.599918,1.299935,1.333267,1.3666,1.433264,1.399933,1.399934,1.433267,1.599926,1.43327,1.499934,1.466604,1.433273
14,0.9381,0.8093,0.0,3,3,3,3,3,3,3,3,3,3,3,3,3,3,1.299937,1.266606,1.29994,1.366604,1.533264,1.566597,1.266611,1.39994,1.166617,1.366609,1.433273,1.399942,1.366611,1.333279
15,0.95,0.8093,0.0,3,3,3,3,3,3,3,3,3,3,3,3,3,3,3,1.232894,1.13293,1.166253,1.366185,1.332865,1.199581,1.232904,1.232907,1.166264,1.066299,1.132944,1.199589,1.332879,1.232914,1.332883
16,0.9543,0.8093,0.0,3,3,3,3,3,3,3,3,3,3,3,3,3,3,3,3,1.166648,1.199982,1.066652,0.933323,1.366652,1.233321,1.133323,1.199989,1.19999,1.199991,1.233325,0.933327,1.06666,1.166661,1.166661,1.399994
17,0.9596,0.8093,0.0,3,3,3,3,3,3,3,3,3,3,3,3,3,3,3,3,3,0.932924,1.399387,1.232794,1.132838,1.232795,1.032883,1.232796,0.999565,1.099522,1.066204,0.866291,0.899611,1.032887,1.166164,0.932932,1.03289,1.299443
18,0.9633,0.8093,0.0,3,3,3,3,3,3,3,3,3,3,3,3,3,3,3,3,3,3,1.099932,1.333251,0.933277,1.233261,0.766622,1.066605,0.833286,1.13327,1.333259,0.933282,1.033278,1.066611,0.966617,0.666633,1.133276,1.19994,0.933287,0.999951
19,0.9669,0.8093,0.0,3,3,3,3,3,3,3,3,3,3,3,3,3,3,3,3,3,3,3,0.899942,1.033267,1.133261,1.033268,1.033269,0.966607,0.933276,0.866614,0.866614,0.766621,0.999941,0.833284,0.866616,1.066605,1.066605,1.066607,1.033276,1.299929,1.066609
20,0.9704,0.8093,0.0,3,3,3,3,3,3,3,3,3,3,3,3,3,3,3,3,3,3,3,3,0.899573,0.666351,1.132797,0.899575,0.799623,0.932895,0.99953,1.066166,0.932896,0.699673,0.766308,1.099487,1.166123,0.966216,0.932899,0.832947,1.066172,0.766312,1.066173,0.999538
21,0.9723,0.8093,0.0,3,3,3,3,3,3,3,3,3,3,3,3,3,3,3,3,3,3,3,3,3,0.766458,0.866432,0.899756,0.566514,0.833109,1.06638,1.199678,0.899759,0.899759,0.766462,1.233005,0.999734,0.566516,0.66649,0.866437,1.099709,0.666491,1.166359,0.933088,0.766466,1.033063
1,0.0,0.8336,0.0,3,12.533312
2,0.0007,0.8301,0.0,3,3,8.133258,8.133265
3,0.0041,0.8097,0.0,3,3,3,5.533258,5.499927,5.533275
1,0.0,0.7058,0.0,3,11.83332
2,0.0001,0.6609,0.0,3,3,10.033308,10.033312
3,0.0031,0.495,0.0,3,3,3,6.699976,6.599978,6.66665
4,0.1111,0.4402,0.0,3,3,3,3,5.166637,5.166643,5.166647,5.199983
5,0.3729,0.4402,0.0,3,3,3,3,3,4.333245,4.333247,4.333249,4.333252,4.399923
6,0.5332,0.4402,0.0,3,3,3,3,3,3,3.699925,3.766593,3.766594,3.766596,3.766598,3.733267
7,0.6571,0.4402,0.0,3,3,3,3,3,3,3,3.199928,3.233264,3.233265,3.233267,3.199936,3.199938,3.19994
8,0.7405,0.4402,0.0,3,3,3,3,3,3,3,3,2.83326,2.799928,2.766597,2.833264,2.799933,2.766602,2.766603,2.799938
9,0.7907,0.4402,0.0,3,3,3,3,3,3,3,3,3,2.499929,2.533263,2.499932,2.533265,2.566599,2.466603,2.533269,2.433273,2.533272
10,0.8354,0.4402,0.0,3,3,3,3,3,3,3,3,3,3,2.266586,2.233255,2.233256,2.233257,2.233258,2.233259,2.23326,2.199929,2.233262,2.166598
11,0.8625,0.4402,0.0,3,3,3,3,3,3,3,3,3,3,3,1.933245,1.966578,1.999911,2.166572,1.93325,2.066578,2.23324,2.033249,2.033251,1.966588,2.033253
12,0.8847,0.4402,0.0,3,3,3,3,3,3,3,3,3,3,3,3,1.89993,1.766602,1.799935,1.899933,1.766605,1.866603,1.833272,1.79994,1.733277,1.899939,2.066602,1.999938
13,0.903,0.4402,0.0,3,3,3,3,3,3,3,3,3,3,3,3,3,1.633261,1.533267,1.799923,1.533269,1.666598,1.899922,1.966587,1.766596,1.733265,1.599938,1.633271,1.7666,1.633273
14,0.9143,0.4402,0.0,3,3,3,3,3,3,3,3,3,3,3,3,3,3,1.499935,1.833255,1.399941,1.866589,1.533271,1.33328,1.366612,1.699934,1.633271,1.399947,1.566608,1.766602,1.699938,1.766604
15,0.9264,0.4402,0.0,3,3,3,3,3,3,3,3,3,3,3,3,3,3,3,1.23327,1.266602,1.466593,1.633252,1.599921,1.799913,1.399933,1.433266,1.466598,1.533263,1.433268,1.666592,1.499934,1.333275,1.466603
16,0.9356,0.4402,0.0,3,3,3,3,3,3,3,3,3,3,3,3,3,3,3,3,1.533263,1.433268,1.166614,1.533265,1.299942,1.366607,1.23328,1.233281,1.299945,1.699929,1.233282,1.299947,1.633268,1.199952,1.399945,1.566606
17,0.9443,0.4402,0.0,3,3,3,3,3,3,3,3,3,3,3,3,3,3,3,3,3,1.299938,1.13328,1.233275,1.166612,1.399936,1.533264,1.133282,1.199947,1.59993,1.433271,1.533268,1.199949,1.066622,1.19995,1.233283,1.233283,1.266616
18,0.9487,0.4402,0.0,3,3,3,3,3,3,3,3,3,3,3,3,3,3,3,3,3,3,1.199932,0.933281,1.266596,1.33326,1.466586,1.033277,1.533251,0.966615,1.133274,1.399928,1.166607,1.366597,1.133276,1.266604,1.366599,1.266605,1.233274,1.133279
19,0.9546,0.4402,0.0,3,3,3,3,3,3,3,3,3,3,3,3,3,3,3,3,3,3,3,1.199926,0.933276,1.266589,1.533241,1.166597,1.199929,1.333255,1.199931,1.266594,1.166601,1.099939,1.066608,1.199935,1.06661,1.133274,1.199938,0.966617,1.133276,0.933287
20,0.9599,0.4402,0.0,3,3,3,3,3,3,3,3,3,3,3,3,3,3,3,3,3,3,3,3,1.133265,1.166597,1.066604,1.19993,1.099936,0.999943,0.999943,1.13327,1.199933,1.033276,1.199935,1.199935,1.199936,0.933284,1.233269,1.199938,0.966617,0.933286,1.033282,0.966619
21,0.9644,0.4402,0.0,3,3,3,3,3,3,3,3,3,3,3,3,3,3,3,3,3,3,3,3,3,1.233254,1.266587,0.866612,0.79995,1.066601,1.199927,1.033272,1.233261,0.999942,0.999942,0.899948,1.133269,1.099938,0.933282,0.799956,0.933283,0.933283,1.133273,0.766626,0.999948,1.199938
1,0.0,0.7063,0.0,3,11.933279
2,0.0001,0.6601,0.0,3,3,9.933315,9.966652
3,0.0031,0.495,0.0,3,3,3,6.633308,6.699977,6.633318
4,0.1367,0.4402,0.0,3,3,3,3,5.099962,5.099968,5.099971,5.099974
5,0.3786,0.4402,0.0,3,3,3,3,3,4.299928,4.333263,4.366598,4.333267,4.299937
6,0.5442,0.4402,0.0,3,3,3,3,3,3,3.699806,3.666477,3.733142,3.733146,3.699817,3.699819
7,0.6721,0.4402,0.0,3,3,3,3,3,3,3,3.166596,3.133265,3.166599,3.133268,3.099936,3.166603,3.133272
8,0.7405,0.4402,0.0,3,3,3,3,3,3,3,3,2.766598,2.799932,2.799933,2.799935,2.799937,2.799938,2.766606,2.833273
9,0.7901,0.4402,0.0,3,3,3,3,3,3,3,3,3,2.533261,2.466597,2.499931,2.499932,2.533265,2.499934,2.499935,2.566601,2.53327
10,0.8344,0.4402,0.0,3,3,3,3,3,3,3,3,3,3,2.199816,2.166487,2.199818,2.199819,2.266482,2.266483,2.199824,2.333149,2.26649,2.23316
11,0.8646,0.4402,0.0,3,3,3,3,3,3,3,3,3,3,3,2.099932,1.933271,1.933272,1.999938,1.899941,2.133269,2.13327,2.033274,2.033275,1.999943,1.999944
12,0.8872,0.4402,0.0,3,3,3,3,3,3,3,3,3,3,3,3,1.899929,1.73327,1.833267,1.799936,1.733272,1.933266,1.766606,1.766607,2.033265,1.866605,1.866606,1.866607
13,0.9046,0.4402,0.0,3,3,3,3,3,3,3,3,3,3,3,3,3,1.6666,1.733265,1.899926,1.533274,1.566607,1.699936,1.933262,1.933263,1.499946,1.599943,1.666608,1.599945,1.633278
14,0.9186,0.4402,0.0,3,3,3,3,3,3,3,3,3,3,3,3,3,3,1.466598,1.66659,1.799918,1.399937,1.533265,1.666593,1.433271,1.466604,1.633264,1.433273,1.666598,1.533271,1.599936,1.566605
15,0.9301,0.4402,0.0,3,3,3,3,3,3,3,3,3,3,3,3,3,3,3,1.299942,1.299942,1.266611,1.666594,1.333276,1.766591,1.566601,1.499938,1.499939,1.399943,1.566604,1.299948,1.433277,1.433278,1.333282
16,0.9378,0.4402,0.0,3,3,3,3,3,3,3,3,3,3,3,3,3,3,3,3,1.333264,1.299933,1.199939,1.733246,1.59992,1.399931,1.3666,1.399932,1.366601,1.299939,1.333271,1.29994,1.233277,1.26661,1.199946,1.466602
17,0.9469,0.4402,0.0,3,3,3,3,3,3,3,3,3,3,3,3,3,3,3,3,3,1.366591,1.233265,1.399923,1.366592,1.066609,1.299931,1.166605,1.399927,1.199938,1.466592,1.266603,1.199941,1.233274,1.199943,1.13328,1.233276,1.199945
18,0.9523,0.4402,0.0,3,3,3,3,3,3,3,3,3,3,3,3,3,3,3,3,3,3,1.233258,1.199927,1.166596,1.199928,1.166598,1.19993,1.466582,1.233263,1.166601,1.233265,1.133271,1.199935,1.199936,0.999947,1.166606,1.166607,1.233271,1.166609
19,0.9564,0.4402,0.0,3,3,3,3,3,3,3,3,3,3,3,3,3,3,3,3,3,3,3,0.899948,1.333257,1.133269,1.233264,1.13327,1.233265,1.366592,1.399924,1.033278,1.06661,1.033279,1.066611,0.999949,0.933286,1.19994,1.099945,1.099946,1.16661,1.199943
20,0.9612,0.4402,0.0,3,3,3,3,3,3,3,3,3,3,3,3,3,3,3,3,3,3,3,3,0.966648,1.133312,0.933316,1.266644,1.133314,0.999984,0.966652,1.299981,1.233316,1.333316,1.033321,1.266652,0.933323,0.933324,0.799992,1.19999,1.133324,0.96666,1.06666,0.799995
21,0.9654,0.4402,0.0,3,3,3,3,3,3,3,3,3,3,3,3,3,3,3,3,3,3,3,3,3,1.066641,1.033309,0.966644,0.933312,0.933313,1.099976,1.13331,1.166644,0.766652,0.866651,1.09998,0.999983,1.133314,1.133315,0.866653,0.999985,1.066651,0.93332,1.066652,0.766657,1.233318
