1,0.8532,0.0,0.8222,81,17.899872
2,0.8532,0.0,0.8222,81,81,17.766615,17.766629
3,0.8532,0.0,0.8222,81,81,81,17.699939,17.69995,17.699959
4,0.8532,0.0,0.8222,81,81,81,81,17.59991,17.599917,17.599928,17.599937
5,0.8532,0.0,0.8222,81,81,81,81,81,17.533253,17.533263,17.533271,17.53328,17.533288
6,0.8532,0.0,0.8222,81,81,81,81,81,81,17.533198,17.533208,17.533218,17.533225,17.533236,17.533247
7,0.8532,0.0,0.8222,81,81,81,81,81,81,81,17.366543,17.366554,17.366566,17.366575,17.366582,17.36659,17.366601
8,0.8532,0.0,0.8222,81,81,81,81,81,81,81,81,17.333206,17.333214,17.33322,17.333229,17.333237,17.333244,17.333252,17.333262
9,0.8532,0.0,0.8222,81,81,81,81,81,81,81,81,81,17.233199,17.233206,17.233213,17.233222,17.23323,17.233239,17.233248,17.233256,17.233264
10,0.8532,0.0,0.8222,81,81,81,81,81,81,81,81,81,81,17.199787,17.199797,17.199804,17.199812,17.199822,17.199834,17.199846,17.199856,17.199864,17.199874
11,0.8532,0.0,0.8222,81,81,81,81,81,81,81,81,81,81,81,16.966191,16.966199,16.966209,16.966221,16.96623,16.966241,16.96625,16.96626,16.966269,16.966279,16.966291
12,0.8532,0.0,0.8222,81,81,81,81,81,81,81,81,81,81,81,81,16.86645,16.866456,16.866465,16.866473,16.866482,16.86649,16.866497,16.866505,16.866512,16.866527,16.866538,16.866551
13,0.8532,0.0,0.8222,81,81,81,81,81,81,81,81,81,81,81,81,81,16.799728,16.799738,16.799746,16.799756,16.799765,16.799774,16.799783,16.799792,16.799802,16.799812,16.799822,16.79984,16.79985
14,0.8532,0.0,0.8222,81,81,81,81,81,81,81,81,81,81,81,81,81,81,16.666397,16.666405,16.666413,16.666422,16.666431,16.666441,16.666458,16.666469,16.666478,16.666488,16.666496,16.666506,16.666515,16.666523
15,0.8532,0.0,0.8222,81,81,81,81,81,81,81,81,81,81,81,81,81,81,81,16.433018,16.433025,16.433035,16.433045,16.433056,16.433067,16.433079,16.433091,16.433102,16.433114,16.433125,16.433136,16.433148,16.433157,16.433171
16,0.8532,0.0,0.8222,81,81,81,81,81,81,81,81,81,81,81,81,81,81,81,81,16.366435,16.366442,16.366451,16.36646,16.366469,16.366478,16.366487,16.366496,16.366504,16.366514,16.366524,16.366534,16.366542,16.366547,16.366557,16.366565
17,0.8532,0.0,0.8222,81,81,81,81,81,81,81,81,81,81,81,81,81,81,81,81,81,16.366318,16.366327,16.366336,16.366346,16.366358,16.366369,16.366381,16.366394,16.366405,16.366417,16.366429,16.366441,16.366452,16.366463,16.366474,16.366485,16.366498
18,0.8532,0.0,0.8222,81,81,81,81,81,81,81,81,81,81,81,81,81,81,81,81,81,81,16.299714,16.299726,16.299737,16.29975,16.299761,16.299774,16.299786,16.299798,16.29981,16.299823,16.299835,16.299849,16.299862,16.299871,16.299883,16.299896,16.299908,16.29992
19,0.8532,0.0,0.8222,81,81,81,81,81,81,81,81,81,81,81,81,81,81,81,81,81,81,81,16.19961,16.199617,16.199625,16.199637,16.19965,16.199661,16.199673,16.199684,16.199695,16.199708,16.19972,16.199734,16.199746,16.199756,16.19977,16.199781,16.199793,16.199806,16.199818
20,0.8532,0.0,0.8222,81,81,81,81,81,81,81,81,81,81,81,81,81,81,81,81,81,81,81,81,15.766323,15.766331,15.766339,15.766348,15.766357,15.766364,15.766372,15.76638,15.766389,15.766405,15.766414,15.766423,15.766431,15.766436,15.766444,15.766452,15.766462,15.76647,15.766479,15.766486
21,0.8532,0.0,0.8222,81,81,81,81,81,81,81,81,81,81,81,81,81,81,81,81,81,81,81,81,81,15.966321,15.966329,15.966346,15.966364,15.966372,15.96638,15.966398,15.966417,15.966434,15.966442,15.966451,15.966467,15.966476,15.966483,15.966491,15.9665,15.966508,15.966516,15.966524,15.966531,15.96655
