1,0.0009,0.0001,0.0,3,12.599975
2,0.017,0.0034,0.0,3,3,8.133305,8.133315
3,0.0479,0.0108,0.0,3,3,3,5.499968,5.533306,5.499984
4,0.3951,0.3713,0.0,3,3,3,3,4.366637,4.366648,4.333317,4.399985
5,0.5641,0.547,0.0,3,3,3,3,3,3.733264,3.699933,3.699935,3.666604,3.733272
6,0.6841,0.6717,0.0,3,3,3,3,3,3,3.133234,3.16657,3.133242,3.166576,3.16658,3.166586
7,0.7714,0.7624,0.0,3,3,3,3,3,3,3,2.665419,2.698738,2.632103,2.665426,2.698747,2.698748,2.732067
8,0.8204,0.8134,0.0,3,3,3,3,3,3,3,3,2.366479,2.366482,2.399816,2.36649,2.433156,2.366498,2.366503,2.366507
9,0.8576,0.852,0.0,3,3,3,3,3,3,3,3,3,2.166599,2.099935,2.066605,2.133271,2.133272,2.133273,2.133275,2.066612,2.133278
10,0.8887,0.8843,0.0,3,3,3,3,3,3,3,3,3,3,1.899914,1.833254,1.933253,1.866591,1.866592,1.866593,1.833262,1.866595,1.866597,1.899931
11,0.9035,0.8997,0.0,3,3,3,3,3,3,3,3,3,3,3,1.7666,1.866597,1.766603,1.666607,1.699942,1.699945,1.666613,1.866609,1.766613,1.633285,1.766616
12,0.9223,0.9193,0.0,3,3,3,3,3,3,3,3,3,3,3,3,1.433312,1.466645,1.599978,1.533314,1.433317,1.499984,1.766648,1.566651,1.699984,1.466653,1.666653,1.599989
13,0.9313,0.9286,0.0,3,3,3,3,3,3,3,3,3,3,3,3,3,1.332692,1.565914,1.732502,1.665871,1.366016,1.632559,1.465974,1.332705,1.465978,1.366026,1.432662,1.366027,1.332712
14,0.9418,0.9395,0.0,3,3,3,3,3,3,3,3,3,3,3,3,3,3,1.466597,1.333272,1.333274,1.266611,1.366608,1.199949,1.399942,1.299947,1.433277,1.533274,1.29995,1.266619,1.366616,1.366616
15,0.9489,0.9469,0.0,3,3,3,3,3,3,3,3,3,3,3,3,3,3,3,1.466637,1.433306,1.133312,1.099981,1.19998,1.233314,1.166649,1.266648,1.366649,1.199985,1.199986,1.366653,1.166655,1.433321,1.233323
16,0.9567,0.955,0.0,3,3,3,3,3,3,3,3,3,3,3,3,3,3,3,3,1.266598,1.166604,1.366594,1.199936,1.033279,1.199939,1.166608,1.133277,1.099947,1.266607,0.93329,1.066619,1.133283,1.366608,1.099954,1.099955
17,0.9603,0.9587,0.0,3,3,3,3,3,3,3,3,3,3,3,3,3,3,3,3,3,1.233267,1.366594,1.233268,1.199937,0.933285,1.133276,1.333267,0.833292,1.066615,1.033284,0.999953,0.966622,1.166613,1.09995,0.966623,1.199947,1.099953
18,0.9648,0.9634,0.0,3,3,3,3,3,3,3,3,3,3,3,3,3,3,3,3,3,3,0.76662,0.933278,1.133266,0.899947,1.033273,1.1666,0.866617,1.466584,0.999944,1.066608,0.933282,1.09994,1.29993,1.133274,0.933285,0.933285,0.933286,1.133278
19,0.9689,0.9677,0.0,3,3,3,3,3,3,3,3,3,3,3,3,3,3,3,3,3,3,3,1.099919,0.833273,0.99993,1.133255,0.999933,0.733285,1.09993,0.966606,0.866613,0.933277,0.99994,0.999942,0.999943,0.933281,1.166602,0.966614,0.899952,1.066611,0.999949
20,0.9718,0.9707,0.0,3,3,3,3,3,3,3,3,3,3,3,3,3,3,3,3,3,3,3,3,0.933311,0.833315,0.99998,1.133313,0.799987,1.133317,0.899988,0.966654,0.633325,0.866656,0.933322,0.799991,0.933324,0.933324,0.999991,0.733327,1.033325,1.033326,1.133326,0.933328
21,0.9758,0.9749,0.0,3,3,3,3,3,3,3,3,3,3,3,3,3,3,3,3,3,3,3,3,3,0.966596,0.933265,0.833273,1.099921,0.833275,0.966599,0.733284,0.93327,0.866609,0.733285,0.666623,0.766616,0.833279,0.766617,0.933274,0.766618,1.099931,0.833282,0.833282,1.033271,0.733289
