1,0.0001,0.0145,0.0,39,14.666628
2,0.0039,0.1465,0.0,39,39,8.133292,8.133299
3,0.498,0.5746,0.0,39,39,39,5.499959,5.499966,5.499985
4,0.6871,0.7349,0.0,39,39,39,39,4.366594,4.366598,4.299935,4.333271
5,0.776,0.8102,0.0,39,39,39,39,39,3.666634,3.633305,3.66664,3.666644,3.733311
6,0.8394,0.8639,0.0,39,39,39,39,39,39,3.099884,3.166551,3.099888,3.133221,3.066562,3.099897
7,0.8828,0.9007,0.0,39,39,39,39,39,39,39,2.666595,2.666599,2.6666,2.633269,2.666603,2.666606,2.633276
8,0.9083,0.9223,0.0,39,39,39,39,39,39,39,39,2.366585,2.366586,2.36659,2.33326,2.333261,2.366595,2.366596,2.299934
9,0.9271,0.9382,0.0,39,39,39,39,39,39,39,39,39,2.132501,2.065862,2.065864,2.132508,2.132511,2.132515,2.065877,2.0992,2.03256
10,0.9408,0.9499,0.0,39,39,39,39,39,39,39,39,39,39,1.866594,2.066589,1.89993,1.799936,1.866603,1.933271,1.833276,1.933274,1.833278,1.833279
11,0.9518,0.9592,0.0,39,39,39,39,39,39,39,39,39,39,39,1.733104,1.666447,1.733109,1.666453,1.666455,1.799775,1.666461,1.766451,1.633136,1.699796,1.699799
12,0.9601,0.9662,0.0,39,39,39,39,39,39,39,39,39,39,39,39,1.499926,1.53326,1.599926,1.566596,1.566597,1.433271,1.433273,1.633267,1.633269,1.633271,1.533277,1.533279
13,0.9647,0.9701,0.0,39,39,39,39,39,39,39,39,39,39,39,39,39,1.466595,1.53326,1.433265,1.399934,1.533263,1.4666,1.26661,1.366606,1.299944,1.633265,1.53327,1.399943,1.566604
14,0.9704,0.9749,0.0,39,39,39,39,39,39,39,39,39,39,39,39,39,39,1.399923,1.333261,1.399926,1.466591,1.166608,1.299936,1.199942,1.266607,1.333271,1.233278,1.299942,1.566598,1.299944,1.366608
15,0.9745,0.9784,0.0,39,39,39,39,39,39,39,39,39,39,39,39,39,39,39,1.366586,1.166599,1.099938,1.366591,1.199935,1.266599,1.299931,1.166605,1.299933,1.23327,1.233272,1.133277,1.399932,1.099947,1.199943
16,0.9774,0.9808,0.0,39,39,39,39,39,39,39,39,39,39,39,39,39,39,39,39,1.16652,1.266508,1.133193,1.233181,0.966548,1.133195,1.166526,1.133197,1.166528,1.06654,1.099871,1.399836,1.366507,1.099872,0.999885,1.199863
17,0.9803,0.9833,0.0,39,39,39,39,39,39,39,39,39,39,39,39,39,39,39,39,39,1.099927,1.199921,1.133261,1.266587,0.966607,0.999939,1.199926,1.133264,0.933276,0.899945,1.233259,1.133266,0.999941,1.133267,1.066605,0.999943,1.033274
18,0.9824,0.9851,0.0,39,39,39,39,39,39,39,39,39,39,39,39,39,39,39,39,39,39,1.19992,0.766616,0.933272,1.199923,1.09993,0.866612,0.999939,0.933276,0.99994,1.066603,1.166597,1.099936,1.133268,1.133269,0.966612,0.933281,0.999944,0.933282
19,0.9846,0.9869,0.0,39,39,39,39,39,39,39,39,39,39,39,39,39,39,39,39,39,39,39,0.899931,0.933262,1.033255,1.066587,0.833272,1.066589,0.933268,1.133255,1.099926,1.133258,0.766617,0.866612,0.766619,0.76662,0.933278,0.866615,0.96661,0.96661,1.133268
1,0.0001,0.0145,0.0,39,14.66664
2,0.0039,0.1465,0.0,39,39,8.133264,8.133268
3,0.504,0.5798,0.0,39,39,39,5.499977,5.433313,5.466656
4,0.6907,0.738,0.0,39,39,39,39,4.333256,4.333262,4.299931,4.299937
5,0.7777,0.8116,0.0,39,39,39,39,39,3.66658,3.633253,3.666592,3.666597,3.666599
6,0.8405,0.8649,0.0,39,39,39,39,39,39,3.099912,3.133249,3.099922,3.066593,3.09993,3.099932
7,0.8824,0.9004,0.0,39,39,39,39,39,39,39,2.69992,2.666589,2.633261,2.666598,2.699933,2.63327,2.633271
8,0.9093,0.9232,0.0,39,39,39,39,39,39,39,39,2.333296,2.36663,2.366634,2.333303,2.299973,2.366643,2.366644,2.266646
9,0.9281,0.9391,0.0,39,39,39,39,39,39,39,39,39,2.033261,2.099927,2.066597,2.066599,2.099932,2.099935,2.066605,2.099939,2.099942
10,0.9411,0.9501,0.0,39,39,39,39,39,39,39,39,39,39,1.833253,1.899918,1.799924,1.833257,1.899921,1.86659,1.866593,1.999923,1.899929,1.933263
11,0.9525,0.9598,0.0,39,39,39,39,39,39,39,39,39,39,39,1.633254,1.666588,1.666591,1.633262,1.766591,1.666596,1.699929,1.733264,1.666604,1.666607,1.799938
12,0.9602,0.9662,0.0,39,39,39,39,39,39,39,39,39,39,39,39,1.533266,1.433272,1.53327,1.699931,1.433276,1.466609,1.499943,1.566609,1.599942,1.699939,1.566612,1.53328
13,0.9652,0.9706,0.0,39,39,39,39,39,39,39,39,39,39,39,39,39,1.399923,1.399924,1.299931,1.599918,1.333266,1.56659,1.566592,1.433266,1.599925,1.399935,1.399937,1.433271,1.333276
14,0.9717,0.976,0.0,39,39,39,39,39,39,39,39,39,39,39,39,39,39,1.333262,1.333264,1.199938,1.133275,1.266603,1.16661,1.233274,1.433265,1.466598,1.233276,1.366606,1.333276,1.39994,1.333278
15,0.9743,0.9782,0.0,39,39,39,39,39,39,39,39,39,39,39,39,39,39,39,1.299926,1.066607,0.999946,1.266601,1.133276,1.333266,1.266605,1.33327,1.29994,1.233278,1.133283,1.133284,1.433271,1.499937,1.133286
16,0.9773,0.9807,0.0,39,39,39,39,39,39,39,39,39,39,39,39,39,39,39,39,1.166598,1.333256,0.999943,1.233264,1.233265,1.433255,1.06661,1.03328,1.133277,1.199942,1.166612,1.099949,1.133282,1.299943,1.099954,0.999959
17,0.9803,0.9833,0.0,39,39,39,39,39,39,39,39,39,39,39,39,39,39,39,39,39,1.066598,1.399912,1.199925,1.166594,0.966607,0.933277,1.099934,0.933279,0.999942,0.899948,1.199932,1.099938,1.033276,1.233265,1.09994,0.866619,1.166604
18,0.9822,0.985,0.0,39,39,39,39,39,39,39,39,39,39,39,39,39,39,39,39,39,39,1.099929,1.099931,1.233257,1.199927,0.799952,1.266591,0.933278,1.133268,1.099938,1.099939,1.066608,0.733294,0.933284,1.166605,0.933285,0.966617,0.766628,0.866623
