3,0.0,0.0,0.0025,57,57,69,14.633196,14.633202,14.633237
6,0.0394,0.0089,0.0307,57,57,75,57,75,75,12.332996,12.333009,12.333028,12.333061,3.2666,12.333087
9,0.0504,0.0112,0.0382,57,57,75,57,75,75,57,75,75,10.233154,10.199837,10.199841,10.199858,10.233194,3.43329,10.199876,3.433298,10.199929
12,0.0826,0.0192,0.0531,57,75,75,57,75,75,57,75,75,57,75,75,9.199804,9.199816,9.199826,9.199829,3.099945,9.199848,3.099954,9.199872,3.099962,9.199899,3.099971,9.19993
15,0.615,0.6349,0.1918,57,75,75,81,75,81,81,75,81,81,75,81,81,75,81,13.499763,1.866636,1.866638,1.866639,1.86664,1.866641,1.866644,1.833312,1.833313,1.833314,1.833316,1.833319,1.83332,1.833321,1.833322
18,0.8169,0.7986,0.4156,81,75,81,81,81,81,81,81,81,81,81,81,81,81,81,81,81,81,1.933294,1.533303,1.499971,1.499972,1.533305,1.533306,1.499975,1.533308,1.499977,1.533311,1.533312,1.49998,1.533314,1.499982,1.533316,1.533317,1.533318,1.533319
3,0.0,0.0,0.0025,57,57,69,14.399945,14.399956,14.399965
6,0.0391,0.0088,0.0307,57,57,75,57,75,75,12.199752,12.199758,12.199766,12.199772,3.29994,12.199786
9,0.0504,0.0112,0.0382,57,57,75,57,75,75,57,75,75,10.233256,10.233261,10.233267,10.233272,10.233277,3.433316,10.233287,3.433319,10.233296
12,0.0855,0.0202,0.0531,57,75,75,57,75,75,57,75,75,57,75,75,8.899616,8.899621,8.899626,8.89963,2.999877,8.866307,2.99988,8.866316,2.999883,8.866326,2.966554,8.866335
15,0.8255,0.8094,0.408,81,75,81,81,81,81,81,81,81,81,81,81,81,81,81,1.9333,1.499975,1.43331,1.466644,1.466645,1.433313,1.466646,1.49998,1.466648,1.466649,1.46665,1.46665,1.466651,1.433319,1.43332
