1,0.0,0.0002,0.0,39,14.699948
2,0.0007,0.0473,0.0,39,39,8.133236,8.133254
3,0.0067,0.1578,0.0,39,39,39,5.46664,5.533308,5.466652
4,0.3767,0.4719,0.0,39,39,39,39,4.333258,4.333262,4.333264,4.333269
5,0.557,0.6246,0.0,39,39,39,39,39,3.633253,3.69992,3.666593,3.633265,3.633271
6,0.6753,0.7249,0.0,39,39,39,39,39,39,3.133255,3.099928,3.133267,3.133268,3.166602,3.099939
7,0.7648,0.8007,0.0,39,39,39,39,39,39,39,2.633263,2.666599,2.6666,2.699934,2.666604,2.633273,2.666608
8,0.8147,0.843,0.0,39,39,39,39,39,39,39,39,2.366592,2.333264,2.366599,2.366601,2.366602,2.366605,2.399939,2.333277
9,0.8551,0.8773,0.0,39,39,39,39,39,39,39,39,39,2.033253,2.066586,2.099921,2.133256,2.166592,2.066598,2.066601,2.099936,2.066605
10,0.8855,0.903,0.0,39,39,39,39,39,39,39,39,39,39,1.933264,1.933265,1.866603,1.866604,1.866605,1.833274,1.833275,1.799943,1.833277,1.799945
11,0.9018,0.9168,0.0,39,39,39,39,39,39,39,39,39,39,39,1.666541,1.699875,1.73321,1.766544,1.666554,1.699887,1.799884,1.666562,1.633233,1.899884,1.666567
12,0.9211,0.9332,0.0,39,39,39,39,39,39,39,39,39,39,39,39,1.466035,1.36608,1.532675,1.366082,1.599317,1.665956,1.566,1.532681,1.532683,1.599323,1.699281,1.532687
13,0.9304,0.9411,0.0,39,39,39,39,39,39,39,39,39,39,39,39,39,1.566409,1.299786,1.333115,1.466429,1.599743,1.433104,1.6664,1.433105,1.299794,1.333124,1.366453,1.466439,1.49977
14,0.9412,0.9502,0.0,39,39,39,39,39,39,39,39,39,39,39,39,39,39,1.233273,1.399933,1.466598,1.233276,1.366605,1.433269,1.599931,1.166617,1.399941,1.266614,1.233283,1.266615,1.233284,1.266617
15,0.9485,0.9563,0.0,39,39,39,39,39,39,39,39,39,39,39,39,39,39,39,1.199921,1.199923,1.366581,1.166594,1.333252,1.166598,1.233261,1.299926,1.299927,1.466586,1.433257,1.133276,1.166609,0.96662,1.166611
16,0.9551,0.9619,0.0,39,39,39,39,39,39,39,39,39,39,39,39,39,39,39,39,1.033267,1.133262,1.099933,0.966609,1.233262,1.1666,1.199932,1.199933,1.333259,1.066608,1.133273,1.333264,1.366598,1.133277,1.099946,1.033283
17,0.9598,0.9659,0.0,39,39,39,39,39,39,39,39,39,39,39,39,39,39,39,39,39,1.333249,1.0666,0.933276,1.166596,1.133265,1.23326,1.133266,1.19993,1.199932,1.09994,0.933283,1.166605,1.133275,1.033282,1.066615,0.833293,0.93329
18,0.9644,0.9699,0.0,39,39,39,39,39,39,39,39,39,39,39,39,39,39,39,39,39,39,0.866597,1.099912,1.033252,1.133246,0.966592,1.233241,0.799941,1.066588,0.966596,0.999928,0.966597,1.099923,0.799945,1.133257,1.233252,0.966604,1.13326,0.999937
19,0.9682,0.9731,0.0,39,39,39,39,39,39,39,39,39,39,39,39,39,39,39,39,39,39,39,1.066519,0.766561,1.199836,0.766562,1.066522,1.066523,0.699906,0.633249,1.099853,0.999868,0.96654,1.133185,0.933212,1.133187,0.966542,0.933214,0.866557,0.999874,1.066533
20,0.9716,0.9759,0.0,39,39,39,39,39,39,39,39,39,39,39,39,39,39,39,39,39,39,39,39,0.766602,0.999917,0.999918,0.999919,0.733274,0.866597,0.93326,0.766607,0.933262,0.899932,0.933263,0.999925,0.833272,0.699949,0.799942,1.133251,1.033259,1.066591,1.099922,0.833275
21,0.9738,0.9778,0.0,39,39,39,39,39,39,39,39,39,39,39,39,39,39,39,39,39,39,39,39,39,0.999928,0.499964,0.766612,0.733282,0.933268,0.566627,0.999931,0.93327,0.933271,1.099927,0.899941,0.899941,0.966604,0.699955,1.133261,0.666624,0.833281,0.766619,1.0666,0.766619,1.133264
1,0.0,0.0002,0.0,39,14.633307
2,0.0007,0.0473,0.0,39,39,8.1333,8.133311
3,0.0042,0.1554,0.0,39,39,39,5.499958,5.499964,5.499972
4,0.3719,0.4678,0.0,39,39,39,39,4.333301,4.366645,4.333317,4.366655
5,0.5554,0.6233,0.0,39,39,39,39,39,3.666589,3.63326,3.666599,3.633272,3.699941
6,0.6799,0.7288,0.0,39,39,39,39,39,39,3.099934,3.099936,3.13327,3.099939,3.09994,3.099943
7,0.7642,0.8002,0.0,39,39,39,39,39,39,39,2.698418,2.665106,2.665109,2.631797,2.665112,2.665115,2.665116
8,0.8154,0.8436,0.0,39,39,39,39,39,39,39,39,2.333259,2.399926,2.333263,2.333268,2.366603,2.333273,2.366609,2.399943
9,0.8546,0.8768,0.0,39,39,39,39,39,39,39,39,39,2.133257,2.133258,2.066597,2.066601,2.133267,2.066604,2.099937,2.066607,2.066609
10,0.8826,0.9005,0.0,39,39,39,39,39,39,39,39,39,39,1.933256,1.999922,1.799933,1.933265,1.866601,1.866602,1.799941,1.866607,1.833277,1.899944
11,0.9045,0.9191,0.0,39,39,39,39,39,39,39,39,39,39,39,1.599911,1.666577,1.833236,1.799907,1.799909,1.633251,1.733247,1.56659,1.666588,1.566593,1.766585
12,0.9179,0.9304,0.0,39,39,39,39,39,39,39,39,39,39,39,39,1.566499,1.53317,1.466511,1.633161,1.533173,1.566504,1.533176,1.566507,1.599838,1.633169,1.69983,1.533182
13,0.9307,0.9413,0.0,39,39,39,39,39,39,39,39,39,39,39,39,39,1.299943,1.666594,1.333276,1.499936,1.266613,1.299946,1.566603,1.466608,1.433277,1.433278,1.466611,1.499944,1.499945
14,0.9413,0.9503,0.0,39,39,39,39,39,39,39,39,39,39,39,39,39,39,1.233269,1.466592,1.333266,1.266603,1.466594,1.433264,1.233275,1.266608,1.4666,1.199947,1.233279,1.366608,1.366608,1.233282
15,0.9488,0.9567,0.0,39,39,39,39,39,39,39,39,39,39,39,39,39,39,39,1.133265,1.199929,1.266593,1.399919,1.299925,1.36659,1.166602,1.299928,1.233267,1.299931,1.199938,1.19994,1.133278,1.333269,1.033285
16,0.955,0.9619,0.0,39,39,39,39,39,39,39,39,39,39,39,39,39,39,39,39,1.199975,1.366639,1.133311,0.86665,1.133312,1.233312,1.199981,1.099983,0.999985,1.299982,1.099985,1.433315,1.199986,1.033321,1.033323,1.166656
17,0.9601,0.9662,0.0,39,39,39,39,39,39,39,39,39,39,39,39,39,39,39,39,39,0.866607,1.233251,0.999935,1.133261,0.933275,1.133264,1.066603,1.19993,1.133268,1.13327,1.033277,1.166605,1.366596,1.233271,0.966619,1.066616,0.833294
18,0.9653,0.9706,0.0,39,39,39,39,39,39,39,39,39,39,39,39,39,39,39,39,39,39,0.999975,1.133306,1.03331,1.199975,0.966648,0.966649,0.933317,1.033317,1.166649,0.899987,1.066652,1.033319,1.133319,0.933322,0.89999,0.999989,0.799992,1.09999
19,0.9675,0.9725,0.0,39,39,39,39,39,39,39,39,39,39,39,39,39,39,39,39,39,39,39,1.099893,0.733263,0.766594,1.133227,0.799926,0.899917,1.299881,0.99991,0.999911,1.166565,0.966583,1.199898,1.233229,0.933255,0.933256,0.933257,0.766604,0.699944,0.933259
20,0.9707,0.9751,0.0,39,39,39,39,39,39,39,39,39,39,39,39,39,39,39,39,39,39,39,39,0.766612,1.133254,1.133255,1.066594,0.966601,0.899939,0.866609,0.933271,0.833279,0.933273,0.866611,0.766618,1.033269,0.933276,0.899945,0.999939,1.199927,0.799952,0.766621,0.833284
21,0.9741,0.9781,0.0,39,39,39,39,39,39,39,39,39,39,39,39,39,39,39,39,39,39,39,39,39,0.799935,1.099912,0.799937,0.766607,0.933262,0.933263,0.933263,0.966595,0.933264,0.866603,1.133252,0.966598,0.566627,0.766613,0.999932,0.733284,0.699954,0.766618,0.999938,0.76662,0.899946
