1,0.0428,0.0096,0.0,39,8.566644
2,0.6835,0.6711,0.0,39,39,4.466622,4.466628
3,0.8508,0.845,0.0,39,39,39,3.066627,3.066628,3.066634
4,0.913,0.9096,0.0,39,39,39,39,2.333293,2.366628,2.333297,2.333298
5,0.9415,0.9392,0.0,39,39,39,39,39,1.89997,1.933304,1.933305,1.933306,1.899974
6,0.9588,0.9572,0.0,39,39,39,39,39,39,1.633301,1.566637,1.59997,1.599971,1.633304,1.633305
7,0.9697,0.9686,0.0,39,39,39,39,39,39,39,1.399968,1.366637,1.39997,1.366638,1.366639,1.399972,1.36664
8,0.9768,0.9759,0.0,39,39,39,39,39,39,39,39,1.19997,1.199971,1.233304,1.199972,1.233306,1.199974,1.199975,1.199975
9,0.9818,0.9811,0.0,39,39,39,39,39,39,39,39,39,1.033303,1.033303,1.099969,1.09997,1.09997,1.066639,1.066639,1.06664,1.066641
10,0.9859,0.9853,0.0,39,39,39,39,39,39,39,39,39,39,0.966636,0.933304,1.033301,0.933305,0.933306,0.966639,0.933307,0.933307,0.899976,0.899977
11,0.988,0.9875,0.0,39,39,39,39,39,39,39,39,39,39,39,0.833294,0.966622,0.833295,0.833296,0.833296,0.866629,0.833298,0.899962,0.866631,0.899963,0.899964
1,0.0438,0.0098,0.0,39,8.399985
2,0.6976,0.6857,0.0,39,39,4.366655,4.366658
3,0.8562,0.8505,0.0,39,39,39,2.999966,3.033301,2.999971
4,0.9136,0.9103,0.0,39,39,39,39,2.333295,2.333297,2.333299,2.3333
5,0.9419,0.9396,0.0,39,39,39,39,39,1.89995,1.9333,1.899969,1.89997,1.933305
6,0.9591,0.9575,0.0,39,39,39,39,39,39,1.6333,1.599968,1.633302,1.566637,1.599972,1.599973
7,0.971,0.9698,0.0,39,39,39,39,39,39,39,1.333299,1.366633,1.333301,1.333302,1.366635,1.366636,1.366637
8,0.9776,0.9768,0.0,39,39,39,39,39,39,39,39,1.166637,1.19997,1.166639,1.199972,1.16664,1.199973,1.199974,1.199974
9,0.9819,0.9812,0.0,39,39,39,39,39,39,39,39,39,1.066632,1.033301,1.099966,1.066634,1.066635,1.099968,1.033304,1.066637,1.066638
10,0.9856,0.985,0.0,39,39,39,39,39,39,39,39,39,39,0.89999,0.966656,0.966657,0.966657,0.933325,0.999991,0.933326,0.933326,0.96666,0.96666
11,0.9881,0.9876,0.0,39,39,39,39,39,39,39,39,39,39,39,0.866638,0.799974,0.799975,0.833308,0.966637,0.799976,0.799977,0.899974,0.933307,0.933308,0.866644
12,0.9899,0.9895,0.0,39,39,39,39,39,39,39,39,39,39,39,39,0.866634,0.733306,0.766639,0.9333,0.699975,0.833305,0.699976,0.766641,0.766641,0.933303,0.766642,0.766643
13,0.9915,0.9911,0.0,39,39,39,39,39,39,39,39,39,39,39,39,39,0.633307,0.699971,0.66664,0.599976,0.799968,0.799969,0.699973,0.599977,0.733306,0.866635,0.799971,0.799972,0.766641
14,0.9926,0.9923,0.0,39,39,39,39,39,39,39,39,39,39,39,39,39,39,0.666638,0.733302,0.633307,0.799967,0.633308,0.633308,0.733304,0.699973,0.733305,0.666641,0.666642,0.466649,0.799971,0.599979
15,0.9934,0.9932,0.0,39,39,39,39,39,39,39,39,39,39,39,39,39,39,39,0.566641,0.599973,0.699969,0.53331,0.666638,0.733302,0.699971,0.599975,0.833299,0.599976,0.566644,0.633309,0.533313,0.533313,0.766638
16,0.9944,0.9942,0.0,39,39,39,39,39,39,39,39,39,39,39,39,39,39,39,39,0.533306,0.766627,0.566638,0.59997,0.466644,0.633303,0.56664,0.499976,0.56664,0.466645,0.766632,0.566641,0.666637,0.566642,0.69997,0.466647
17,0.995,0.9948,0.0,39,39,39,39,39,39,39,39,39,39,39,39,39,39,39,39,39,0.433323,0.533321,0.699985,0.566655,0.699985,0.599988,0.466658,0.466658,0.566656,0.466658,0.59999,0.466659,0.566658,0.699989,0.499993,0.433327,0.633325
18,0.9956,0.9955,0.0,39,39,39,39,39,39,39,39,39,39,39,39,39,39,39,39,39,39,0.466628,0.599951,0.333307,0.466629,0.566622,0.633284,0.4333,0.399969,0.399969,0.4333,0.566624,0.566624,0.733279,0.399971,0.599956,0.466633,0.599957,0.599957
19,0.996,0.9959,0.0,39,39,39,39,39,39,39,39,39,39,39,39,39,39,39,39,39,39,39,0.399975,0.633294,0.566632,0.399976,0.566633,0.466639,0.633297,0.666628,0.366646,0.46664,0.299983,0.43331,0.566636,0.43331,0.466642,0.39998,0.59997,0.433312,0.499976
20,0.9964,0.9963,0.0,39,39,39,39,39,39,39,39,39,39,39,39,39,39,39,39,39,39,39,39,0.433306,0.666625,0.399975,0.533301,0.399976,0.466639,0.466639,0.566634,0.299983,0.333314,0.46664,0.499972,0.366646,0.466641,0.566636,0.43331,0.466642,0.599969,0.299985,0.566638
21,0.9967,0.9965,0.0,39,39,39,39,39,39,39,39,39,39,39,39,39,39,39,39,39,39,39,39,39,0.399973,0.466635,0.466635,0.366642,0.566629,0.533298,0.299981,0.699955,0.399975,0.566631,0.566631,0.666625,0.333313,0.49997,0.433307,0.333314,0.299982,0.366645,0.399977,0.299983,0.333315
