3,0.2844,0.0002,0.4534,81,81,81,14.999966,14.999975,14.999981
6,0.2844,0.0003,0.4534,81,81,81,81,81,81,14.966542,14.966548,14.966554,14.966561,14.966571,14.966579
9,0.2844,0.0002,0.4534,81,81,81,81,81,81,81,81,81,14.999784,14.999792,14.9998,14.999808,14.999816,14.999826,14.999834,14.999842,14.99985
12,0.2844,0.0002,0.4534,81,81,81,81,81,81,81,81,81,81,81,81,14.99985,14.999857,14.999864,14.999871,14.999878,14.999884,14.999892,14.999904,14.999913,14.99992,14.999929,14.999938
15,0.2844,0.0002,0.4534,81,81,81,81,81,81,81,81,81,81,81,81,81,81,81,14.999714,14.999725,14.999736,14.999747,14.999757,14.999769,14.99978,14.999791,14.999803,14.999813,14.999824,14.999836,14.999854,14.999862,14.999873
18,0.2844,0.0002,0.4534,81,81,81,81,81,81,81,81,81,81,81,81,81,81,81,81,81,81,14.999732,14.999742,14.999751,14.999759,14.999768,14.999778,14.999801,14.999812,14.999823,14.999835,14.999847,14.999859,14.999871,14.99988,14.999891,14.999902,14.999913,14.999925
3,0.2844,0.0003,0.4534,81,81,81,14.966612,14.966621,14.966627
6,0.2844,0.0003,0.4534,81,81,81,81,81,81,14.966588,14.966594,14.9666,14.966608,14.966615,14.966622
9,0.2844,0.0003,0.4534,81,81,81,81,81,81,81,81,81,14.966542,14.966551,14.966559,14.96657,14.966579,14.966589,14.966596,14.966602,14.966611
12,0.2844,0.0002,0.4534,81,81,81,81,81,81,81,81,81,81,81,81,14.999821,14.999831,14.999842,14.999852,14.999863,14.999874,14.999885,14.999895,14.999906,14.999918,14.999929,14.999941
15,0.2844,0.0002,0.4534,81,81,81,81,81,81,81,81,81,81,81,81,81,81,81,14.999266,14.999274,14.999281,14.999287,14.999294,14.999302,14.999311,14.99932,14.999326,14.999334,14.999342,14.999352,14.99936,14.999365,14.999375
18,0.2844,0.0003,0.4534,81,81,81,81,81,81,81,81,81,81,81,81,81,81,81,81,81,81,14.966321,14.966339,14.966357,14.966367,14.966377,14.966405,14.966421,14.966432,14.966448,14.966458,14.966468,14.966477,14.966487,14.966497,14.966517,14.966535,14.966554,14.966572
21,0.2844,0.0002,0.4534,81,81,81,81,81,81,81,81,81,81,81,81,81,81,81,81,81,81,81,81,81,14.999661,14.999667,14.999673,14.99968,14.999686,14.999693,14.999715,14.999721,14.999728,14.999741,14.999748,14.999755,14.999761,14.999768,14.999774,14.999781,14.999789,14.999795,14.999802,14.999816,14.999823
