1,0.0001,0.0154,0.0,51,14
2,0.0001,0.0222,0.0009,57,57,14,14
3,0.0001,0.0222,0.0009,57,57,57,14,14,14
4,0.0468,0.0893,0.0,51,51,51,51,14,14,7,14
5,0.0413,0.1667,0.0043,69,75,51,51,75,15,8,7,14,8
6,0.0365,0.179,0.0052,69,75,51,51,75,75,15,8,7,14,8,8
7,0.0361,0.2294,0.0071,69,75,51,75,75,75,75,15,8,7,8,8,8,8
8,0.0332,0.2309,0.0074,69,75,51,75,75,75,75,75,15,8,7,8,8,8,8,8
9,0.0309,0.232,0.0076,69,75,51,75,75,75,75,75,75,15,8,7,8,8,8,8,8,8
10,0.0256,0.1737,0.0057,75,51,51,51,51,75,75,75,75,75,8,14,7,14,14,8,8,8,8,8
11,0.0244,0.1798,0.006,75,51,51,51,51,75,75,75,75,75,75,8,14,7,14,14,8,8,8,8,8,8
12,0.0235,0.1849,0.0063,75,51,51,51,51,75,75,75,75,75,75,75,8,14,7,14,14,8,8,8,8,8,8,8
13,0.0236,0.2066,0.0073,75,51,51,51,75,75,75,75,75,75,75,75,75,8,14,7,14,8,8,8,8,8,8,8,8,8
14,0.0229,0.209,0.0074,75,51,51,51,75,75,75,75,75,75,75,75,75,75,8,14,7,14,8,8,8,8,8,8,8,8,8,8
15,0.0222,0.2111,0.0076,75,51,51,51,75,75,75,75,75,75,75,75,75,75,75,8,14,7,14,8,8,8,8,8,8,8,8,8,8,8
16,0.0216,0.213,0.0077,75,51,51,51,75,75,75,75,75,75,75,75,75,75,75,75,8,14,7,14,8,8,8,8,8,8,8,8,8,8,8,8
17,0.0211,0.2146,0.0078,75,51,51,51,75,75,75,75,75,75,75,75,75,75,75,75,75,8,14,7,14,8,8,8,8,8,8,8,8,8,8,8,8,8
18,0.0218,0.2314,0.0084,75,51,51,75,75,75,75,75,75,75,75,75,75,75,75,75,75,75,8,14,7,8,8,8,8,8,8,8,8,8,8,8,8,8,8,8
19,0.0213,0.2319,0.0084,75,51,51,75,75,75,75,75,75,75,75,75,75,75,75,75,75,75,75,8,14,7,8,8,8,8,8,8,8,8,8,8,8,8,8,8,8,8
20,0.0209,0.2324,0.0085,75,51,51,75,75,75,75,75,75,75,75,75,75,75,75,75,75,75,75,75,8,14,7,8,8,8,8,8,8,8,8,8,8,8,8,8,8,8,8,8
21,0.0205,0.2328,0.0085,75,51,51,75,75,75,75,75,75,75,75,75,75,75,75,75,75,75,75,75,75,8,14,7,8,8,8,8,8,8,8,8,8,8,8,8,8,8,8,8,8,8
