1,0.0,0.0,0.0,3,17.699939
2,0.0002,0.0,0.0,3,3,9.866641,9.866646
3,0.015,0.002,0.0,3,3,3,6.666646,6.633316,6.633321
4,0.0541,0.0123,0.0,3,3,3,3,5.066646,5.099984,4.999987,5.09999
5,0.0989,0.0291,0.0,3,3,3,3,3,4.266595,4.299929,4.333264,4.333266,4.233271
6,0.1606,0.0587,0.0,3,3,3,3,3,3,3.733265,3.733267,3.699936,3.733271,3.69994,3.666609
7,0.1806,0.0687,0.0,3,3,3,3,3,3,3,3.166008,3.166009,3.166011,3.166012,3.132687,3.132689,3.166018
8,0.1996,0.0782,0.0,3,3,3,3,3,3,3,3,2.799926,2.799928,2.799929,2.766599,2.833265,2.833266,2.833268,2.799937
9,0.3505,0.2495,0.0,3,3,3,3,3,3,3,3,3,2.466643,2.533311,2.499979,2.49998,2.433315,2.466649,2.433317,2.466652,2.466653
10,0.4736,0.3917,0.0,3,3,3,3,3,3,3,3,3,3,2.299919,2.29992,2.166593,2.23326,2.333258,2.233263,2.1666,2.199933,2.13327,2.199936
11,0.567,0.4996,0.0,3,3,3,3,3,3,3,3,3,3,3,2.033266,1.966603,1.999936,1.999937,1.999938,1.933275,1.866611,2.233267,2.099939,2.09994,1.966611
12,0.63,0.5725,0.0,3,3,3,3,3,3,3,3,3,3,3,3,1.733264,1.899925,1.933258,1.966591,1.799932,1.666604,2.033258,1.866599,1.933264,1.966597,1.899934,1.66661
13,0.6958,0.6485,0.0,3,3,3,3,3,3,3,3,3,3,3,3,3,1.633252,1.699917,1.733249,1.566592,1.799915,1.599925,1.633258,1.633259,1.599928,1.766588,1.899917,1.533267,1.866587
14,0.7357,0.6946,0.0,3,3,3,3,3,3,3,3,3,3,3,3,3,3,1.533268,1.5666,1.566601,1.466606,1.566603,1.799927,1.633268,1.599937,1.433278,1.499943,1.733268,1.466612,1.399949,1.766603
15,0.7734,0.7382,0.0,3,3,3,3,3,3,3,3,3,3,3,3,3,3,3,1.466577,1.499909,1.266591,1.333255,1.366587,1.39992,1.766567,1.499916,1.33326,1.53325,1.266599,1.499921,1.499922,1.63325,1.466593
16,0.7968,0.7652,0.0,3,3,3,3,3,3,3,3,3,3,3,3,3,3,3,3,1.566624,1.133303,1.299966,1.399964,1.233302,1.233303,1.266636,1.333302,1.466633,1.533298,1.49998,1.199985,1.499982,1.499982,1.566649,1.299986
17,0.8189,0.7908,0.0,3,3,3,3,3,3,3,3,3,3,3,3,3,3,3,3,3,1.333256,1.266594,1.233264,1.166602,1.233265,1.233266,1.333262,1.199936,1.433258,1.366597,1.19994,1.199941,1.56659,1.499928,1.299938,1.299939,1.266608
18,0.8417,0.817,0.0,3,3,3,3,3,3,3,3,3,3,3,3,3,3,3,3,3,3,1.099933,1.399916,1.199929,1.033273,1.166599,1.199932,0.933281,0.966613,1.366592,1.199935,1.433257,1.333263,1.199938,1.133276,1.19994,1.233272,1.266605,1.466596
19,0.8604,0.8387,0.0,3,3,3,3,3,3,3,3,3,3,3,3,3,3,3,3,3,3,3,1.399915,1.099935,1.166598,0.933279,0.93328,1.133269,1.199932,1.299927,1.199934,1.066608,1.199935,1.133272,1.166605,1.099942,1.166606,1.099943,1.133276,1.233271,1.033282
20,0.8754,0.8561,0.0,3,3,3,3,3,3,3,3,3,3,3,3,3,3,3,3,3,3,3,3,1.23326,0.866616,1.033273,0.933279,0.93328,1.099938,1.066607,1.199933,1.133271,1.233266,0.833289,0.933284,1.199937,0.899953,0.933285,1.199939,1.19994,1.166609,1.199941,1.199942
21,0.8876,0.8701,0.0,3,3,3,3,3,3,3,3,3,3,3,3,3,3,3,3,3,3,3,3,3,0.766616,1.266583,1.199922,0.933273,1.166592,1.066599,0.933275,0.899944,0.933276,0.866614,1.199927,0.833283,0.833284,1.199929,0.866616,1.133268,0.966611,1.233263,1.199933,0.933281,0.933282
