1,0.0071,0.0068,0.0,39,17.89994
2,0.1173,0.1154,0.0,39,39,9.833243,9.833247
3,0.3847,0.383,0.0,39,39,39,6.566582,6.599923,6.566601
4,0.6361,0.6351,0.0,39,39,39,39,5.066577,5.033253,5.033261,5.099936
5,0.7346,0.7339,0.0,39,39,39,39,39,4.299908,4.299915,4.333253,4.299928,4.366596
6,0.8088,0.8083,0.0,39,39,39,39,39,39,3.699912,3.666585,3.66659,3.6666,3.633269,3.666607
7,0.8582,0.8579,0.0,39,39,39,39,39,39,39,3.166581,3.166585,3.133257,3.166592,3.133261,3.166599,3.166604
8,0.8892,0.8889,0.0,39,39,39,39,39,39,39,39,2.766556,2.766559,2.799892,2.766563,2.833234,2.799907,2.833241,2.766579
9,0.9111,0.9109,0.0,39,39,39,39,39,39,39,39,39,2.432797,2.532776,2.499455,2.532783,2.466132,2.499461,2.566116,2.432814,2.532797
10,0.9284,0.9282,0.0,39,39,39,39,39,39,39,39,39,39,2.266582,2.166587,2.233252,2.199922,2.166592,2.26659,2.299923,2.399923,2.166603,2.266602
11,0.9427,0.9425,0.0,39,39,39,39,39,39,39,39,39,39,39,1.999915,2.033251,1.899924,2.033253,1.966591,2.199918,2.066592,2.066593,1.933266,1.866604,1.999936
12,0.9523,0.9522,0.0,39,39,39,39,39,39,39,39,39,39,39,39,1.999919,1.833261,1.766598,1.933259,1.899927,1.866597,1.633274,1.766604,1.799937,1.966598,1.699942,1.766608
13,0.9591,0.959,0.0,39,39,39,39,39,39,39,39,39,39,39,39,39,1.599128,1.799022,1.765707,1.565818,1.799027,1.565822,1.932294,1.632457,1.565827,1.732405,1.732406,1.665776,1.632461
14,0.9648,0.9647,0.0,39,39,39,39,39,39,39,39,39,39,39,39,39,39,1.399933,1.499929,1.599925,1.733253,1.66659,1.666592,1.599929,1.566599,1.533269,1.699929,1.53327,1.466609,1.533273,1.499942
15,0.9701,0.9701,0.0,39,39,39,39,39,39,39,39,39,39,39,39,39,39,39,1.266585,1.299919,1.299923,1.499912,1.533245,1.666574,1.633245,1.499922,1.333267,1.56659,1.666588,1.333272,1.26661,1.366608,1.399942
16,0.9737,0.9736,0.0,39,39,39,39,39,39,39,39,39,39,39,39,39,39,39,39,1.232638,1.232639,1.365898,1.532472,1.299271,1.332587,1.232644,1.632421,1.199332,1.232647,1.432536,1.232648,1.299279,1.432539,1.499169,1.465855
17,0.9765,0.9765,0.0,39,39,39,39,39,39,39,39,39,39,39,39,39,39,39,39,39,1.199936,1.199936,1.533252,1.399927,1.333265,0.999949,1.499925,1.166609,1.233275,1.066617,1.233276,1.29994,1.09995,1.266611,1.299943,1.23328,1.599932
18,0.9782,0.9782,0.0,39,39,39,39,39,39,39,39,39,39,39,39,39,39,39,39,39,39,1.433245,1.466577,1.199927,1.199928,1.066604,1.333256,1.199931,1.099938,1.533249,1.199936,1.399926,1.2666,1.233269,0.966617,1.033281,0.933287,1.399931,1.099948
19,0.9814,0.9814,0.0,39,39,39,39,39,39,39,39,39,39,39,39,39,39,39,39,39,39,39,1.29989,0.966586,1.13324,1.199902,0.933258,1.299895,1.666535,1.133246,1.099917,1.19991,1.066588,0.866604,1.06659,0.966598,1.199915,1.133254,1.099924,1.033263,1.099926
20,0.9833,0.9833,0.0,39,39,39,39,39,39,39,39,39,39,39,39,39,39,39,39,39,39,39,39,1.199969,1.199971,1.03331,1.066643,0.933314,1.166644,1.133312,0.833319,1.099982,1.066651,1.099984,1.099986,1.13332,0.966656,0.999989,1.299986,1.133322,0.999991,1.099991,0.999992
21,0.9852,0.9851,0.0,39,39,39,39,39,39,39,39,39,39,39,39,39,39,39,39,39,39,39,39,39,0.666618,1.166583,1.03326,1.233248,1.199918,0.833278,0.999934,0.966604,1.099931,1.133263,1.066602,0.99994,1.099936,1.133268,1.166601,0.633298,1.099939,0.899951,0.999946,0.933284,0.799958
1,0.0071,0.0069,0.0,39,17.833304
2,0.1173,0.1154,0.0,39,39,9.833311,9.833317
3,0.3784,0.3767,0.0,39,39,39,6.599978,6.599981,6.633321
4,0.6301,0.6291,0.0,39,39,39,39,5.099971,5.13331,5.066648,5.099984
