1,0.4148,0.0313,0.5579,81,8.433316
2,0.4148,0.0313,0.5579,81,81,8.433238,8.433248
3,0.4186,0.0322,0.5579,81,81,81,8.266629,8.266635,8.266639
4,0.417,0.0319,0.5579,81,81,81,81,8.333284,8.333289,8.333294,8.333299
5,0.421,0.0327,0.5579,81,81,81,81,81,8.166631,8.166636,8.166641,8.166645,8.16665
6,0.4226,0.0331,0.5579,81,81,81,81,81,81,8.099884,8.099891,8.099897,8.099904,8.09991,8.099917
7,0.4226,0.0331,0.5579,81,81,81,81,81,81,81,8.09994,8.099945,8.099951,8.099957,8.099961,8.099965,8.099971
8,0.4218,0.0329,0.5579,81,81,81,81,81,81,81,81,8.133108,8.133114,8.133119,8.133123,8.133128,8.133133,8.133138,8.133144
9,0.421,0.0327,0.5579,81,81,81,81,81,81,81,81,81,8.166423,8.166429,8.166434,8.166438,8.166443,8.16645,8.166456,8.166463,8.166468
10,0.421,0.0327,0.5579,81,81,81,81,81,81,81,81,81,81,8.166568,8.166574,8.166579,8.166584,8.166589,8.166595,8.166601,8.166606,8.166612,8.166619
11,0.421,0.0328,0.5579,81,81,81,81,81,81,81,81,81,81,81,8.166365,8.16637,8.166375,8.16638,8.166385,8.166389,8.166394,8.166399,8.166403,8.166409,8.166414
12,0.426,0.0339,0.5579,81,81,81,81,81,81,81,81,81,81,81,81,7.966535,7.966542,7.966547,7.966554,7.96656,7.966567,7.966573,7.96658,7.966591,7.966598,7.966605,7.966611
13,0.4269,0.0341,0.5579,81,81,81,81,81,81,81,81,81,81,81,81,81,7.933243,7.933248,7.933252,7.933257,7.933261,7.933265,7.933269,7.933273,7.933278,7.933282,7.933286,7.93329,7.933295
14,0.4251,0.0337,0.5579,81,81,81,81,81,81,81,81,81,81,81,81,81,81,7.999898,7.999902,7.999907,7.999911,7.999915,7.999919,7.999929,7.999934,7.999938,7.999943,7.999947,7.999952,7.999957,7.999961
1,0.4092,0.0301,0.5579,81,8.699979
2,0.4141,0.0312,0.5579,81,81,8.466635,8.466644
3,0.4141,0.0312,0.5579,81,81,81,8.466555,8.466563,8.46657
4,0.4163,0.0317,0.5579,81,81,81,81,8.366503,8.366507,8.366511,8.366515
5,0.4194,0.0324,0.5579,81,81,81,81,81,8.233285,8.23329,8.233294,8.233297,8.233302
6,0.417,0.0319,0.5579,81,81,81,81,81,81,8.333154,8.333158,8.333161,8.333165,8.333169,8.333174
7,0.4178,0.032,0.5579,81,81,81,81,81,81,81,8.299938,8.299942,8.299944,8.299948,8.299952,8.299956,8.29996
8,0.4226,0.0331,0.5579,81,81,81,81,81,81,81,81,8.099769,8.099774,8.099779,8.099785,8.099789,8.099793,8.099797,8.099802
9,0.4178,0.032,0.5579,81,81,81,81,81,81,81,81,81,8.299779,8.299784,8.299789,8.299794,8.299799,8.299803,8.299808,8.299813,8.299817
10,0.4226,0.0331,0.5579,81,81,81,81,81,81,81,81,81,81,8.099898,8.099902,8.099906,8.099911,8.099916,8.099921,8.099925,8.09993,8.099939,8.099944
11,0.4251,0.0337,0.5579,81,81,81,81,81,81,81,81,81,81,81,7.999903,7.999907,7.999912,7.999917,7.999921,7.999926,7.99993,7.999935,7.999939,7.999944,7.999949
12,0.4202,0.0326,0.5579,81,81,81,81,81,81,81,81,81,81,81,81,8.199702,8.199707,8.199712,8.199715,8.19972,8.199728,8.199734,8.199739,8.199743,8.199747,8.199752,8.199758
13,0.4226,0.0331,0.5579,81,81,81,81,81,81,81,81,81,81,81,81,81,8.099867,8.099872,8.099878,8.099884,8.099888,8.099893,8.099898,8.099905,8.099911,8.099917,8.099923,8.099929,8.099935
14,0.4243,0.0335,0.5579,81,81,81,81,81,81,81,81,81,81,81,81,81,81,8.033167,8.033171,8.033175,8.033179,8.033183,8.033188,8.033192,8.033197,8.033201,8.033206,8.033211,8.033215,8.03322,8.033225
15,0.4226,0.0331,0.5579,81,81,81,81,81,81,81,81,81,81,81,81,81,81,81,8.099894,8.099898,8.099903,8.099907,8.099912,8.099917,8.099921,8.099925,8.09993,8.099934,8.099939,8.099943,8.099948,8.099952,8.099955
16,0.4251,0.0337,0.5579,81,81,81,81,81,81,81,81,81,81,81,81,81,81,81,81,7.999866,7.99987,7.999874,7.999878,7.999882,7.999886,7.99989,7.999894,7.999898,7.999902,7.999907,7.999911,7.999915,7.999919,7.999922,7.999926
17,0.4243,0.0335,0.5579,81,81,81,81,81,81,81,81,81,81,81,81,81,81,81,81,81,8.033192,8.033197,8.033203,8.033207,8.033213,8.033218,8.033226,8.033232,8.033238,8.033244,8.033249,8.033255,8.03326,8.033266,8.033271,8.033276,8.033282
18,0.4296,0.0347,0.5579,81,81,81,81,81,81,81,81,81,81,81,81,81,81,81,81,81,81,7.833193,7.833197,7.8332,7.833204,7.833207,7.833211,7.833215,7.833218,7.833222,7.833226,7.83323,7.833234,7.833238,7.833241,7.833244,7.833248,7.833256,7.83326
19,0.4251,0.0337,0.5579,81,81,81,81,81,81,81,81,81,81,81,81,81,81,81,81,81,81,81,7.99984,7.999843,7.999847,7.999851,7.999855,7.999859,7.999863,7.999867,7.999871,7.999875,7.999879,7.999883,7.999887,7.999891,7.999894,7.999897,7.999901,7.999905,7.999909
20,0.4296,0.0347,0.5579,81,81,81,81,81,81,81,81,81,81,81,81,81,81,81,81,81,81,81,81,7.832935,7.832939,7.832942,7.832947,7.832952,7.832957,7.83296,7.832965,7.832971,7.832976,7.832982,7.832988,7.832994,7.833,7.833004,7.83301,7.833016,7.833022,7.833028,7.833033
21,0.426,0.0339,0.5579,81,81,81,81,81,81,81,81,81,81,81,81,81,81,81,81,81,81,81,81,81,7.966485,7.96649,7.966499,7.966505,7.96651,7.966514,7.966518,7.966524,7.966528,7.966533,7.966539,7.966545,7.96655,7.966556,7.966562,7.966568,7.966574,7.96658,7.966585,7.966591,7.966597
1,0.4202,0.0326,0.5579,81,8.199983
2,0.4234,0.0333,0.5579,81,81,8.066637,8.066647
3,0.4194,0.0324,0.5579,81,81,81,8.233292,8.233298,8.233303
