1,0.1104,0.487,0.2797,81,8.866645
2,0.1138,0.4919,0.2797,81,81,8.599912,8.599925
3,0.1142,0.4925,0.2797,81,81,81,8.566635,8.566641,8.566646
4,0.1151,0.4938,0.2797,81,81,81,81,8.499955,8.499961,8.499965,8.49997
5,0.1151,0.4938,0.2797,81,81,81,81,81,8.499836,8.49984,8.499844,8.499848,8.499853
6,0.1174,0.4972,0.2797,81,81,81,81,81,81,8.33327,8.333274,8.333284,8.333288,8.333293,8.333297
7,0.1179,0.4979,0.2797,81,81,81,81,81,81,81,8.299933,8.299937,8.29994,8.299944,8.299949,8.299955,8.299959
8,0.1179,0.4979,0.2797,81,81,81,81,81,81,81,81,8.299918,8.299922,8.299927,8.299931,8.299937,8.299942,8.299946,8.299951
9,0.1184,0.4986,0.2797,81,81,81,81,81,81,81,81,81,8.266603,8.266609,8.266613,8.266617,8.266623,8.266628,8.266632,8.266636,8.26664
10,0.1189,0.4993,0.2797,81,81,81,81,81,81,81,81,81,81,8.233059,8.233064,8.23307,8.233076,8.233082,8.233088,8.233093,8.233099,8.233105,8.23311
11,0.1189,0.4993,0.2797,81,81,81,81,81,81,81,81,81,81,81,8.233028,8.233033,8.233037,8.233041,8.233045,8.23305,8.233054,8.233058,8.233063,8.233067,8.233072
12,0.1199,0.5008,0.2797,81,81,81,81,81,81,81,81,81,81,81,81,8.166566,8.16657,8.166573,8.166577,8.166581,8.166584,8.166588,8.166592,8.166596,8.1666,8.166604,8.166608
13,0.1226,0.5046,0.2797,81,81,81,81,81,81,81,81,81,81,81,81,81,7.999884,7.999891,7.999896,7.999902,7.999907,7.999914,7.999919,7.999926,7.999932,7.999938,7.999944,7.99995,7.999956
14,0.1199,0.5008,0.2797,81,81,81,81,81,81,81,81,81,81,81,81,81,81,8.16652,8.166526,8.166533,8.166537,8.166541,8.166546,8.166552,8.166557,8.166563,8.166569,8.166575,8.166581,8.166587,8.166593
15,0.1215,0.5031,0.2797,81,81,81,81,81,81,81,81,81,81,81,81,81,81,81,8.066348,8.066351,8.066355,8.066359,8.066363,8.066367,8.066371,8.066375,8.066379,8.066383,8.066387,8.066391,8.066395,8.066398,8.0664
16,0.1216,0.5032,0.2797,81,81,81,81,81,81,81,81,81,81,81,81,81,81,81,81,8.066531,8.066536,8.066542,8.066547,8.033219,8.066557,8.066563,8.066568,8.066574,8.06658,8.033254,8.066592,8.066598,8.066604,8.033275,8.066615
17,0.1231,0.5054,0.2797,81,81,81,81,81,81,81,81,81,81,81,81,81,81,81,81,81,7.966515,7.966519,7.966523,7.966527,7.966532,7.966536,7.96654,7.966545,7.966549,7.966554,7.966558,7.966563,7.966567,7.966571,7.966575,7.96658,7.966584
18,0.122,0.5038,0.2797,81,81,81,81,81,81,81,81,81,81,81,81,81,81,81,81,81,81,8.033174,8.033179,8.033183,8.033188,8.033193,8.033197,8.033202,8.033206,8.033211,8.033216,8.03322,8.033225,8.03323,8.033234,8.033237,8.033242,8.033247,8.033251
19,0.1243,0.507,0.2797,81,81,81,81,81,81,81,81,81,81,81,81,81,81,81,81,81,81,81,7.899874,7.899878,7.899881,7.899885,7.899888,7.899892,7.899897,7.899901,7.899906,7.89991,7.899915,7.89992,7.899924,7.899929,7.899933,7.899937,7.899942,7.899947,7.899951
20,0.1237,0.5062,0.2797,81,81,81,81,81,81,81,81,81,81,81,81,81,81,81,81,81,81,81,81,7.93314,7.933145,7.933151,7.933156,7.933162,7.933168,7.933173,7.933179,7.933184,7.93319,7.933196,7.933202,7.933208,7.933213,7.933217,7.933223,7.933229,7.933234,7.93324,7.933245
21,0.1243,0.507,0.2797,81,81,81,81,81,81,81,81,81,81,81,81,81,81,81,81,81,81,81,81,81,7.899784,7.899788,7.899792,7.899797,7.899802,7.899806,7.899811,7.899815,7.899819,7.899824,7.899829,7.899834,7.899838,7.899842,7.899846,7.899851,7.899856,7.89986,7.899865,7.89987,7.899874
1,0.1156,0.4945,0.2797,81,8.466648
2,0.1194,0.5001,0.2797,81,81,8.199937,8.199944
3,0.1184,0.4986,0.2797,81,81,81,8.266634,8.266639,8.266646
