1,0.0,0.0,0.0,39,17.833285
2,0.0,0.0,0.0,39,39,10.066613,10.066631
3,0.0012,0.0,0.0,39,39,39,6.733235,6.733244,6.699923
4,0.0184,0.0018,0.0,39,39,39,39,5.099966,5.133309,5.133318,5.066655
5,0.0517,0.0081,0.0,39,39,39,39,39,4.36658,4.266584,4.299923,4.333264,4.333271
6,0.1213,0.0289,0.0,39,39,39,39,39,39,3.733286,3.699955,3.73329,3.733294,3.733299,3.733303
7,0.1453,0.0364,0.0,39,39,39,39,39,39,39,3.166581,3.133249,3.166587,3.166591,3.166593,3.199927,3.166598
8,0.1696,0.044,0.0,39,39,39,39,39,39,39,39,2.766581,2.833248,2.833252,2.766589,2.799923,2.766594,2.79993,2.799931
9,0.2951,0.1852,0.0,39,39,39,39,39,39,39,39,39,2.499917,2.53325,2.63325,2.566588,2.566591,2.533262,2.533264,2.433271,2.466605
10,0.4523,0.3669,0.0,39,39,39,39,39,39,39,39,39,39,2.299954,2.233291,2.233295,2.266631,2.199967,2.233302,2.266638,2.199973,2.166641,2.199978
11,0.5496,0.4794,0.0,39,39,39,39,39,39,39,39,39,39,39,2.033265,2.099931,2.166596,1.899939,2.066601,1.999939,1.99994,1.966609,2.033275,2.033276,1.933279
12,0.6233,0.5645,0.0,39,39,39,39,39,39,39,39,39,39,39,39,1.966592,1.699938,1.899931,1.766603,1.933265,1.83327,1.733275,2.033267,1.799943,1.766611,1.899941,1.833277
13,0.689,0.6405,0.0,39,39,39,39,39,39,39,39,39,39,39,39,39,1.666577,1.866569,1.566586,1.899905,1.666584,1.633253,1.53326,1.499929,1.666589,1.666591,1.76659,1.733261,1.633267
14,0.7252,0.6824,0.0,39,39,39,39,39,39,39,39,39,39,39,39,39,39,1.433254,1.666577,1.466591,1.699914,1.499927,1.633255,1.699921,1.633261,1.466603,1.73326,1.599935,1.499941,1.399946,1.633271
15,0.7638,0.727,0.0,39,39,39,39,39,39,39,39,39,39,39,39,39,39,39,1.333256,1.533245,1.333258,1.599914,1.433259,1.466593,1.466595,1.53326,1.49993,1.499933,1.433271,1.599932,1.399942,1.466608,1.333282
16,0.7927,0.7604,0.0,39,39,39,39,39,39,39,39,39,39,39,39,39,39,39,39,1.533244,1.466583,1.36659,1.399923,1.433255,1.399925,1.366595,1.166606,1.199938,1.63325,1.333266,1.366598,1.266604,1.266605,1.466596,1.199943
17,0.8154,0.7866,0.0,39,39,39,39,39,39,39,39,39,39,39,39,39,39,39,39,39,1.233304,1.233304,1.599963,1.333303,1.233306,1.366637,1.266641,1.23331,1.23331,1.199978,1.199979,1.466642,1.199981,1.199983,1.299982,1.233317,1.399982
18,0.8384,0.8132,0.0,39,39,39,39,39,39,39,39,39,39,39,39,39,39,39,39,39,39,1.133263,1.133263,1.166597,1.099936,1.199933,1.333261,1.433258,1.43326,1.233273,1.13328,1.166614,1.199947,1.066621,1.133286,1.233283,1.233284,1.133289,1.266618
19,0.8575,0.8353,0.0,39,39,39,39,39,39,39,39,39,39,39,39,39,39,39,39,39,39,39,0.933273,1.199925,1.233257,1.233259,1.23326,0.866616,0.899949,1.333258,0.866618,1.199934,1.133272,1.06661,0.83329,1.399928,1.166607,1.19994,1.033282,1.133278,1.399933
20,0.8719,0.8519,0.0,39,39,39,39,39,39,39,39,39,39,39,39,39,39,39,39,39,39,39,39,0.866603,1.066589,1.233245,1.066592,1.133255,1.433235,1.133256,1.233251,1.233253,1.033267,0.866612,1.166594,1.133264,0.933277,0.899947,0.833285,1.066606,1.066607,1.066608,0.899951
21,0.8853,0.8674,0.0,39,39,39,39,39,39,39,39,39,39,39,39,39,39,39,39,39,39,39,39,39,1.133263,0.833282,0.866614,0.933277,1.133265,0.933278,0.73329,1.299924,0.999942,1.133269,1.199932,0.933282,1.233266,1.133272,0.966614,1.133273,0.866621,0.766626,1.033279,0.933285,0.999949
1,0.0,0.0,0.0,39,17.733276
2,0.0,0.0,0.0,39,39,9.833313,9.833317
3,0.0021,0.0001,0.0,39,39,39,6.633312,6.599982,6.666654
4,0.0184,0.0018,0.0,39,39,39,39,5.066595,5.099932,5.133268,5.099938
