1,0.0,0.0,0.0,39,15
1,0.0,0.0,0.0,39,15
1,0.0,0.0,0.0,39,15
1,0.0,0.0,0.0,39,15
2,0.0,0.0,0.0,39,39,15,15
3,0.0,0.0,0.0,39,39,39,15,15,15
4,0.0,0.0,0.0148,57,57,57,57,15,15,15,15
5,0.0,0.0,0.0275,75,51,51,51,75,15,15,15,14,15
6,0.0,0.0,0.041,75,51,51,75,75,75,15,15,15,15,15,15
7,0.0,0.0,0.0434,75,51,51,75,75,75,75,15,15,15,15,15,15,15
8,0.0,0.0,0.0471,57,57,75,75,75,75,75,75,15,15,15,15,15,15,15,15
9,0.0002,0.0,0.041,75,51,51,51,75,75,75,75,75,14,13,13,13,14,14,14,14,14
10,0.0,0.0,0.0536,57,75,75,75,75,75,75,75,75,75,15,15,15,15,15,15,15,15,15,15
11,0.0002,0.0,0.0487,75,51,51,75,75,75,75,75,75,75,75,14,14,13,14,14,14,14,14,14,14,14
12,0.0,0.0,0.0579,75,75,75,75,75,75,75,75,75,75,75,75,15,15,15,15,15,15,15,15,15,15,15,15
13,0.0001,0.0,0.054,75,51,75,75,75,75,75,75,75,75,75,75,75,14,14,14,14,14,14,14,14,14,14,14,14,14
14,0.0001,0.0,0.0579,75,75,75,75,75,75,75,75,75,75,75,75,75,75,14,14,14,14,14,14,14,14,14,14,14,14,14,14
15,0.0001,0.0,0.0579,75,75,75,75,75,75,75,75,75,75,75,75,75,75,75,14,14,14,14,14,14,14,14,14,14,14,14,14,14,14
16,0.0003,0.0,0.0579,75,75,75,75,75,75,75,75,75,75,75,75,75,75,75,75,14,14,14,14,14,14,14,14,14,14,13,13,13,13,13,13
17,0.0005,0.0,0.0554,57,75,75,75,75,75,75,75,75,75,75,75,75,75,75,75,75,13,13,13,13,13,13,13,13,13,13,13,13,13,13,13,13,13
18,0.0005,0.0,0.0555,57,75,75,75,75,75,75,75,75,75,75,75,75,75,75,75,75,75,13,13,13,13,13,13,13,13,13,13,13,13,13,13,13,13,13,13
19,0.0005,0.0,0.0579,75,75,75,75,75,75,75,75,75,75,75,75,75,75,75,75,75,75,75,13,13,13,13,13,13,13,13,13,13,13,13,13,13,13,13,13,13,13
20,0.0007,0.0,0.0579,75,75,75,75,75,75,75,75,75,75,75,75,75,75,75,75,75,75,75,75,13,13,13,13,13,13,13,13,13,13,13,13,13,13,13,13,13,12,12,12
