3,0.0004,0.0003,0.0,45,45,45,6.733311,6.733314,6.699986
6,0.0538,0.0641,0.0,45,45,45,45,45,45,3.733262,3.733263,3.766598,3.699934,3.766601,3.733271
9,0.2421,0.2465,0.0,45,45,45,45,45,45,45,45,45,2.399936,2.466602,2.499936,2.39994,2.466606,2.49994,2.433277,2.433279,2.366615
12,0.5709,0.5738,0.0,45,45,45,45,45,45,45,45,45,45,45,45,1.766596,1.766597,1.79993,1.866596,2.066589,1.866598,1.866599,1.899932,1.833269,1.83327,1.66661,1.766607
15,0.7271,0.7301,0.0,45,45,45,45,45,45,45,45,45,45,45,45,45,45,45,1.299935,1.466594,1.599922,1.466597,1.499929,1.599925,1.766585,1.299941,1.533265,1.499934,1.566599,1.39994,1.299946,1.299948,1.233286
18,0.8183,0.8203,0.0,45,45,45,45,45,45,45,45,45,45,45,45,45,45,45,45,45,45,1.166556,1.033236,1.266549,1.099898,1.133229,1.233222,1.233223,1.133232,0.999912,1.333216,1.199896,1.499871,1.233228,1.233229,1.133238,1.099908,1.199901,1.166571
3,0.0004,0.0003,0.0,45,45,45,6.733256,6.733259,6.699929
6,0.0341,0.0339,0.0,45,45,45,45,45,45,3.799521,3.832858,3.832865,3.83287,3.866206,3.832879
9,0.1734,0.1795,0.0,45,45,45,45,45,45,45,45,45,2.533239,2.533243,2.566577,2.533246,2.566583,2.566587,2.533259,2.533261,2.566597
12,0.5513,0.557,0.0,45,45,45,45,45,45,45,45,45,45,45,45,1.899924,1.833261,1.866595,2.099921,1.89993,1.833267,1.766605,1.799938,1.933269,1.899939,1.799944,1.833277
15,0.7181,0.7189,0.0,45,45,45,45,45,45,45,45,45,45,45,45,45,45,45,1.466593,1.533257,1.633254,1.399933,1.433267,1.566596,1.366606,1.699926,1.366609,1.36661,1.399943,1.533272,1.499942,1.333283,1.699938
18,0.8067,0.8083,0.0,45,45,45,45,45,45,45,45,45,45,45,45,45,45,45,45,45,45,1.266547,1.133227,1.133228,1.19989,1.333212,1.199891,1.299883,1.399874,1.599857,1.199893,1.333215,1.266555,1.399878,1.099904,1.133236,0.933255,0.966586,1.09991
21,0.8668,0.8688,0.0,45,45,45,45,45,45,45,45,45,45,45,45,45,45,45,45,45,45,45,45,45,0.933268,1.066594,0.999933,0.933271,0.933272,0.966604,1.199923,1.09993,0.933275,1.199925,1.133265,0.933277,1.366586,0.933278,0.933279,0.966611,0.766623,0.69996,0.933281,1.199933,1.033277
3,0.0004,0.0003,0.0,45,45,45,6.6333,6.599969,6.599981
6,0.0626,0.0725,0.0,45,45,45,45,45,45,3.733257,3.766591,3.73326,3.733262,3.699932,3.699933
9,0.2305,0.2351,0.0,45,45,45,45,45,45,45,45,45,2.433263,2.49993,2.433266,2.433268,2.433269,2.466603,2.433272,2.499938,2.49994
