1,0.0,0.1444,0.0,69,15.066623
2,0.0082,0.9279,0.2584,81,81,14.599918,14.59996
3,0.0082,0.9278,0.2584,81,81,81,14.533278,14.533285,14.533291
4,0.0082,0.9277,0.2584,81,81,81,81,14.499898,14.499904,14.49991,14.499926
5,0.0082,0.9278,0.2584,81,81,81,81,81,14.533199,14.533221,14.533239,14.533254,14.533269
6,0.0082,0.9275,0.2584,81,81,81,81,81,81,14.43324,14.433255,14.43327,14.433279,14.433287,14.433294
7,0.0083,0.9274,0.2584,81,81,81,81,81,81,81,14.399841,14.399864,14.399871,14.399885,14.399906,14.399911,14.399918
8,0.0083,0.9272,0.2584,81,81,81,81,81,81,81,81,14.333185,14.333191,14.333199,14.333219,14.333224,14.333243,14.333255,14.333279
9,0.0083,0.927,0.2584,81,81,81,81,81,81,81,81,81,14.266328,14.266336,14.266361,14.266389,14.266414,14.266432,14.26645,14.266475,14.266513
10,0.0083,0.9269,0.2584,81,81,81,81,81,81,81,81,81,81,14.233152,14.233168,14.233174,14.233198,14.233211,14.233219,14.233226,14.233233,14.23324,14.233246
11,0.0084,0.9266,0.2584,81,81,81,81,81,81,81,81,81,81,81,14.133093,14.133108,14.133133,14.133149,14.133158,14.133167,14.133193,14.133209,14.133216,14.133223,14.13325
12,0.0085,0.9264,0.2584,81,81,81,81,81,81,81,81,81,81,81,81,14.033015,14.033038,14.03306,14.033074,14.033081,14.033096,14.03311,14.033124,14.033138,14.03315,14.033158,14.033178
13,0.0149,0.901,0.2584,81,81,81,81,81,81,81,81,81,81,81,81,81,13.966466,13.966473,13.966478,13.966493,13.966515,13.96652,13.966543,13.966548,13.966571,13.966578,13.966584,13.966597,13.966602
