3,0.0,0.0,0.0083,57,57,75,9,13,11
6,0.171,0.1676,0.0531,57,75,75,57,75,75,9,2,11,9,2,11
9,0.1719,0.1698,0.0531,57,75,75,57,75,75,57,75,75,9,2,11,9,2,11,9,2,11
12,0.1785,0.1665,0.0539,57,75,75,57,75,75,57,75,75,75,75,75,9,2,11,9,2,11,9,2,11,10,2,11
15,0.2958,0.3073,0.0903,57,75,75,57,75,75,57,75,75,81,75,75,81,75,75,9,2,11,9,2,11,9,2,11,1,2,11,1,2,11
18,0.3335,0.332,0.1001,57,75,75,57,75,75,75,75,75,81,75,75,81,75,75,81,75,75,9,2,11,9,2,11,10,2,11,1,2,11,1,2,11,1,2,11
21,0.3952,0.4089,0.1195,57,75,75,57,75,75,81,75,75,81,75,75,81,75,75,81,75,75,81,75,75,9,2,11,9,2,11,1,2,11,1,2,11,1,2,11,1,2,11,1,2,11
3,0.0,0.0,0.0025,57,57,69,9,14,14
6,0.0991,0.0784,0.0307,57,57,75,57,75,75,9,14,11,9,2,11
9,0.124,0.1103,0.0382,57,57,75,57,75,75,57,75,75,9,13,11,9,2,11,9,2,11
12,0.1785,0.1665,0.0531,57,75,75,57,75,75,57,75,75,57,75,75,9,2,11,9,2,11,9,2,11,9,2,11
15,0.1716,0.1689,0.0531,57,75,75,57,75,75,57,75,75,57,75,75,57,75,75,9,2,11,9,2,11,9,2,11,9,2,11,9,2,11
18,0.1719,0.1698,0.0531,57,75,75,57,75,75,57,75,75,57,75,75,57,75,75,57,75,75,9,2,11,9,2,11,9,2,11,9,2,11,9,2,11,9,2,11
21,0.1792,0.1654,0.054,57,75,75,57,75,75,57,75,75,57,75,75,57,75,75,75,75,75,75,75,75,9,2,11,9,2,11,9,2,11,9,2,11,9,2,11,10,2,11,10,2,11
3,0.0,0.0,0.0025,57,57,69,10,13,11
6,0.1698,0.1862,0.0488,57,75,69,75,75,69,10,2,11,10,2,11
9,0.1823,0.1803,0.0493,57,75,69,75,75,69,75,75,69,10,2,11,10,2,11,10,2,11
12,0.2699,0.2498,0.072,57,75,69,75,75,69,75,75,69,81,75,69,10,2,11,10,2,11,10,2,11,1,2,11
15,0.4368,0.4361,0.1217,57,75,69,81,75,69,81,75,69,81,75,69,81,75,69,10,2,11,1,2,11,1,2,11,1,2,11,1,2,11
18,0.4994,0.5112,0.1392,57,75,69,81,75,69,81,75,69,81,75,69,81,75,69,81,75,81,10,2,11,1,2,11,1,2,11,1,2,11,1,2,11,1,2,1
21,0.5442,0.5625,0.1516,57,75,69,81,75,69,81,75,69,81,75,69,81,75,69,81,75,81,81,75,81,10,2,11,1,2,11,1,2,11,1,2,11,1,2,11,1,2,1,1,2,1
