1,0.0836,0.1625,0.2584,81,17.733307
2,0.0843,0.1634,0.2584,81,81,17.499804,17.49982
3,0.0839,0.1629,0.2584,81,81,81,17.633245,17.633267,17.633277
4,0.0845,0.1637,0.2584,81,81,81,81,17.433083,17.43309,17.4331,17.43311
5,0.0842,0.1633,0.2584,81,81,81,81,81,17.533109,17.533119,17.533129,17.533139,17.533152
6,0.0847,0.1639,0.2584,81,81,81,81,81,81,17.366527,17.36654,17.366554,17.366567,17.366576,17.366584
7,0.1151,0.2023,0.2584,81,81,81,81,81,81,81,17.233236,17.233243,17.233251,17.233259,17.233267,17.233276,17.233283
8,0.1157,0.203,0.2584,81,81,81,81,81,81,81,81,17.06651,17.066518,17.066526,17.066536,17.066545,17.066554,17.066563,17.066572
9,0.1158,0.2032,0.2584,81,81,81,81,81,81,81,81,81,17.03319,17.033197,17.033204,17.033211,17.033219,17.033226,17.033233,17.033241,17.033256
10,0.1162,0.2036,0.2584,81,81,81,81,81,81,81,81,81,81,16.933143,16.933151,16.933159,16.933167,16.933176,16.933184,16.933192,16.933199,16.933207,16.933215
11,0.1157,0.203,0.2584,81,81,81,81,81,81,81,81,81,81,81,17.066478,17.066485,17.066492,17.066499,17.066506,17.066514,17.066521,17.066528,17.066535,17.066542,17.06655
12,0.1166,0.2041,0.2584,81,81,81,81,81,81,81,81,81,81,81,81,16.833155,16.833162,16.833169,16.833177,16.833183,16.833191,16.833199,16.833207,16.833214,16.833223,16.833231,16.833239
13,0.1167,0.2042,0.2584,81,81,81,81,81,81,81,81,81,81,81,81,81,16.799811,16.799819,16.799829,16.799839,16.799847,16.799857,16.799866,16.799875,16.799885,16.799894,16.799903,16.799914,16.799922
14,0.1172,0.2049,0.2584,81,81,81,81,81,81,81,81,81,81,81,81,81,81,16.666468,16.666477,16.666486,16.666495,16.666503,16.666512,16.666521,16.666529,16.666539,16.666548,16.666557,16.666566,16.666574,16.666584
15,0.1175,0.2052,0.2584,81,81,81,81,81,81,81,81,81,81,81,81,81,81,81,16.599736,16.599743,16.59975,16.599758,16.599766,16.599774,16.599783,16.59979,16.599798,16.599805,16.599814,16.599822,16.599831,16.599837,16.599845
16,0.118,0.2059,0.2584,81,81,81,81,81,81,81,81,81,81,81,81,81,81,81,81,16.466076,16.466087,16.466097,16.466111,16.466123,16.466136,16.466147,16.466159,16.46617,16.466183,16.466198,16.466211,16.466223,16.466235,16.466246,16.466257
17,0.1183,0.2062,0.2584,81,81,81,81,81,81,81,81,81,81,81,81,81,81,81,81,81,16.399768,16.399776,16.399785,16.399793,16.399803,16.399812,16.399821,16.399832,16.399843,16.399852,16.399861,16.399869,16.399879,16.399886,16.399894,16.399903,16.399912
18,0.1188,0.2069,0.2584,81,81,81,81,81,81,81,81,81,81,81,81,81,81,81,81,81,81,16.266429,16.266436,16.266443,16.266451,16.26646,16.266467,16.266475,16.266482,16.266489,16.266497,16.266505,16.266513,16.266522,16.266527,16.266534,16.266541,16.26655,16.266558
19,0.1191,0.2073,0.2584,81,81,81,81,81,81,81,81,81,81,81,81,81,81,81,81,81,81,81,16.199735,16.199742,16.19975,16.19976,16.199767,16.199774,16.199791,16.199799,16.199808,16.199815,16.199823,16.199831,16.199839,16.199843,16.19985,16.199858,16.199866,16.199874,16.199883
20,0.1198,0.2082,0.2584,81,81,81,81,81,81,81,81,81,81,81,81,81,81,81,81,81,81,81,81,16.033104,16.033111,16.033117,16.033124,16.033131,16.033138,16.033146,16.033152,16.03316,16.033167,16.033175,16.033182,16.03319,16.033194,16.033202,16.033209,16.033217,16.033224,16.033232,16.033239
21,0.1197,0.208,0.2584,81,81,81,81,81,81,81,81,81,81,81,81,81,81,81,81,81,81,81,81,81,16.066271,16.066294,16.066322,16.06633,16.066346,16.066373,16.066381,16.066388,16.066396,16.066405,16.066412,16.06642,16.066428,16.066436,16.066444,16.066453,16.06646,16.066469,16.066477,16.066486,16.066494
