1,0.0016,0.0015,0.0,3,14.766636
2,0.0659,0.0646,0.0,3,3,8.133288,8.13329
3,0.1448,0.1426,0.0,3,3,3,5.53326,5.566595,5.533273
4,0.4639,0.4624,0.0,3,3,3,3,4.333253,4.333264,4.366599,4.333274
5,0.6204,0.6194,0.0,3,3,3,3,3,3.633268,3.666602,3.666604,3.633275,3.66661
6,0.7248,0.7241,0.0,3,3,3,3,3,3,3.099258,3.099261,3.132591,3.132597,3.099277,3.099282
7,0.7955,0.795,0.0,3,3,3,3,3,3,3,2.699925,2.699928,2.6666,2.666603,2.73327,2.699939,2.599942
8,0.8435,0.843,0.0,3,3,3,3,3,3,3,3,2.366594,2.366596,2.366596,2.299934,2.399934,2.333272,2.299941,2.333275
9,0.874,0.8737,0.0,3,3,3,3,3,3,3,3,3,2.099884,2.166548,2.166549,2.13322,2.066558,2.166553,2.06656,2.066562,1.9999
10,0.898,0.8977,0.0,3,3,3,3,3,3,3,3,3,3,1.933251,1.89992,1.899922,1.866591,1.966589,1.866595,1.833264,1.866599,1.933267,1.866605
11,0.9168,0.9166,0.0,3,3,3,3,3,3,3,3,3,3,3,1.699929,1.766594,1.666599,1.699933,1.833262,1.799931,1.666606,1.633275,1.699942,1.666612,1.666615
12,0.9298,0.9296,0.0,3,3,3,3,3,3,3,3,3,3,3,3,1.566584,1.66658,1.599918,1.433262,1.466595,1.499929,1.533262,1.599927,1.699924,1.59993,1.499936,1.666596
13,0.9408,0.9407,0.0,3,3,3,3,3,3,3,3,3,3,3,3,3,1.299928,1.53325,1.399925,1.599917,1.566587,1.39993,1.366601,1.266608,1.299941,1.399937,1.533266,1.466605,1.566602
14,0.9484,0.9482,0.0,3,3,3,3,3,3,3,3,3,3,3,3,3,3,1.333264,1.199938,1.633251,1.366599,1.266604,1.333268,1.399932,1.366602,1.433266,1.366603,1.433268,1.199946,1.199948,1.266612
15,0.9563,0.9562,0.0,3,3,3,3,3,3,3,3,3,3,3,3,3,3,3,1.466637,1.333309,1.266645,1.19998,1.166649,1.16665,1.366649,1.266651,1.13332,1.299986,1.099989,1.166655,1.166656,1.133323,1.29999
16,0.9621,0.962,0.0,3,3,3,3,3,3,3,3,3,3,3,3,3,3,3,3,1.16659,1.09993,1.099931,1.099933,1.166598,0.999942,1.099937,1.299927,1.166602,1.199935,0.999946,1.399926,1.166606,1.299933,1.066613,1.066613
17,0.9651,0.965,0.0,3,3,3,3,3,3,3,3,3,3,3,3,3,3,3,3,3,1.333293,1.133301,1.033305,0.933309,1.133306,0.999977,1.233308,1.199977,1.233312,0.799987,0.93332,1.233316,1.166652,1.099987,1.199986,1.133321,0.866658
18,0.9698,0.9697,0.0,3,3,3,3,3,3,3,3,3,3,3,3,3,3,3,3,3,3,1.233245,0.999929,1.066591,1.099923,0.766614,1.099926,1.066596,0.966603,1.033266,1.066598,1.166592,0.866612,0.933276,0.799953,0.866617,1.166601,1.066608,1.133272
19,0.9731,0.973,0.0,3,3,3,3,3,3,3,3,3,3,3,3,3,3,3,3,3,3,3,0.932887,1.199427,1.166112,1.099478,0.79962,0.766304,0.96621,0.766305,1.099481,0.966211,0.866259,0.766306,0.932895,1.132802,0.932896,0.932897,1.03285,1.099486,0.832945
20,0.9751,0.9751,0.0,3,3,3,3,3,3,3,3,3,3,3,3,3,3,3,3,3,3,3,3,0.899928,0.766605,1.199906,0.733278,0.999925,0.933265,0.866604,0.766613,1.133256,1.099927,0.966603,0.83328,0.933274,0.899945,0.766621,1.166598,0.933279,0.93328,0.733292,0.933282
21,0.978,0.9779,0.0,3,3,3,3,3,3,3,3,3,3,3,3,3,3,3,3,3,3,3,3,3,0.966589,0.633283,0.799938,1.033254,0.933262,0.766609,0.76661,0.899934,1.033258,0.833273,0.933267,0.833274,0.933269,0.933269,0.833277,0.89994,0.933271,1.066596,0.766616,0.933273,0.56663
