1,0.0,0.0002,0.0,51,15
1,0.0,0.0002,0.0,51,15
2,0.0,0.0004,0.0009,57,57,15,15
3,0.0,0.0004,0.0009,57,57,57,15,15,15
4,0.0,0.0004,0.0009,57,57,57,57,15,15,15,15
5,0.0,0.0004,0.0009,57,57,57,57,57,15,15,15,15,15
6,0.0,0.0004,0.0052,57,57,57,75,75,75,15,15,15,15,15,15
7,0.0,0.0004,0.007,57,57,75,75,75,75,75,15,15,15,15,15,15,15
8,0.0,0.0004,0.0073,57,57,75,75,75,75,75,75,15,15,15,15,15,15,15,15
9,0.0,0.0005,0.0085,57,75,75,75,75,75,75,75,75,15,15,15,15,15,15,15,15,15
10,0.0,0.0079,0.0009,57,57,57,57,57,57,57,57,57,57,12,12,12,12,11,11,11,11,11,11
11,0.0,0.0079,0.0032,57,57,57,57,57,57,57,57,75,75,75,12,12,12,12,12,12,11,11,12,12,12
12,0.0,0.0084,0.0037,57,57,57,57,57,57,57,57,75,75,75,75,12,11,11,11,11,11,11,11,12,12,12,12
13,0.0,0.0083,0.0048,57,57,57,57,57,57,57,75,75,75,75,75,75,12,12,12,12,11,11,11,12,12,12,12,12,12
14,0.0,0.0082,0.0058,57,57,57,57,57,57,75,75,75,75,75,75,75,75,12,12,12,12,12,12,12,12,12,12,12,12,12,12
15,0.0001,0.0085,0.006,57,57,57,57,57,57,75,75,75,75,75,75,75,75,75,12,12,11,11,11,11,12,12,12,12,12,12,12,12,12
16,0.0001,0.0084,0.0068,57,57,57,57,57,75,75,75,75,75,75,75,75,75,75,75,12,12,12,12,11,12,12,12,12,12,12,12,12,12,12,12
17,0.0001,0.0085,0.0074,57,57,57,57,75,75,75,75,75,75,75,75,75,75,75,75,75,12,12,12,12,12,12,12,12,12,12,12,12,12,12,12,12,12
18,0.0001,0.0086,0.0075,57,57,57,57,75,75,75,75,75,75,75,75,75,75,75,75,75,75,12,12,11,11,12,12,12,12,12,12,12,12,12,12,12,12,12,12
19,0.0001,0.0086,0.0081,57,57,57,75,75,75,75,75,75,75,75,75,75,75,75,75,75,75,75,12,12,12,12,12,12,12,12,12,12,12,12,12,12,12,12,12,12,12
20,0.0001,0.0087,0.0082,57,57,57,75,75,75,75,75,75,75,75,75,75,75,75,75,75,75,75,75,11,11,11,12,12,12,12,12,12,12,12,12,12,12,12,12,12,12,12,12
21,0.0001,0.0087,0.0086,57,57,75,75,75,75,75,75,75,75,75,75,75,75,75,75,75,75,75,75,75,12,12,12,12,12,12,12,12,12,12,12,12,12,12,12,12,12,12,12,12,12
