1,0.0314,0.0306,0.0,69,14
2,0.0314,0.0306,0.0,57,69,14,14
3,0.0314,0.0306,0.0,57,69,69,14,14,14
4,0.059,0.0578,0.0,69,69,57,69,14,14,8,14
5,0.0535,0.0524,0.0,69,69,57,69,69,14,14,8,14,14
6,0.0914,0.0914,0.0058,69,69,57,69,75,75,14,14,8,14,8,8
7,0.1007,0.101,0.0074,69,69,57,69,75,75,75,14,14,8,14,8,8,8
8,0.1077,0.1082,0.0087,69,69,57,69,75,75,75,75,14,14,8,14,8,8,8,8
9,0.127,0.128,0.0116,69,69,57,75,75,75,75,75,75,14,14,8,8,8,8,8,8,8
10,0.1299,0.1311,0.0121,69,69,57,75,75,75,75,75,75,75,14,14,8,8,8,8,8,8,8,8
11,0.1437,0.1452,0.0142,69,75,57,75,75,75,75,75,75,75,75,14,8,8,8,8,8,8,8,8,8,8
12,0.1447,0.1463,0.0145,69,75,57,75,75,75,75,75,75,75,75,75,14,8,8,8,8,8,8,8,8,8,8,8
13,0.1456,0.1473,0.0147,69,75,57,75,75,75,75,75,75,75,75,75,75,14,8,8,8,8,8,8,8,8,8,8,8,8
14,0.1285,0.1298,0.0124,57,57,57,57,75,75,75,75,75,75,75,75,75,75,14,14,8,14,8,8,8,8,8,8,8,8,8,8
15,0.1304,0.1317,0.0127,57,57,57,57,75,75,75,75,75,75,75,75,75,75,75,14,14,8,14,8,8,8,8,8,8,8,8,8,8,8
16,0.1398,0.1414,0.0141,57,57,57,75,75,75,75,75,75,75,75,75,75,75,75,75,14,14,8,8,8,8,8,8,8,8,8,8,8,8,8,8
17,0.1408,0.1424,0.0143,57,57,57,75,75,75,75,75,75,75,75,75,75,75,75,75,75,14,14,8,8,8,8,8,8,8,8,8,8,8,8,8,8,8
18,0.1416,0.1433,0.0145,57,57,57,75,75,75,75,75,75,75,75,75,75,75,75,75,75,75,14,14,8,8,8,8,8,8,8,8,8,8,8,8,8,8,8,8
19,0.1424,0.1441,0.0146,57,57,57,75,75,75,75,75,75,75,75,75,75,75,75,75,75,75,75,14,14,8,8,8,8,8,8,8,8,8,8,8,8,8,8,8,8,8
20,0.1494,0.1512,0.0156,57,75,57,75,75,75,75,75,75,75,75,75,75,75,75,75,75,75,75,75,14,8,8,8,8,8,8,8,8,8,8,8,8,8,8,8,8,8,8,8
21,0.1497,0.1516,0.0157,57,75,57,75,75,75,75,75,75,75,75,75,75,75,75,75,75,75,75,75,75,14,8,8,8,8,8,8,8,8,8,8,8,8,8,8,8,8,8,8,8,8
