1,0.8532,0.0,0.8222,81,17.799894
2,0.8532,0.0,0.8222,81,81,17.599933,17.599948
3,0.8532,0.0,0.8222,81,81,81,17.166545,17.166555,17.166566
4,0.8532,0.0,0.8222,81,81,81,81,17.433257,17.433265,17.433273,17.433282
5,0.8532,0.0,0.8222,81,81,81,81,81,17.666508,17.666517,17.666527,17.666546,17.666558
6,0.8532,0.0,0.8222,81,81,81,81,81,81,17.466557,17.466568,17.466579,17.466589,17.466601,17.466613
7,0.8532,0.0,0.8222,81,81,81,81,81,81,81,17.333224,17.33323,17.333239,17.333248,17.333256,17.333265,17.333273
8,0.8532,0.0,0.8222,81,81,81,81,81,81,81,81,17.266511,17.26652,17.266529,17.266537,17.266546,17.266554,17.266564,17.266572
9,0.8532,0.0,0.8222,81,81,81,81,81,81,81,81,81,17.266453,17.266461,17.266468,17.266476,17.266487,17.266497,17.266505,17.266525,17.266537
10,0.8532,0.0,0.8222,81,81,81,81,81,81,81,81,81,81,17.166221,17.166228,17.166236,17.166244,17.166252,17.166262,17.16627,17.166278,17.166286,17.166296
11,0.8532,0.0,0.8222,81,81,81,81,81,81,81,81,81,81,81,17.033122,17.033131,17.033139,17.033148,17.033156,17.033164,17.033172,17.033181,17.033189,17.033198,17.033207
12,0.8532,0.0,0.8222,81,81,81,81,81,81,81,81,81,81,81,81,16.899831,16.899838,16.899846,16.899854,16.899862,16.89987,16.899887,16.899895,16.899906,16.899913,16.899922,16.89993
13,0.8532,0.0,0.8222,81,81,81,81,81,81,81,81,81,81,81,81,81,16.79981,16.799822,16.799831,16.79984,16.799849,16.799858,16.799867,16.799876,16.799886,16.799895,16.799904,16.799913,16.79992
14,0.8532,0.0,0.8222,81,81,81,81,81,81,81,81,81,81,81,81,81,81,16.699798,16.699805,16.699812,16.69982,16.699827,16.699834,16.699844,16.699851,16.699859,16.699867,16.699875,16.699893,16.699903,16.699909
15,0.8532,0.0,0.8222,81,81,81,81,81,81,81,81,81,81,81,81,81,81,81,16.466449,16.466456,16.466464,16.466471,16.466478,16.466487,16.466497,16.466504,16.466512,16.46652,16.466527,16.466534,16.466542,16.46655,16.466558
16,0.8532,0.0,0.8222,81,81,81,81,81,81,81,81,81,81,81,81,81,81,81,81,16.366442,16.366449,16.366456,16.366464,16.366472,16.366481,16.366493,16.366504,16.366513,16.366524,16.366536,16.366544,16.366552,16.366558,16.36657,16.366582
17,0.8532,0.0,0.8222,81,81,81,81,81,81,81,81,81,81,81,81,81,81,81,81,81,16.266434,16.266442,16.26645,16.266458,16.266469,16.266477,16.266485,16.266495,16.266502,16.266511,16.26652,16.266528,16.266537,16.266543,16.266552,16.26656,16.266569
18,0.8532,0.0,0.8222,81,81,81,81,81,81,81,81,81,81,81,81,81,81,81,81,81,81,16.266281,16.266288,16.266297,16.266307,16.266315,16.266323,16.266332,16.266339,16.266348,16.266357,16.266366,16.266374,16.266385,16.266391,16.266399,16.266407,16.266416,16.266425
19,0.8532,0.0,0.8222,81,81,81,81,81,81,81,81,81,81,81,81,81,81,81,81,81,81,81,16.266425,16.266433,16.266441,16.266448,16.266456,16.266463,16.266471,16.266481,16.266488,16.266496,16.266504,16.266513,16.266521,16.266527,16.266534,16.266542,16.266551,16.266558,16.266566
20,0.8532,0.0,0.8222,81,81,81,81,81,81,81,81,81,81,81,81,81,81,81,81,81,81,81,81,16.133033,16.133042,16.133054,16.133064,16.133075,16.133085,16.133095,16.133105,16.133117,16.133128,16.13314,16.13315,16.133161,16.133169,16.133178,16.133189,16.133201,16.133211,16.133222,16.133233
21,0.8532,0.0,0.8222,81,81,81,81,81,81,81,81,81,81,81,81,81,81,81,81,81,81,81,81,81,15.966268,15.966275,15.966294,15.96631,15.966317,15.933003,15.933019,15.933036,15.933045,15.933053,15.93306,15.933076,15.933083,15.93309,15.933097,15.933121,15.93313,15.933137,15.933145,15.933153,15.93316
