1,0.0518,0.3966,0.2797,81,14.699858
2,0.0521,0.3976,0.2797,81,81,14.599924,14.599944
3,0.0524,0.3982,0.2797,81,81,81,14.533269,14.533285,14.533301
4,0.0525,0.3985,0.2797,81,81,81,81,14.499916,14.499922,14.499938,14.499952
5,0.0526,0.3988,0.2797,81,81,81,81,81,14.466587,14.466593,14.466599,14.466605,14.466611
6,0.0529,0.3995,0.2797,81,81,81,81,81,81,14.399848,14.399855,14.399872,14.399894,14.39991,14.399927
7,0.053,0.3998,0.2797,81,81,81,81,81,81,81,14.366532,14.366539,14.366546,14.366553,14.366561,14.366568,14.366587
8,0.0533,0.4005,0.2797,81,81,81,81,81,81,81,81,14.299786,14.299802,14.299826,14.299841,14.299865,14.299881,14.299904,14.29991
9,0.0534,0.4008,0.2797,81,81,81,81,81,81,81,81,81,14.266468,14.266491,14.266505,14.266527,14.266552,14.266558,14.266571,14.266584,14.26661
10,0.0535,0.4011,0.2797,81,81,81,81,81,81,81,81,81,81,14.233108,14.233116,14.23313,14.233154,14.233171,14.233187,14.233203,14.233219,14.233243,14.233267
11,0.0538,0.4018,0.2797,81,81,81,81,81,81,81,81,81,81,81,14.16639,14.166412,14.166417,14.166437,14.166452,14.166458,14.166482,14.166517,14.166524,14.16654,14.166554
12,0.054,0.4025,0.2797,81,81,81,81,81,81,81,81,81,81,81,81,14.099778,14.099785,14.099792,14.099799,14.099822,14.099829,14.099844,14.09986,14.099881,14.099888,14.099895,14.099902
13,0.0546,0.4039,0.2797,81,81,81,81,81,81,81,81,81,81,81,81,81,13.966468,13.966475,13.966487,13.966494,13.966501,13.966508,13.966515,13.966522,13.966528,13.966546,13.966553,13.966568,13.966574
14,0.0549,0.4046,0.2797,81,81,81,81,81,81,81,81,81,81,81,81,81,81,13.899695,13.899709,13.899717,13.899744,13.899752,13.899758,13.899765,13.89978,13.899795,13.89981,13.899827,13.899842,13.899855,13.89986
15,0.0552,0.4054,0.2797,81,81,81,81,81,81,81,81,81,81,81,81,81,81,81,13.832908,13.83294,13.832963,13.832981,13.833006,13.833029,13.833047,13.833065,13.833083,13.833109,13.833124,13.833133,13.833142,13.833158,13.833169
16,0.0554,0.4061,0.2797,81,81,81,81,81,81,81,81,81,81,81,81,81,81,81,81,13.766388,13.766393,13.766399,13.766421,13.766429,13.766445,13.766455,13.766476,13.766493,13.766517,13.766532,13.766548,13.766557,13.766567,13.766576,13.766585
17,0.0556,0.4065,0.2797,81,81,81,81,81,81,81,81,81,81,81,81,81,81,81,81,81,13.733093,13.733097,13.733103,13.733109,13.733124,13.733131,13.733138,13.733144,13.73315,13.733163,13.733169,13.733175,13.733182,13.733187,13.7332,13.733236,13.733243
18,0.056,0.4076,0.2797,81,81,81,81,81,81,81,81,81,81,81,81,81,81,81,81,81,81,13.633035,13.633048,13.633072,13.633093,13.6331,13.633107,13.63312,13.633127,13.633134,13.633148,13.633172,13.633187,13.633203,13.63321,13.633217,13.633225,13.633232,13.633238
19,0.0562,0.408,0.2797,81,81,81,81,81,81,81,81,81,81,81,81,81,81,81,81,81,81,81,13.599597,13.599604,13.59961,13.599617,13.59964,13.599662,13.599669,13.599683,13.599699,13.599713,13.599726,13.599749,13.599763,13.599775,13.599791,13.599806,13.599828,13.599849,13.599857
20,0.0566,0.4092,0.2797,81,81,81,81,81,81,81,81,81,81,81,81,81,81,81,81,81,81,81,81,13.499726,13.499732,13.499739,13.499756,13.49977,13.499777,13.499784,13.499789,13.499797,13.499803,13.499811,13.499818,13.499825,13.49984,13.499853,13.499866,13.49988,13.499887,13.499906,13.499913
21,0.0569,0.41,0.2797,81,81,81,81,81,81,81,81,81,81,81,81,81,81,81,81,81,81,81,81,81,13.433048,13.433063,13.433075,13.433081,13.433087,13.433098,13.433105,13.433111,13.433118,13.433124,13.433136,13.433142,13.433149,13.433162,13.433168,13.433174,13.43318,13.433186,13.433192,13.433199,13.433205
