1,0.0,0.0,0.0,39,17.833282
2,0.0,0.0,0.0,39,39,10.033251,10.033267
3,0.0012,0.0,0.0,39,39,39,6.766615,6.666622,6.733299
4,0.0181,0.0018,0.0,39,39,39,39,5.133306,5.266646,5.166649,5.133318
5,0.0512,0.008,0.0,39,39,39,39,39,4.333247,4.366586,4.366592,4.366597,4.333268
6,0.121,0.0288,0.0,39,39,39,39,39,39,3.733238,3.69991,3.766581,3.766583,3.733255,3.733262
7,0.1442,0.0361,0.0,39,39,39,39,39,39,39,3.199915,3.199921,3.166594,3.166596,3.19993,3.199932,3.166602
8,0.1679,0.0435,0.0,39,39,39,39,39,39,39,39,2.799939,2.833273,2.799941,2.799942,2.866611,2.83328,2.799951,2.799954
9,0.326,0.2209,0.0,39,39,39,39,39,39,39,39,39,2.466589,2.533254,2.466591,2.433261,2.466594,2.49993,2.4666,2.466603,2.466606
10,0.4605,0.3763,0.0,39,39,39,39,39,39,39,39,39,39,2.233255,2.26659,2.199926,2.233262,2.233265,2.233267,2.133271,2.233269,2.199938,2.166607
11,0.5526,0.4828,0.0,39,39,39,39,39,39,39,39,39,39,39,2.033244,1.999913,2.133244,1.999918,1.999922,1.966592,2.066592,1.933267,1.966602,2.033267,2.03327
12,0.6201,0.5609,0.0,39,39,39,39,39,39,39,39,39,39,39,39,1.866623,1.766628,1.966626,1.799965,1.8333,1.833301,1.999966,1.766639,1.733308,1.96664,1.83331,1.899977
13,0.6867,0.6379,0.0,39,39,39,39,39,39,39,39,39,39,39,39,39,1.665758,1.632446,1.565816,1.599132,1.932285,1.599134,1.732397,1.665767,1.799029,1.665768,1.632454,1.59914,1.799035
14,0.7272,0.6846,0.0,39,39,39,39,39,39,39,39,39,39,39,39,39,39,1.466587,1.533253,1.43326,1.699915,1.766579,1.599922,1.666586,1.666589,1.566596,1.533266,1.533268,1.466607,1.499941,1.566607
15,0.765,0.7284,0.0,39,39,39,39,39,39,39,39,39,39,39,39,39,39,39,1.533258,1.399931,1.499927,1.599923,1.399933,1.69992,1.433268,1.333274,1.333275,1.433273,1.433274,1.466608,1.399944,1.399945,1.499942
16,0.7912,0.7586,0.0,39,39,39,39,39,39,39,39,39,39,39,39,39,39,39,39,1.499908,1.699896,1.366585,1.266592,1.233263,1.233265,1.199935,1.333263,1.199939,1.233272,1.599922,1.499929,1.366603,1.233278,1.399939,1.533268
17,0.8199,0.7918,0.0,39,39,39,39,39,39,39,39,39,39,39,39,39,39,39,39,39,1.499952,1.233295,1.466622,1.366626,1.199965,1.333295,1.266632,1.199968,0.933308,1.299966,1.166637,0.999975,1.19997,1.433298,1.233304,1.166639,1.566631
18,0.8383,0.8131,0.0,39,39,39,39,39,39,39,39,39,39,39,39,39,39,39,39,39,39,1.233262,1.1666,1.199933,1.199935,1.233267,1.199937,1.199939,1.433261,1.033282,1.199941,1.299937,1.133279,1.166611,1.366602,1.199944,1.199945,0.966623,1.299942
19,0.8569,0.8345,0.0,39,39,39,39,39,39,39,39,39,39,39,39,39,39,39,39,39,39,39,1.066609,1.199936,1.299931,1.233269,0.966617,1.03328,1.066613,0.933286,0.833292,1.433262,1.133278,1.266605,1.166611,1.099948,1.13328,0.93329,1.399936,1.199945,1.066618
20,0.8718,0.8518,0.0,39,39,39,39,39,39,39,39,39,39,39,39,39,39,39,39,39,39,39,39,1.099971,0.966642,1.099973,1.133307,0.866647,1.266639,1.26664,1.13331,1.066645,0.86665,1.199978,1.233311,0.966651,1.133316,0.966652,0.93332,1.166651,0.866656,1.066654,1.13332
21,0.8849,0.867,0.0,39,39,39,39,39,39,39,39,39,39,39,39,39,39,39,39,39,39,39,39,39,1.133253,1.166584,1.33324,1.233248,0.799945,0.866607,1.23325,0.999933,1.066596,0.86661,0.899942,0.766618,0.933275,0.79995,0.866614,1.133266,0.933278,1.19993,1.099937,0.933281,0.933281
1,0.0,0.0,0.0,39,17.899925
2,0.0,0.0,0.0,39,39,9.866648,9.866651
3,0.0021,0.0001,0.0,39,39,39,6.633304,6.599974,6.633315
4,0.0184,0.0018,0.0,39,39,39,39,5.133307,5.133313,5.099983,5.066653
