1,0.9668,0.9181,0.0,51,1
2,0.9668,0.9181,0.0,51,51,1,1
3,0.9668,0.9181,0.0,51,51,51,1,1,1
4,0.9668,0.9181,0.0,51,51,51,51,1,1,1,1
5,0.9668,0.9181,0.0,51,51,51,51,51,1,1,1,1,1
6,0.9668,0.9181,0.0,51,51,51,51,51,51,1,1,1,1,1,1
7,0.9668,0.9181,0.0,51,51,51,51,51,51,51,1,1,1,1,1,1,1
8,0.9668,0.9181,0.0,51,51,51,51,51,51,51,51,1,1,1,1,1,1,1,1
9,0.9668,0.9181,0.0,51,51,51,51,51,51,51,51,51,1,1,1,1,1,1,1,1,1
10,0.9668,0.9181,0.0,51,51,51,51,51,51,51,51,51,51,1,1,1,1,1,1,1,1,1,1
11,0.9668,0.9181,0.0,51,51,51,51,51,51,51,51,51,51,51,1,1,1,1,1,1,1,1,1,1,1
12,0.9668,0.9181,0.0,51,51,51,51,51,51,51,51,51,51,51,51,1,1,1,1,1,1,1,1,1,1,1,1
13,0.9668,0.9181,0.0,51,51,51,51,51,51,51,51,51,51,51,51,51,1,1,1,1,1,1,1,1,1,1,1,1,1
14,0.9668,0.9181,0.0,51,51,51,51,51,51,51,51,51,51,51,51,51,51,1,1,1,1,1,1,1,1,1,1,1,1,1,1
15,0.9668,0.9181,0.0,51,51,51,51,51,51,51,51,51,51,51,51,51,51,51,1,1,1,1,1,1,1,1,1,1,1,1,1,1,1
16,0.9668,0.9181,0.0,51,51,51,51,51,51,51,51,51,51,51,51,51,51,51,51,1,1,1,1,1,1,1,1,1,1,1,1,1,1,1,1
17,0.9668,0.9181,0.0,51,51,51,51,51,51,51,51,51,51,51,51,51,51,51,33,51,1,1,1,1,1,1,1,1,1,1,1,1,1,1,1,1,1
18,0.9668,0.9181,0.0,51,51,51,51,51,51,51,51,51,51,51,51,51,51,51,33,51,51,1,1,1,1,1,1,1,1,1,1,1,1,1,1,1,1,1,1
19,0.9668,0.9181,0.0,51,51,51,51,51,51,51,51,51,51,51,51,51,51,51,33,51,51,51,1,1,1,1,1,1,1,1,1,1,1,1,1,1,1,1,1,1,1
20,0.9668,0.9181,0.0,51,51,51,51,51,51,51,51,51,51,51,51,51,51,51,33,51,51,51,51,1,1,1,1,1,1,1,1,1,1,1,1,1,1,1,1,1,1,1,1
