input_1,2,0,2.53329,2.49996
conv2d_1/convolution,2,2.73331,2.59998,2.63331
batch_normalization_1/cond/Merge,2,2.89998,2.73332,2.76665
leaky_re_lu_1/sub,2,2.9333,2.79997,2.79997
conv2d_2/convolution,2,3.03331,2.89998,2.89997
batch_normalization_2/cond/Merge,2,3.06664,2.9333,2.96664
leaky_re_lu_2/sub,2,3.13331,2.96664,2.99997
conv2d_3/convolution,2,3.16664,3.06664,3.06664
batch_normalization_3/cond/Merge,2,3.23331,3.19998,3.09997
leaky_re_lu_3/sub,2,3.23331,3.13331,3.09998
conv2d_4/convolution,2,3.23331,3.13331,3.09997
batch_normalization_4/cond/Merge,2,3.26665,3.13331,3.13331
leaky_re_lu_4/sub,2,3.29998,3.23331,3.19998
conv2d_5/convolution,2,3.33331,3.19998,3.23331
batch_normalization_5/cond/Merge,2,3.39998,3.36664,3.26664
leaky_re_lu_5/sub,2,3.36665,3.23331,3.26664
conv2d_6/convolution,2,3.43331,3.36664,3.29998
batch_normalization_6/cond/Merge,2,3.49998,3.46664,3.39998
leaky_re_lu_6/sub,2,3.49998,3.36664,3.36664
conv2d_7/convolution,2,3.46664,3.43331,3.36664
batch_normalization_7/cond/Merge,2,3.49997,3.4333,3.39997
leaky_re_lu_7/sub,2,3.49998,3.46664,3.39998
conv2d_8/convolution,2,3.59998,3.56664,3.49997
batch_normalization_8/cond/Merge,2,3.59998,3.49998,3.49997
leaky_re_lu_8/sub,2,3.63331,3.59998,3.53331
conv2d_9/convolution,2,3.69998,3.63331,3.59998
batch_normalization_9/cond/Merge,2,3.73331,3.66664,3.63331
leaky_re_lu_9/sub,2,3.69998,3.63331,3.59997
conv2d_10/convolution,2,3.69998,3.66664,3.59997
batch_normalization_10/cond/Merge,2,3.69997,3.66664,3.59997
leaky_re_lu_10/sub,2,3.73331,3.63331,3.63331
conv2d_11/convolution,2,3.86664,3.79997,3.7333
batch_normalization_11/cond/Merge,2,3.86664,3.79997,3.73331
leaky_re_lu_11/sub,2,3.83331,3.79998,3.73331
conv2d_12/convolution,2,3.86664,3.83331,3.76664
batch_normalization_12/cond/Merge,2,3.83331,3.76664,3.73331
leaky_re_lu_12/sub,2,3.89997,3.83331,3.79997
conv2d_13/convolution,2,3.93331,3.79997,3.86664
batch_normalization_13/cond/Merge,2,3.96664,3.93331,3.86664
leaky_re_lu_13/sub,2,4.03331,3.79997,3.93331
batch_normalization_22/cond/Merge,2,4.59997,4.59997,4.59997
leaky_re_lu_22/sub,2,4.66664,4.66663,4.66663
conv2d_22/convolution,2,4.63331,4.6333,4.6333
conv2d_24/BiasAdd,2,4.7333
input_1,4,0,1.19999,1.19998,1.19997,1.19997
conv2d_1/convolution,4,1.43332,1.29999,1.29999,1.29998,1.29998
batch_normalization_1/cond/Merge,4,1.56666,1.43332,1.43332,1.43332,1.43332
leaky_re_lu_1/sub,4,1.59999,1.46665,1.46665,1.46665,1.46665
conv2d_2/convolution,4,1.63331,1.53331,1.53331,1.53331,1.53331
batch_normalization_2/cond/Merge,4,1.73332,1.63332,1.63332,1.66665,1.59998
leaky_re_lu_2/sub,4,1.76665,1.66665,1.63332,1.63331,1.63331
conv2d_3/convolution,4,1.83332,1.69998,1.69998,1.69998,1.69998
batch_normalization_3/cond/Merge,4,1.86665,1.76665,1.76665,1.76665,1.73331
leaky_re_lu_3/sub,4,1.89999,1.76665,1.76665,1.76665,1.76665
conv2d_4/convolution,4,1.89999,1.76665,1.79998,1.79998,1.76665
batch_normalization_4/cond/Merge,4,1.86665,1.73331,1.76665,1.76664,1.73331
leaky_re_lu_4/sub,4,1.89999,1.79999,1.83332,1.83331,1.79998
conv2d_5/convolution,4,1.96665,1.86665,1.86665,1.86664,1.83331
batch_normalization_5/cond/Merge,4,2.03332,1.93332,1.93332,1.93331,1.89998
leaky_re_lu_5/sub,4,2.03332,1.96665,1.96665,1.93332,1.89998
conv2d_6/convolution,4,2.06665,1.96665,1.96665,2.03332,1.96665
batch_normalization_6/cond/Merge,4,2.09998,2.03331,1.99997,2.03331,1.96664
leaky_re_lu_6/sub,4,2.09999,1.99998,2.03332,2.03331,1.99998
conv2d_7/convolution,4,2.13332,2.06665,2.06665,2.06665,2.03331
batch_normalization_7/cond/Merge,4,2.16665,2.09998,2.09997,2.06664,2.03331
leaky_re_lu_7/sub,4,2.16665,2.06665,2.06665,2.09998,2.06664
conv2d_8/convolution,4,2.19998,2.16665,2.09998,2.13331,2.09997
batch_normalization_8/cond/Merge,4,2.23332,2.16665,2.16665,2.13331,2.13331
leaky_re_lu_8/sub,4,2.26665,2.16665,2.23331,2.19998,2.16665
conv2d_9/convolution,4,2.33332,2.23331,2.19998,2.23331,2.23331
batch_normalization_9/cond/Merge,4,2.39999,2.29998,2.29998,2.26665,2.26664
leaky_re_lu_9/sub,4,2.36665,2.29998,2.29997,2.3333,2.26664
conv2d_10/convolution,4,2.39999,2.23332,2.26665,2.26665,2.29998
batch_normalization_10/cond/Merge,4,2.39998,2.33331,2.33331,2.33331,2.29997
leaky_re_lu_10/sub,4,2.39998,2.36664,2.29998,2.36664,2.29997
conv2d_11/convolution,4,2.49998,2.43331,2.43331,2.39997,2.39997
batch_normalization_11/cond/Merge,4,2.53331,2.46664,2.4333,2.4333,2.4333
leaky_re_lu_11/sub,4,2.53331,2.43331,2.39997,2.46663,2.4333
conv2d_12/convolution,4,2.56665,2.46665,2.46665,2.43331,2.46664
batch_normalization_12/cond/Merge,4,2.56665,2.46664,2.46664,2.49997,2.46663
leaky_re_lu_12/sub,4,2.56664,2.46664,2.43331,2.46664,2.46663
conv2d_13/convolution,4,2.66665,2.56665,2.56664,2.56664,2.56664
batch_normalization_13/cond/Merge,4,2.56665,2.53331,2.53331,2.53331,2.53331
leaky_re_lu_13/sub,4,2.66665,2.63331,2.63331,2.63331,2.6333
batch_normalization_22/cond/Merge,4,4.6333,4.63329,4.63328,4.63327,4.63327
leaky_re_lu_22/sub,4,4.59997,4.59996,4.59995,4.59995,4.59994
conv2d_22/convolution,4,4.6333,4.6333,4.63329,4.63329,4.63328
conv2d_24/BiasAdd,4,4.6333
input_1,6,0,0.766659,0.79999,0.766655,0.766653,0.799985,0.766651
conv2d_1/convolution,6,0.966661,0.866661,0.86666,0.933325,0.866658,0.899991,0.866656
batch_normalization_1/cond/Merge,6,1.09999,0.933327,0.966659,0.966658,0.966657,0.933323,0.966655
leaky_re_lu_1/sub,6,1.13333,0.999993,0.999992,0.999991,0.966657,0.999989,0.999988
conv2d_2/convolution,6,1.16666,1.03333,1.03332,1.03332,0.999989,1.06665,1.03332
batch_normalization_2/cond/Merge,6,1.23333,1.09999,1.09999,1.13332,1.09999,1.09999,1.09998
leaky_re_lu_2/sub,6,1.23332,1.13332,1.13332,1.13332,1.13332,1.13332,1.13331
conv2d_3/convolution,6,1.23332,1.16666,1.16666,1.16665,1.19999,1.16665,1.09998
batch_normalization_3/cond/Merge,6,1.33332,1.19999,1.19999,1.19999,1.19999,1.19999,1.19998
leaky_re_lu_3/sub,6,1.33333,1.23333,1.19999,1.19999,1.19999,1.19999,1.23332
conv2d_4/convolution,6,1.33332,1.23332,1.23332,1.23332,1.19999,1.23332,1.23332
batch_normalization_4/cond/Merge,6,1.33332,1.23332,1.23332,1.23332,1.23332,1.26665,1.19998
leaky_re_lu_4/sub,6,1.36665,1.23332,1.23332,1.23332,1.23332,1.23332,1.23332
conv2d_5/convolution,6,1.39999,1.29999,1.29998,1.26665,1.29998,1.29998,1.26665
batch_normalization_5/cond/Merge,6,1.46666,1.33332,1.36665,1.33332,1.33332,1.36665,1.33332
leaky_re_lu_5/sub,6,1.43332,1.33332,1.33332,1.33332,1.33332,1.33332,1.33332
conv2d_6/convolution,6,1.53332,1.39999,1.39999,1.36665,1.39998,1.39998,1.39998
batch_normalization_6/cond/Merge,6,1.53332,1.43332,1.39998,1.46665,1.43331,1.43331,1.43331
leaky_re_lu_6/sub,6,1.53332,1.43332,1.43332,1.43331,1.43331,1.46665,1.39998
conv2d_7/convolution,6,1.56665,1.43332,1.43332,1.43332,1.43331,1.46665,1.43331
batch_normalization_7/cond/Merge,6,1.56666,1.43332,1.43332,1.43332,1.43332,1.46665,1.43331
leaky_re_lu_7/sub,6,1.56666,1.46666,1.46666,1.43332,1.46665,1.46665,1.46665
conv2d_8/convolution,6,1.63332,1.53332,1.53332,1.49998,1.49998,1.56665,1.53331
batch_normalization_8/cond/Merge,6,1.66666,1.56665,1.53332,1.56665,1.53332,1.56665,1.53332
leaky_re_lu_8/sub,6,1.66665,1.56665,1.56665,1.56665,1.56665,1.56664,1.53331
conv2d_9/convolution,6,1.73332,1.63332,1.63332,1.63331,1.63331,1.63331,1.63331
batch_normalization_9/cond/Merge,6,1.73332,1.63332,1.63332,1.59998,1.66665,1.63331,1.63331
leaky_re_lu_9/sub,6,1.73332,1.66665,1.66665,1.69998,1.66664,1.66664,1.63331
conv2d_10/convolution,6,1.73332,1.66665,1.66665,1.63331,1.66664,1.66664,1.63331
batch_normalization_10/cond/Merge,6,1.79973,1.66641,1.63308,1.69973,1.6664,1.6664,1.69973
leaky_re_lu_10/sub,6,1.76666,1.66665,1.63332,1.66665,1.63332,1.63332,1.66665
conv2d_11/convolution,6,1.83332,1.76665,1.73332,1.73331,1.76664,1.76664,1.73331
batch_normalization_11/cond/Merge,6,1.83332,1.76665,1.79998,1.73331,1.69998,1.79998,1.73331
leaky_re_lu_11/sub,6,1.86665,1.76665,1.76665,1.73331,1.79998,1.73331,1.76664
conv2d_12/convolution,6,1.89998,1.76665,1.76665,1.79998,1.79998,1.79997,1.79997
batch_normalization_12/cond/Merge,6,1.89999,1.79999,1.79998,1.79998,1.79998,1.79998,1.79998
leaky_re_lu_12/sub,6,1.86665,1.79999,1.79998,1.79998,1.76664,1.79998,1.76664
conv2d_13/convolution,6,1.96665,1.93332,1.93331,1.93331,1.89997,1.86664,1.9333
batch_normalization_13/cond/Merge,6,1.93332,1.89998,1.89998,1.89998,1.89998,1.89997,1.89997
leaky_re_lu_13/sub,6,1.93332,1.89998,1.89998,1.89998,1.89997,1.89997,1.89997
batch_normalization_22/cond/Merge,6,4.59513,4.59513,4.59513,4.59512,4.59512,4.59511,4.59511
leaky_re_lu_22/sub,6,4.56663,4.56663,4.56663,4.56662,4.56662,4.56661,4.56661
conv2d_22/convolution,6,4.59997,4.59997,4.59997,4.59996,4.59996,4.59995,4.59995
conv2d_24/BiasAdd,6,4.69997
input_1,8,0,0.566662,0.56666,0.566659,0.566658,0.533322,0.566649,0.533315,0.566647
conv2d_1/convolution,8,0.766662,0.666662,0.666661,0.633328,0.633327,0.633326,0.666658,0.633325,0.633324
batch_normalization_1/cond/Merge,8,0.833327,0.699994,0.699994,0.733327,0.699993,0.699992,0.699991,0.733323,0.69999
leaky_re_lu_1/sub,8,0.866662,0.699995,0.733328,0.733328,0.733327,0.733326,0.733325,0.733324,0.733323
conv2d_2/convolution,8,0.899993,0.76666,0.799992,0.766659,0.766658,0.79999,0.799989,0.766655,0.766655
batch_normalization_2/cond/Merge,8,0.899993,0.799993,0.833325,0.799991,0.866656,0.833322,0.833321,0.83332,0.766653
leaky_re_lu_2/sub,8,0.899994,0.833326,0.833326,0.833325,0.833325,0.833324,0.833324,0.833323,0.799989
conv2d_3/convolution,8,0.966657,0.899991,0.866657,0.899989,0.866656,0.866654,0.866653,0.899985,0.833318
batch_normalization_3/cond/Merge,8,0.999992,0.899992,0.966657,0.89999,0.899989,0.93332,0.899985,0.899985,0.866651
leaky_re_lu_3/sub,8,0.999992,0.899992,0.933324,0.899991,0.89999,0.966656,0.899989,0.93332,0.899987
conv2d_4/convolution,8,0.999993,0.933325,0.933324,0.933324,0.89999,0.899989,0.899988,0.933321,0.899986
batch_normalization_4/cond/Merge,8,1.03332,0.933323,0.933323,0.966655,0.933321,0.899986,0.933318,0.933317,0.933316
leaky_re_lu_4/sub,8,0.999992,0.933325,0.933323,0.966656,0.966655,0.899988,0.93332,0.966652,0.899986
conv2d_5/convolution,8,1.09999,0.933326,0.966657,0.966656,0.933322,0.933321,0.966653,0.999984,0.999984
batch_normalization_5/cond/Merge,8,1.06666,1.03332,1.03332,0.999986,0.999986,1.03332,1.03332,1.03331,0.966648
leaky_re_lu_5/sub,8,1.09999,0.999991,0.99999,1.06666,0.999989,1.03332,0.999988,1.03332,0.999986
conv2d_6/convolution,8,1.13332,1.06666,1.06666,1.03332,1.06666,1.06665,1.09999,1.03332,1.03332
batch_normalization_6/cond/Merge,8,1.13332,1.09999,1.09999,1.09999,1.09999,1.03332,1.09998,1.06665,1.03332
leaky_re_lu_6/sub,8,1.19998,1.16665,1.09998,1.09998,1.09998,1.06665,1.09998,1.06665,1.09998
conv2d_7/convolution,8,1.19999,1.06666,1.13332,1.13332,1.13332,1.06665,1.09998,1.09998,1.09998
batch_normalization_7/cond/Merge,8,1.19999,1.13332,1.09998,1.09998,1.09998,1.06665,1.13331,1.16664,1.09998
leaky_re_lu_7/sub,8,1.19999,1.09999,1.13333,1.09999,1.13332,1.16666,1.13332,1.06665,1.09999
conv2d_8/convolution,8,1.23332,1.16665,1.19999,1.16665,1.09998,1.19998,1.19998,1.16665,1.13331
batch_normalization_8/cond/Merge,8,1.26665,1.16665,1.13332,1.16665,1.16665,1.19998,1.09998,1.13331,1.16664
leaky_re_lu_8/sub,8,1.29999,1.26665,1.16665,1.19999,1.16665,1.19998,1.19998,1.19998,1.16664
conv2d_9/convolution,8,1.33332,1.26665,1.26665,1.23332,1.26665,1.26665,1.29998,1.26664,1.23331
batch_normalization_9/cond/Merge,8,1.39999,1.23332,1.23332,1.29998,1.23332,1.23331,1.33331,1.19998,1.26664
leaky_re_lu_9/sub,8,1.43332,1.29999,1.26666,1.26666,1.23332,1.26665,1.23332,1.23332,1.33331
conv2d_10/convolution,8,1.43332,1.29999,1.33332,1.23332,1.26665,1.29998,1.23331,1.26664,1.33331
batch_normalization_10/cond/Merge,8,1.36666,1.26666,1.29999,1.29999,1.29999,1.33332,1.26665,1.26665,1.23331
leaky_re_lu_10/sub,8,1.36666,1.33332,1.23332,1.23332,1.33332,1.29999,1.29998,1.29998,1.29998
conv2d_11/convolution,8,1.46666,1.39999,1.36665,1.36665,1.36665,1.39998,1.36665,1.36665,1.36665
batch_normalization_11/cond/Merge,8,1.46666,1.36665,1.39998,1.39998,1.39998,1.39998,1.36664,1.39997,1.39997
leaky_re_lu_11/sub,8,1.46665,1.39999,1.43332,1.39998,1.36665,1.39998,1.43331,1.33331,1.36664
conv2d_12/convolution,8,1.46666,1.46666,1.36666,1.39999,1.39999,1.39998,1.36665,1.39998,1.43331
batch_normalization_12/cond/Merge,8,1.43332,1.39999,1.43332,1.39999,1.39999,1.36665,1.39998,1.36665,1.36665
leaky_re_lu_12/sub,8,1.43332,1.39999,1.39999,1.39998,1.39998,1.36665,1.39998,1.36664,1.39998
conv2d_13/convolution,8,1.56666,1.49999,1.46665,1.49999,1.49998,1.49998,1.49998,1.49998,1.49998
batch_normalization_13/cond/Merge,8,1.56665,1.53332,1.53332,1.53332,1.49998,1.53331,1.49998,1.49998,1.53331
leaky_re_lu_13/sub,8,1.56665,1.53332,1.53332,1.49998,1.49998,1.53331,1.53331,1.53331,1.53331
batch_normalization_22/cond/Merge,8,4.53329,4.53328,4.53328,4.53328,4.53327,4.53326,4.53326,4.53326,4.53325
leaky_re_lu_22/sub,8,4.59997,4.59997,4.59996,4.59996,4.59996,4.59995,4.59994,4.59994,4.59993
conv2d_22/convolution,8,4.49997,4.49996,4.49996,4.49996,4.49995,4.49994,4.49993,4.49993,4.49992
conv2d_24/BiasAdd,8,4.66664
input_1,10,0,0.466661,0.366662,0.46666,0.433327,0.399993,0.399992,0.433325,0.466657,0.433323,0.39999
conv2d_1/convolution,10,0.566663,0.499997,0.499996,0.533329,0.499996,0.499996,0.533328,0.533328,0.533328,0.466661,0.433327
batch_normalization_1/cond/Merge,10,0.699995,0.533329,0.566662,0.499995,0.633327,0.56666,0.56666,0.533326,0.533326,0.566658,0.566658
leaky_re_lu_1/sub,10,0.666662,0.566662,0.633328,0.599994,0.633326,0.56666,0.533326,0.566658,0.566658,0.59999,0.533324
conv2d_2/convolution,10,0.699995,0.633328,0.699993,0.599993,0.633326,0.599992,0.633324,0.59999,0.599989,0.633322,0.599988
batch_normalization_2/cond/Merge,10,0.699996,0.699995,0.666661,0.66666,0.599993,0.633325,0.666657,0.666656,0.666656,0.666655,0.599989
leaky_re_lu_2/sub,10,0.733329,0.699995,0.633328,0.699994,0.66666,0.666659,0.699991,0.69999,0.666656,0.666655,0.633321
conv2d_3/convolution,10,0.766661,0.699994,0.666661,0.733326,0.733325,0.733324,0.666658,0.69999,0.666657,0.733322,0.633322
batch_normalization_3/cond/Merge,10,0.799993,0.733326,0.766659,0.733325,0.699992,0.733325,0.699991,0.733323,0.69999,0.766655,0.699988
leaky_re_lu_3/sub,10,0.799995,0.699995,0.699994,0.766659,0.766659,0.699992,0.733325,0.733324,0.766656,0.69999,0.699988
conv2d_4/convolution,10,0.833327,0.699993,0.733325,0.766658,0.766657,0.733323,0.766655,0.699988,0.699987,0.766652,0.699985
batch_normalization_4/cond/Merge,10,0.833327,0.76666,0.733326,0.766658,0.733324,0.699991,0.733323,0.733322,0.766654,0.766653,0.699987
leaky_re_lu_4/sub,10,0.86666,0.76666,0.76666,0.699993,0.733326,0.733325,0.766658,0.733324,0.733323,0.766656,0.733321
conv2d_5/convolution,10,0.866661,0.766661,0.833326,0.833326,0.799992,0.733325,0.833324,0.733324,0.766656,0.733322,0.766654
batch_normalization_5/cond/Merge,10,0.899994,0.833327,0.833327,0.833325,0.833324,0.79999,0.766657,0.833321,0.799988,0.766654,0.766654
leaky_re_lu_5/sub,10,0.899993,0.833326,0.799993,0.833325,0.799992,0.833324,0.766658,0.833323,0.866655,0.799988,0.799986
conv2d_6/convolution,10,0.999992,0.866658,0.899991,0.79999,0.799989,0.833321,0.933319,0.83332,0.899985,0.799987,0.899984
batch_normalization_6/cond/Merge,10,1.06666,0.833326,0.833325,0.89999,0.833323,0.899987,0.766656,0.83332,0.96665,0.933316,0.966648
leaky_re_lu_6/sub,10,0.966659,0.899992,0.866657,0.899989,0.899988,0.866654,0.83332,0.833318,0.933315,0.933314,0.866647
conv2d_7/convolution,10,0.966658,0.899992,0.933324,0.866658,0.89999,0.866656,0.866656,0.933319,0.933319,0.933318,0.833318
batch_normalization_7/cond/Merge,10,1.06666,0.86666,0.899992,0.799991,0.899989,0.933321,0.933321,0.899987,0.866653,0.799986,0.966649
leaky_re_lu_7/sub,10,0.999993,0.899993,0.899993,0.899992,0.899991,0.899991,0.89999,0.933322,0.899988,0.899987,0.866652
conv2d_8/convolution,10,1.03333,0.933326,0.933325,0.999991,0.899991,0.999989,0.899989,0.933319,0.999984,0.933318,0.899982
batch_normalization_8/cond/Merge,10,1.09999,0.933326,0.899992,0.866658,0.99999,0.966655,0.933321,0.999985,0.999983,0.933317,0.999982
leaky_re_lu_8/sub,10,1.06666,1.03332,0.933325,0.933324,0.933324,0.999989,1.03332,0.93332,0.999986,0.899987,0.966651
conv2d_9/convolution,10,1.09999,1.03332,1.09999,1.09999,0.933322,1.09999,0.966652,1.03332,1.06665,0.933316,0.999979
batch_normalization_9/cond/Merge,10,1.09999,1.03332,1.03332,1.06666,0.999988,0.966653,1.06665,0.999983,1.03332,1.03331,0.99998
leaky_re_lu_9/sub,10,1.09999,1.06666,0.999993,0.999991,1.09999,1.03332,1.03332,1.03332,1.03332,1.06665,0.999983
conv2d_10/convolution,10,1.09999,1.06666,1.03333,0.999991,1.06666,1.03332,1.06665,1.06665,1.03332,1.03332,0.999982
batch_normalization_10/cond/Merge,10,1.16666,0.966658,1.03332,1.09999,1.03332,1.09999,1.06665,0.999986,1.06665,0.999985,1.06665
leaky_re_lu_10/sub,10,1.13333,1.09999,1.06666,1.06666,1.03332,1.06665,0.999986,0.999984,1.03332,1.09998,1.03331
conv2d_11/convolution,10,1.16666,1.06666,1.16666,1.09999,1.13332,1.13332,1.16665,1.16665,1.09998,1.09998,1.06665
batch_normalization_11/cond/Merge,10,1.26666,1.09999,0.966656,0.966654,1.13332,1.16665,1.23331,1.03331,1.13331,1.19998,1.23331
leaky_re_lu_11/sub,10,1.26666,1.06666,1.06666,1.13332,1.19998,1.13332,1.03332,1.16664,1.13331,1.13331,1.19997
conv2d_12/convolution,10,1.19999,1.13332,1.16666,1.16665,1.09999,1.16665,1.13332,1.13332,1.13332,1.09998,1.13331
batch_normalization_12/cond/Merge,10,1.19999,1.16666,1.13332,1.09999,1.16665,1.13332,1.19999,1.19998,1.16665,1.16665,1.09998
leaky_re_lu_12/sub,10,1.26666,1.23333,1.16666,1.16666,1.09999,1.13332,1.06665,1.09999,1.16665,1.16665,1.16665
conv2d_13/convolution,10,1.26666,1.23333,1.23332,1.23332,1.23332,1.23332,1.23332,1.23332,1.23332,1.23332,1.23332
batch_normalization_13/cond/Merge,10,1.29999,1.26666,1.26666,1.26665,1.23332,1.26665,1.23332,1.23332,1.23332,1.23332,1.26665
leaky_re_lu_13/sub,10,1.29999,1.26666,1.26666,1.23332,1.26665,1.26665,1.26665,1.23332,1.26665,1.23331,1.23331
batch_normalization_22/cond/Merge,10,4.53328,4.49995,4.49994,4.53327,4.49993,4.53325,4.53325,4.53324,4.53324,4.53323,4.53323
leaky_re_lu_22/sub,10,4.59997,4.59996,4.59996,4.59995,4.59995,4.59994,4.59993,4.59992,4.59992,4.59991,4.59991
conv2d_22/convolution,10,4.49997,4.49996,4.49996,4.49996,4.49995,4.49995,4.49995,4.49995,4.49994,4.49994,4.49993
conv2d_24/BiasAdd,10,4.69997
input_1,2,0,0,0
conv2d_2/convolution,2,3.99842,0,0
batch_normalization_3/cond/Merge,2,3.99876,0,0
conv2d_5/convolution,2,3.999,0,0
batch_normalization_6/cond/Merge,2,3.99888,0,0
conv2d_8/convolution,2,3.99916,0,0
batch_normalization_9/cond/Merge,2,3.99906,0,0
conv2d_11/convolution,2,3.99902,0,0
leaky_re_lu_12/sub,2,3.99928,0,0
conv2d_14/convolution,2,2.99949,0,0
input_1,4,0,0,0,0,0
conv2d_2/convolution,4,3.99806,0,0,0,0
batch_normalization_3/cond/Merge,4,3.9989,0,0,0,0
conv2d_5/convolution,4,3.99933,0,0,0,0
batch_normalization_6/cond/Merge,4,3.99911,0,0,0,0
conv2d_8/convolution,4,3.99905,0,0,0,0
batch_normalization_9/cond/Merge,4,2.99932,0,0,0,0
conv2d_11/convolution,4,2.99944,0,0,0,0
leaky_re_lu_12/sub,4,2.99936,0,0,0,0
conv2d_14/convolution,4,1.99954,0,0,0,0
input_1,6,0,0,0,0,0,0,0
conv2d_2/convolution,6,3.99844,0,0,0,0,0,0
batch_normalization_3/cond/Merge,6,2.99922,0,0,0,0,0,0
conv2d_5/convolution,6,2.99935,0,0,0,0,0,0
batch_normalization_6/cond/Merge,6,2.99936,0,0,0,0,0,0
conv2d_8/convolution,6,2.99935,0,0,0,0,0,0
batch_normalization_9/cond/Merge,6,1.99957,0,0,0,0,0,0
conv2d_11/convolution,6,1.99948,0,0,0,0,0,0
leaky_re_lu_12/sub,6,1.9953,0,0,0,0,0,0
conv2d_14/convolution,6,0.999807,0,0,0,0,0,0
input_1,8,0,0,0,0,0,0,0,0,0
conv2d_2/convolution,8,3.99904,0,0,0,0,0,0,0,0
batch_normalization_3/cond/Merge,8,2.99948,0,0,0,0,0,0,0,0
conv2d_5/convolution,8,1.99953,0,0,0,0,0,0,0,0
batch_normalization_6/cond/Merge,8,1.99946,0,0,0,0,0,0,0,0
conv2d_8/convolution,8,1.99963,0,0,0,0,0,0,0,0
batch_normalization_9/cond/Merge,8,1.99942,0,0,0,0,0,0,0,0
conv2d_11/convolution,8,0.999697,0,0,0,0,0,0,0,0
leaky_re_lu_12/sub,8,0.999755,0,0,0,0,0,0,0,0
conv2d_14/convolution,8,0.999754,0,0,0,0,0,0,0,0
input_1,10,0,0,0,0,0,0,0,0,0,0,0
conv2d_2/convolution,10,3.99877,0,0,0,0,0,0,0,0,0,0
batch_normalization_3/cond/Merge,10,2.99931,0,0,0,0,0,0,0,0,0,0
conv2d_5/convolution,10,1.99959,0,0,0,0,0,0,0,0,0,0
batch_normalization_6/cond/Merge,10,1.99942,0,0,0,0,0,0,0,0,0,0
conv2d_8/convolution,10,1.99955,0,0,0,0,0,0,0,0,0,0
batch_normalization_9/cond/Merge,10,0.999754,0,0,0,0,0,0,0,0,0,0
conv2d_11/convolution,10,0.999741,0,0,0,0,0,0,0,0,0,0
leaky_re_lu_12/sub,10,0.999787,0,0,0,0,0,0,0,0,0,0
conv2d_14/convolution,10,0.999804,0,0,0,0,0,0,0,0,0,0
input_1,2,0,2.53331,2.49998
conv2d_2/convolution,2,3.06665,2.89998,2.93331
batch_normalization_3/cond/Merge,2,3.29997,3.16664,3.19997
conv2d_5/convolution,2,3.36665,3.33331,3.26664
input_1,2,0,2.49995,2.49994
conv2d_2/convolution,2,3.06665,2.93331,2.93331
batch_normalization_3/cond/Merge,2,3.26665,3.16665,3.16664
conv2d_5/convolution,2,3.36664,3.3333,3.2333
batch_normalization_6/cond/Merge,2,3.56663,3.46663,3.46663
conv2d_8/convolution,2,3.59997,3.56663,3.49996
batch_normalization_9/cond/Merge,2,3.73331,3.66664,3.6333
conv2d_11/convolution,2,3.86664,3.79997,3.76664
leaky_re_lu_12/sub,2,3.89996,3.83329,3.79996
leaky_re_lu_13/sub,2,3.99997,3.89997,3.9333
concatenate_1/concat,2,4.5333,4.5333,4.5333
conv2d_24/BiasAdd,2,4.7333
input_1,3,0,1.6333,1.6333,1.63329
conv2d_2/convolution,3,2.13331,2.06665,1.99998,2.03331
batch_normalization_3/cond/Merge,3,2.36665,2.26664,2.26664,2.26664
conv2d_5/convolution,3,2.46665,2.39998,2.39998,2.33331
batch_normalization_6/cond/Merge,3,2.63331,2.59998,2.56664,2.53331
conv2d_8/convolution,3,2.73332,2.69998,2.66664,2.63331
batch_normalization_9/cond/Merge,3,2.93332,2.83331,2.83331,2.83331
conv2d_11/convolution,3,3.03331,2.96664,2.96664,2.9333
leaky_re_lu_12/sub,3,3.09998,2.99998,2.99997,2.99997
leaky_re_lu_13/sub,3,3.19997,3.16663,3.16663,3.1333
concatenate_1/concat,3,4.23331,4.23331,4.2333,4.2333
conv2d_24/BiasAdd,3,4.6333
input_1,4,0,1.19998,1.19997,1.19997,1.19997
conv2d_2/convolution,4,1.63332,1.53332,1.53332,1.53331,1.53331
batch_normalization_3/cond/Merge,4,1.86665,1.76665,1.73332,1.76665,1.73332
conv2d_5/convolution,4,1.96665,1.89998,1.86665,1.89998,1.86665
batch_normalization_6/cond/Merge,4,2.13332,2.06665,2.03331,2.06665,2.03331
conv2d_8/convolution,4,2.23332,2.16665,2.16665,2.16664,2.09998
batch_normalization_9/cond/Merge,4,2.3666,2.29993,2.33326,2.29992,2.26659
conv2d_11/convolution,4,2.53331,2.39998,2.43331,2.39998,2.43331
leaky_re_lu_12/sub,4,2.56665,2.46664,2.46664,2.46664,2.46664
leaky_re_lu_13/sub,4,2.66665,2.63331,2.63331,2.63331,2.6333
concatenate_1/concat,4,3.86663,3.86663,3.86662,3.86662,3.86661
conv2d_24/BiasAdd,4,4.6333
input_1,5,0,0.966655,0.966654,0.933319,0.966648,0.966647
conv2d_2/convolution,5,1.39999,1.23332,1.26665,1.26665,1.26665,1.26665
batch_normalization_3/cond/Merge,5,1.53332,1.43332,1.43332,1.43332,1.43332,1.39998
