input_1,1,0,14.86
mixed10/concat,1,14.45,14.45
input_1,2,0,7.78998,7.78998
mixed10/concat,2,14.02,14.02,14.02
input_1,3,0,5.25999,5.25999,5.25999
mixed10/concat,3,14.0099,14.0099,14.0099,14.0099
input_1,4,0,3.94999,3.93999,3.93999,3.93999
mixed10/concat,4,13.9399,13.9399,13.9399,13.9399,13.9399
input_1,5,0,3.15999,3.14999,3.16999,3.16999,3.18
mixed10/concat,5,13.7299,13.7299,13.7299,13.7299,13.7299,13.7299
input_1,6,0,2.63999,2.63999,2.63999,2.63999,2.64,2.64
mixed10/concat,6,13.7399,13.7399,13.7399,13.7399,13.7399,13.7399,13.7399
input_1,7,0,2.23998,2.23998,2.23998,2.25998,2.25998,2.26999,2.25999
mixed10/concat,7,13.5999,13.5999,13.5999,13.5999,13.5999,13.5999,13.5999,13.5999
input_1,8,0,1.96999,1.96999,1.96999,1.96999,1.96999,1.96999,1.96999,1.95999
mixed10/concat,8,13.5599,13.5599,13.5599,13.5599,13.5599,13.5599,13.5599,13.5599,13.56
input_1,9,0,1.73999,1.79999,1.72999,1.79999,1.70999,1.75999,1.77999,1.73999,1.69999
mixed10/concat,9,13.5399,13.5399,13.5399,13.5399,13.5399,13.5399,13.5399,13.5399,13.5399,13.54
input_1,10,0,1.52999,1.57999,1.60999,1.57999,1.58999,1.54999,1.54999,1.58999,1.54999,1.54999
mixed10/concat,10,13.2798,13.2799,13.2799,13.2799,13.2799,13.2799,13.2799,13.2799,13.2799,13.28,13.28
input_1,11,0,1.36999,1.42999,1.37999,1.42999,1.38999,1.46999,1.35999,1.42999,1.46999,1.47999,1.46999
mixed10/concat,11,13.3398,13.3398,13.3399,13.3399,13.3399,13.3399,13.3399,13.3399,13.3399,13.3399,13.3399,13.3399
input_1,12,0,1.33999,1.26999,1.31999,1.35999,1.24999,1.34999,1.23999,1.25999,1.36999,1.41999,1.20999,1.29999
mixed10/concat,12,13.2598,13.2598,13.2599,13.2599,13.2599,13.2599,13.2599,13.2599,13.2599,13.2599,13.2599,13.2599,13.2599
input_1,13,0,1.29998,1.31998,1.12999,1.13999,1.13999,1.13999,1.23999,1.17999,1.24999,1.07999,1.20999,1.29999,1.07
mixed10/concat,13,13.0798,13.0798,13.0798,13.0798,13.0798,13.0798,13.0798,13.0799,13.0799,13.0799,13.0799,13.0799,13.0799,13.0799
input_1,14,0,1.10999,1.08999,1.04999,1.08999,1.19999,1.14999,1.04999,1.01999,1.09999,1.15999,1.05999,1.09999,1.12999,1.29
mixed10/concat,14,13.0098,13.0098,13.0098,13.0098,13.0098,13.0098,13.0098,13.0098,13.0098,13.0099,13.0099,13.0099,13.0099,13.0099,13.0099
input_1,15,0,1.08999,1.04999,0.949988,1.03999,1.04999,1.06999,0.989988,0.979989,0.999989,0.95999,1.21999,1.03999,1.12999,1.13,0.979996
mixed10/concat,15,12.9398,12.9398,12.9398,12.9398,12.9398,12.9398,12.9398,12.9398,12.9398,12.9398,12.9398,12.9399,12.9399,12.9399,12.9399,12.9399
input_1,16,0,0.899986,0.989985,0.899987,0.979986,0.919987,0.989987,1.03999,0.939988,1.02999,1.05999,1.02999,0.929992,0.979993,1.05999,0.929995,0.929996
mixed10/concat,16,12.9897,12.9897,12.9897,12.9898,12.9898,12.9898,12.9898,12.9898,12.9898,12.9898,12.9898,12.9898,12.9899,12.9899,12.9899,12.9899,12.9899
input_1,17,0,0.919984,0.969984,0.899985,0.999985,0.979986,0.869988,0.849988,0.899987,0.929987,0.899989,0.969989,0.809992,0.899993,0.859994,0.919994,1.00999,0.839997
mixed10/concat,17,13.0096,13.0096,13.0098,13.0098,13.0098,13.0098,13.0098,13.0098,13.0098,13.0098,13.0098,13.0099,13.0099,13.0099,13.0099,13.0099,13.0099,13.01
input_1,18,0,0.819985,0.839984,0.849985,0.869985,0.829986,0.789987,0.929985,0.899986,0.799988,0.869988,0.899989,0.85999,0.789992,0.919992,0.869993,0.759995,1.01999,0.919996
mixed10/concat,18,12.6496,12.6497,12.6497,12.6497,12.6497,12.6497,12.6497,12.6497,12.6497,12.6497,12.6498,12.6498,12.6498,12.6498,12.6498,12.6499,12.6499,12.6499,12.6499
input_1,19,0,0.789984,0.819983,0.929982,0.679988,0.789986,0.769987,0.859985,0.859985,0.899985,0.839987,0.789989,0.859989,0.649993,0.789992,0.689993,0.849993,0.929994,0.789996,0.859996
mixed10/concat,19,12.7697,12.7697,12.7697,12.7697,12.7697,12.7697,12.7697,12.7697,12.7697,12.7698,12.7698,12.7698,12.7698,12.7698,12.7698,12.7699,12.7699,12.7699,12.7699,12.77
input_1,20,0,0.809984,0.659987,0.789985,0.759986,0.709987,0.849985,0.809985,0.729987,0.719987,0.689989,0.769988,0.779989,0.719991,0.639993,0.839991,0.909991,0.749994,0.879994,0.929995,0.779997
mixed10/concat,20,12.4597,12.4597,12.4597,12.4597,12.4597,12.4597,12.4597,12.4597,12.4597,12.4597,12.4598,12.4598,12.4598,12.4598,12.4598,12.4599,12.4599,12.4599,12.4599,12.4599,12.4599
input_1,21,0,1.02998,0.659985,0.619986,0.619987,0.899981,0.719985,0.789984,0.769985,0.859983,0.589989,0.729988,0.63999,0.649991,0.689991,0.689991,0.649993,0.709993,0.789993,0.839994,0.749996,0.749997
mixed10/concat,21,12.4597,12.4597,12.4597,12.4597,12.4597,12.4597,12.4597,12.4597,12.4597,12.4597,12.4597,12.4598,12.4598,12.4598,12.4598,12.4598,12.4598,12.4599,12.4599,12.4599,12.4599,12.4599
input_1,22,0,0.869979,0.599986,0.839981,0.609986,0.769983,0.739984,0.709985,0.619987,0.649986,0.579988,0.689987,0.789986,0.839987,0.839988,0.649991,0.649992,0.819991,0.579994,0.689994,0.679995,0.619997,0.689997
mixed10/concat,22,12.3397,12.3397,12.3397,12.3397,12.3397,12.3397,12.3397,12.3397,12.3397,12.3397,12.3397,12.3398,12.3398,12.3398,12.3398,12.3398,12.3398,12.3398,12.3399,12.3399,12.3399,12.3399,12.3399
input_1,23,0,0.779982,0.629986,0.599987,0.619986,0.769983,0.709985,0.579987,0.779983,0.709985,0.599987,0.599988,0.769986,0.799986,0.579991,0.519993,0.619991,0.599992,0.719992,0.709993,0.649994,0.769994,0.659996,0.739997
mixed10/concat,23,12.3096,12.3097,12.3097,12.3097,12.3097,12.3097,12.3097,12.3097,12.3097,12.3097,12.3097,12.3097,12.3097,12.3098,12.3098,12.3098,12.3098,12.3098,12.3098,12.3099,12.3099,12.3099,12.3099,12.3099
input_1,24,0,0.689982,0.559985,0.579985,0.659983,0.599985,0.519987,0.599985,0.629985,0.539987,0.589986,0.609986,0.819983,0.589989,0.589989,0.57999,0.61999,0.759989,0.76999,0.599993,0.619994,0.769993,0.669995,0.689996,0.699997
mixed10/concat,24,12.0396,12.0396,12.0396,12.0396,12.0396,12.0396,12.0397,12.0397,12.0397,12.0397,12.0397,12.0397,12.0397,12.0397,12.0398,12.0398,12.0398,12.0398,12.0398,12.0398,12.0399,12.0399,12.0399,12.0399,12.0399
input_1,25,0,0.609984,0.699982,0.709983,0.709983,0.639984,0.619985,0.519988,0.639985,0.599986,0.519988,0.769983,0.519989,0.589988,0.769986,0.58999,0.699988,0.509992,0.539992,0.519994,0.749992,0.539995,0.619995,0.579996,0.499997,0.679997
mixed10/concat,25,12.0496,12.0496,12.0496,12.0496,12.0496,12.0496,12.0496,12.0496,12.0496,12.0496,12.0496,12.0497,12.0497,12.0497,12.0497,12.0497,12.0498,12.0498,12.0498,12.0498,12.0498,12.0499,12.0499,12.0499,12.0499,12.0499
input_1,26,0,0.609983,0.489987,0.499987,0.569985,0.609984,0.77998,0.579985,0.609985,0.629984,0.579986,0.579986,0.519988,0.509989,0.689986,0.449992,0.55999,0.499992,0.599991,0.68999,0.579993,0.579994,0.579994,0.529996,0.849994,0.589997,0.679997
mixed10/concat,26,11.8792,11.8792,11.8793,11.8797,11.8797,11.8797,11.8797,11.8797,11.8797,11.8797,11.8797,11.8797,11.8797,11.8797,11.8798,11.8798,11.8798,11.8798,11.8798,11.8798,11.8798,11.8799,11.8799,11.8799,11.8799,11.8799,11.8799
input_1,27,0,0.539995,0.589995,0.509996,0.499996,0.489997,0.619996,0.579996,0.589996,0.499997,0.519997,0.459998,0.559998,0.789997,0.579998,0.619998,0.879997,0.659998,0.589998,0.589998,0.589998,0.589998,0.669998,0.709998,0.499999,0.519999,0.589999,0.739998
mixed10/concat,27,11.9099,11.9099,11.9099,11.9099,11.9099,11.9099,11.9099,11.9099,11.9099,11.9099,11.9099,11.9099,11.9099,11.9099,11.9099,11.9099,11.91,11.91,11.91,11.91,11.91,11.91,11.91,11.91,11.91,11.91,11.91,11.91
input_1,28,0,0.499996,0.569995,0.559996,0.629996,0.599996,0.699996,0.779995,0.529997,0.579997,0.499997,0.579997,0.579997,0.529997,0.609997,0.579997,0.519997,0.499998,0.489998,0.489998,0.489998,0.499998,0.489998,0.729997,0.569998,0.579998,0.519998,0.489998,0.429999
mixed10/concat,28,11.8299,11.8299,11.8299,11.8299,11.8299,11.8299,11.8299,11.8299,11.8299,11.8299,11.8299,11.8299,11.8299,11.8299,11.8299,11.83,11.83,11.83,11.83,11.83,11.83,11.83,11.83,11.83,11.83,11.83,11.83,11.83,11.83
input_1,29,0,0.569994,0.449996,0.469997,0.719995,0.389997,0.429997,0.569996,0.709996,0.499997,0.579997,0.389998,0.489997,0.769996,0.589997,0.409998,0.489998,0.549997,0.429998,0.539998,0.499998,0.519998,0.589998,0.739997,0.519998,0.439998,0.549998,0.479998,0.459999,0.519998
mixed10/concat,29,11.7199,11.7199,11.7199,11.7199,11.7199,11.7199,11.7199,11.7199,11.7199,11.7199,11.7199,11.7199,11.7199,11.7199,11.7199,11.7199,11.72,11.72,11.72,11.72,11.72,11.72,11.72,11.72,11.72,11.72,11.72,11.72,11.72,11.72
input_1,30,0,0.419996,0.649994,0.589996,0.559996,0.449997,0.619996,0.419997,0.489997,0.519997,0.619996,0.419998,0.529997,0.569997,0.499997,0.499997,0.499997,0.479998,0.419998,0.499998,0.579997,0.519998,0.619997,0.419998,0.559998,0.549998,0.519998,0.449998,0.459998,0.509998,0.449999
mixed10/concat,30,11.5993,11.5993,11.5999,11.5999,11.5999,11.5999,11.5999,11.5999,11.5999,11.5999,11.5999,11.5999,11.5999,11.5999,11.5999,11.5999,11.5999,11.5999,11.5999,11.5999,11.5999,11.5999,11.6,11.6,11.6,11.6,11.6,11.6,11.6,11.6,11.6
