input_1,1,0,14.9
conv2d_1/convolution,1,15.15,14.67
conv2d_2/convolution,1,15.18,14.69
conv2d_3/convolution,1,14.95,14.47
max_pooling2d_1/MaxPool,1,15.46,14.98
conv2d_4/convolution,1,15.31,14.82
conv2d_5/convolution,1,15.38,14.9
max_pooling2d_2/MaxPool,1,15.64,15.16
mixed0/concat,1,15.72,15.24
mixed1/concat,1,15.89,15.41
mixed2/concat,1,15.83,15.35
mixed3/concat,1,16.11,15.63
mixed4/concat,1,15.81,15.8
mixed5/concat,1,15.82,15.81
mixed6/concat,1,15.61,15.6
mixed7/concat,1,15.35,15.35
mixed8/concat,1,15.19,15.19
mixed9/concat,1,14.94,14.94
mixed10/concat,1,14.78,14.78
dense_2/Softmax:0,1,14.65
input_1,2,0,7.95999,7.94999
conv2d_1/convolution,2,8.57996,8.08996,8.09997
conv2d_2/convolution,2,8.75998,8.26998,8.26999
conv2d_3/convolution,2,9.00989,8.5199,8.51991
max_pooling2d_1/MaxPool,2,9.29998,8.81998,8.81999
conv2d_4/convolution,2,9.37996,8.88997,8.88997
conv2d_5/convolution,2,9.71997,9.24998,9.23999
max_pooling2d_2/MaxPool,2,9.94997,9.48997,9.46998
mixed0/concat,2,10.3,9.87997,9.80998
mixed1/concat,2,10.66,10.32,10.17
mixed2/concat,2,11.2,10.78,10.72
mixed3/concat,2,11.7456,11.1959,11.2658
mixed4/concat,2,11.78,11.77,11.78
mixed5/concat,2,12.3499,12.3399,12.3399
mixed6/concat,2,12.8399,12.83,12.83
mixed7/concat,2,13.5099,13.51,13.51
mixed8/concat,2,13.8099,13.81,13.81
mixed9/concat,2,14.1199,14.1199,14.1199
mixed10/concat,2,14.6999,14.7,14.7
dense_2/Softmax:0,2,14.75
input_1,3,0,5.47998,5.47998,5.47999
conv2d_1/convolution,3,6.04997,5.54998,5.54999,5.55999
conv2d_2/convolution,3,6.23998,5.74998,5.74998,5.74999
conv2d_3/convolution,3,6.51997,6.02998,6.02998,6.02999
max_pooling2d_1/MaxPool,3,6.67998,6.19998,6.19998,6.19998
conv2d_4/convolution,3,6.76997,6.27997,6.27999,6.27999
conv2d_5/convolution,3,7.12996,6.67996,6.66996,6.64997
max_pooling2d_2/MaxPool,3,7.29997,6.82997,6.82997,6.80999
mixed0/concat,3,7.65996,7.21996,7.22996,7.16997
mixed1/concat,3,8.05997,7.60997,7.61998,7.57999
mixed2/concat,3,8.60997,8.18998,8.16998,8.12998
mixed3/concat,3,9.06996,8.61996,8.60998,8.58999
mixed4/concat,3,9.24995,9.23995,9.23997,9.23998
mixed5/concat,3,9.93996,9.92996,9.92997,9.92998
mixed6/concat,3,10.86,10.85,10.85,10.85
mixed7/concat,3,12.04,12.03,12.03,12.03
mixed8/concat,3,12.6199,12.6099,12.61,12.61
mixed9/concat,3,13.3699,13.3699,13.3699,13.37
mixed10/concat,3,14.5399,14.5399,14.5399,14.54
dense_2/Softmax:0,3,14.7
input_1,4,0,4.13999,4.12999,4.13999,4.14999
conv2d_1/convolution,4,4.69997,4.21998,4.20999,4.21999,4.20999
conv2d_2/convolution,4,4.83997,4.33998,4.34998,4.34999,4.34999
conv2d_3/convolution,4,5.06997,4.57998,4.56998,4.57999,4.57999
max_pooling2d_1/MaxPool,4,5.21997,4.75997,4.75999,4.75999,4.73999
conv2d_4/convolution,4,5.24993,4.77993,4.76994,4.76994,4.75994
conv2d_5/convolution,4,5.63997,5.19997,5.20998,5.17999,5.14999
max_pooling2d_2/MaxPool,4,5.75997,5.29997,5.28997,5.27999,5.26999
mixed0/concat,4,6.11996,5.65997,5.62997,5.63997,5.62999
mixed1/concat,4,6.49996,5.98997,5.99998,5.99998,6.01999
mixed2/concat,4,7.01997,6.49997,6.49997,6.48998,6.53998
mixed3/concat,4,7.42996,6.97996,6.98996,6.98998,6.94998
mixed4/concat,4,7.56997,7.55998,7.55998,7.55998,7.55998
mixed5/concat,4,8.38996,8.37996,8.37996,8.37996,8.37998
mixed6/concat,4,9.37995,9.36995,9.36996,9.36997,9.36998
mixed7/concat,4,10.8399,10.8399,10.83,10.83,10.83
mixed8/concat,4,11.6699,11.6699,11.6699,11.67,11.67
mixed9/concat,4,12.7399,12.7399,12.74,12.74,12.74
mixed10/concat,4,14.4499,14.4499,14.45,14.45,14.45
dense_2/Softmax:0,4,14.59
input_1,1,0,14.71
conv2d_1/convolution,1,15.08,14.59
conv2d_2/convolution,1,15.0999,14.6099
conv2d_3/convolution,1,15.1399,14.65
max_pooling2d_1/MaxPool,1,15.56,15.08
conv2d_4/convolution,1,15.47,14.98
conv2d_5/convolution,1,15.46,14.98
max_pooling2d_2/MaxPool,1,15.78,15.3
mixed0/concat,1,15.9199,15.4399
mixed1/concat,1,15.81,15.33
mixed2/concat,1,16.07,15.58
mixed3/concat,1,16.18,15.71
mixed4/concat,1,16.03,16.02
mixed5/concat,1,15.84,15.84
mixed6/concat,1,15.6299,15.62
mixed7/concat,1,15.44,15.43
mixed8/concat,1,15.1999,15.1899
mixed9/concat,1,14.9799,14.98
mixed10/concat,1,14.8,14.8
dense_2/Softmax:0,1,14.77
input_1,2,0,8.06999,8.06999
conv2d_1/convolution,2,8.53989,8.0499,8.0499
conv2d_2/convolution,2,8.80998,8.31998,8.31998
conv2d_3/convolution,2,8.99997,8.51997,8.51997
max_pooling2d_1/MaxPool,2,9.34998,8.84998,8.85999
conv2d_4/convolution,2,9.33995,8.86995,8.85996
conv2d_5/convolution,2,9.73996,9.25996,9.24997
max_pooling2d_2/MaxPool,2,9.96995,9.50995,9.47998
mixed0/concat,2,10.3,9.91997,9.81998
mixed1/concat,2,10.6799,10.3199,10.1899
mixed2/concat,2,11.22,10.82,10.74
mixed3/concat,2,11.6599,11.1499,11.1899
mixed4/concat,2,11.7899,11.78,11.78
mixed5/concat,2,12.3099,12.3,12.3
mixed6/concat,2,12.82,12.81,12.81
mixed7/concat,2,13.52,13.51,13.51
mixed8/concat,2,13.7599,13.7499,13.75
mixed9/concat,2,14.04,14.03,14.03
mixed10/concat,2,14.6099,14.6099,14.61
dense_2/Softmax:0,2,14.72
input_1,3,0,5.47997,5.47997,5.47997
conv2d_1/convolution,3,6.01999,5.52999,5.52999,5.52999
conv2d_2/convolution,3,6.20997,5.71997,5.71997,5.71998
conv2d_3/convolution,3,6.47998,5.98998,5.98999,5.98999
input_1,4,0,4.37999,4.37999,4.37999,4.36999
conv2d_1/convolution,4,4.78998,4.29998,4.29999,4.29999,4.29999
conv2d_2/convolution,4,4.90999,4.41999,4.40999,4.39999,4.41999
conv2d_3/convolution,4,5.12998,4.65999,4.63999,4.65999,4.63999
max_pooling2d_1/MaxPool,4,5.24999,4.78999,4.78999,4.77999,4.76999
conv2d_4/convolution,4,5.24999,4.79999,4.77999,4.78999,4.76999
conv2d_5/convolution,4,5.60998,5.15999,5.13999,5.13999,5.11999
max_pooling2d_2/MaxPool,4,5.77998,5.33998,5.32999,5.32999,5.29999
mixed0/concat,4,6.06998,5.58999,5.59999,5.58999,5.58999
mixed1/concat,4,6.50998,5.97999,6.01999,6.00999,6.02999
mixed2/concat,4,6.99998,6.47998,6.47998,6.45999,6.51999
mixed3/concat,4,7.38998,6.95998,6.94998,6.94998,6.90999
mixed4/concat,4,7.59998,7.58998,7.58999,7.58999,7.58999
mixed5/concat,4,8.40997,8.39997,8.39997,8.39999,8.39999
mixed6/concat,4,9.38997,9.37997,9.37999,9.37999,9.37999
mixed7/concat,4,10.88,10.88,10.88,10.88,10.88
mixed8/concat,4,11.67,11.67,11.66,11.67,11.67
mixed9/concat,4,12.7199,12.7199,12.7199,12.7099,12.7099
mixed10/concat,4,14.3499,14.3499,14.35,14.35,14.35
dense_2/Softmax:0,4,14.73
input_1,5,0,3.29999,3.31999,3.30999,3.30999,3.31999
conv2d_1/convolution,5,3.84998,3.34998,3.35999,3.35999,3.35999,3.36
conv2d_2/convolution,5,3.97998,3.44998,3.45998,3.46999,3.47999,3.48999
conv2d_3/convolution,5,4.18998,3.68998,3.67999,3.68999,3.67999,3.70999
max_pooling2d_1/MaxPool,5,4.32997,3.84997,3.84998,3.83998,3.83999,3.84999
conv2d_4/convolution,5,4.31998,3.84998,3.83998,3.83999,3.82999,3.82999
conv2d_5/convolution,5,4.65997,4.14997,4.13998,4.15998,4.14999,4.16999
max_pooling2d_2/MaxPool,5,4.82998,4.32998,4.32999,4.31999,4.30999,4.34999
mixed0/concat,5,5.06998,4.59998,4.57998,4.59998,4.57999,4.58999
mixed1/concat,5,5.37997,4.95997,4.98998,4.98999,4.96999,4.88999
mixed2/concat,5,5.89996,5.34997,5.35998,5.35998,5.36999,5.40999
mixed3/concat,5,6.31998,5.81998,5.80998,5.78998,5.81999,5.83999
mixed4/concat,5,6.45996,6.44996,6.44997,6.44997,6.44998,6.44998
mixed5/concat,5,7.23997,7.22997,7.22998,7.22998,7.22999,7.22999
mixed6/concat,5,8.21995,8.20995,8.20995,8.20997,8.20998,8.20998
mixed7/concat,5,9.87994,9.86995,9.86996,9.86997,9.86998,9.86998
mixed8/concat,5,10.8495,10.8495,10.8495,10.8495,10.8495,10.85
mixed9/concat,5,12.15,12.15,12.15,12.15,12.15,12.15
mixed10/concat,5,14.2899,14.2899,14.2899,14.2899,14.29,14.29
dense_2/Softmax:0,5,14.49
input_1,6,0,2.75998,2.73999,2.74999,2.73999,2.73999,2.75999
conv2d_1/convolution,6,3.27998,2.79998,2.78998,2.77999,2.78999,2.78999,2.79
conv2d_2/convolution,6,3.40998,2.91998,2.91998,2.90998,2.90999,2.91999,2.91999
conv2d_3/convolution,6,3.58998,3.08998,3.07999,3.06999,3.06999,3.09,3.1
max_pooling2d_1/MaxPool,6,3.71998,3.19999,3.20999,3.21999,3.21999,3.20999,3.22999
conv2d_4/convolution,6,3.72998,3.23998,3.23999,3.23999,3.24999,3.23999,3.24
conv2d_5/convolution,6,3.98998,3.50998,3.52998,3.49999,3.48999,3.51999,3.50999
max_pooling2d_2/MaxPool,6,4.12997,3.66998,3.64998,3.64998,3.64999,3.65999,3.64999
mixed0/concat,6,4.40997,3.88998,3.90998,3.87998,3.90999,3.89999,3.91999
mixed1/concat,6,4.71997,4.22997,4.23997,4.21998,4.27999,4.20999,4.23999
mixed2/concat,6,5.07997,4.62997,4.61998,4.61998,4.59999,4.59999,4.59999
mixed3/concat,6,5.52996,5.06997,5.04998,5.06998,5.05999,5.05999,5.04999
mixed4/concat,6,5.59995,5.59995,5.59996,5.59998,5.58998,5.58999,5.59999
mixed5/concat,6,6.35995,6.34995,6.34997,6.34997,6.34998,6.34999,6.34999
mixed6/concat,6,7.33957,7.32958,7.32997,7.32997,7.32998,7.32998,7.32998
mixed7/concat,6,9.08993,9.07993,9.07994,9.07996,9.07997,9.07999,9.07999
mixed8/concat,6,10.1799,10.1699,10.17,10.17,10.17,10.17,10.17
mixed9/concat,6,11.6999,11.6999,11.6999,11.7,11.7,11.7,11.7
mixed10/concat,6,14.1593,14.1593,14.1593,14.1593,14.16,14.16,14.16
dense_2/Softmax:0,6,14.68
input_1,7,0,2.35998,2.34998,2.34999,2.34999,2.35,2.36,2.36
conv2d_1/convolution,7,2.88996,2.38997,2.38998,2.39998,2.39998,2.38998,2.38998,2.39999
conv2d_2/convolution,7,3.01999,2.50999,2.49999,2.49999,2.51,2.5,2.51,2.53
conv2d_3/convolution,7,3.13978,2.65981,2.64982,2.64998,2.65999,2.65999,2.64999,2.64999
max_pooling2d_1/MaxPool,7,3.26998,2.77998,2.78999,2.79999,2.76999,2.8,2.79,2.78
conv2d_4/convolution,7,3.25997,2.77998,2.76998,2.77998,2.78998,2.76999,2.76999,2.76999
conv2d_5/convolution,7,3.51998,3.03999,3.03999,3.02999,3.04999,3.03999,3.04999,3.03
max_pooling2d_2/MaxPool,7,3.64997,3.16997,3.17998,3.17998,3.16998,3.16998,3.17998,3.15999
mixed0/concat,7,3.86997,3.42998,3.37998,3.38999,3.37999,3.37999,3.36999,3.38
mixed1/concat,7,4.15996,3.65996,3.68997,3.66998,3.68998,3.67998,3.66998,3.66999
mixed2/concat,7,4.54998,4.05998,4.04998,4.05998,4.04999,4.05999,4.08999,4.06999
mixed3/concat,7,4.87995,4.40996,4.40996,4.38997,4.36998,4.39998,4.38998,4.39998
mixed4/concat,7,4.97997,4.95997,4.96998,4.96998,4.95999,4.93999,4.95999,4.95999
mixed5/concat,7,5.65995,5.64995,5.64996,5.64996,5.64997,5.64997,5.64997,5.64998
mixed6/concat,7,6.68996,6.67996,6.67998,6.67998,6.67999,6.67999,6.67999,6.67999
mixed7/concat,7,8.39994,8.38994,8.38994,8.38994,8.38995,8.38996,8.38996,8.38997
mixed8/concat,7,9.48996,9.47996,9.47997,9.47997,9.47998,9.47998,9.47998,9.47998
mixed9/concat,7,11.2299,11.2299,11.2199,11.2199,11.2199,11.2199,11.2199,11.22
mixed10/concat,7,14.0994,14.0994,14.0994,14.1,14.1,14.1,14.1,14.1
dense_2/Softmax:0,7,14.83
input_1,8,0,2.04998,2.04998,2.04999,2.04999,2.04999,2.04999,2.04999,2.04999
conv2d_1/convolution,8,2.56997,2.09998,2.08999,2.08999,2.08999,2.08999,2.08999,2.08999,2.08999
conv2d_2/convolution,8,2.64998,2.17998,2.19998,2.17999,2.18999,2.18999,2.18999,2.17999,2.16999
conv2d_3/convolution,8,2.80998,2.35998,2.33998,2.33999,2.34999,2.32999,2.34999,2.33999,2.32999
max_pooling2d_1/MaxPool,8,2.87997,2.40998,2.41998,2.39998,2.40999,2.40999,2.41999,2.39999,2.38999
conv2d_4/convolution,8,2.89998,2.45999,2.45999,2.44999,2.45999,2.45999,2.45999,2.45999,2.40999
conv2d_5/convolution,8,3.13998,2.64998,2.68998,2.67998,2.65999,2.65999,2.67999,2.65999,2.64999
max_pooling2d_2/MaxPool,8,3.23998,2.76998,2.78999,2.80999,2.77999,2.78999,2.74999,2.77999,2.74999
mixed0/concat,8,3.41997,2.96997,2.98997,2.95998,2.99998,2.97998,3.00998,2.97999,2.93999
mixed1/concat,8,3.71997,3.26998,3.27998,3.30998,3.31999,3.24999,3.25999,3.26999,3.22999
mixed2/concat,8,4.05996,3.59997,3.60997,3.57998,3.58998,3.61998,3.59998,3.59999,3.56999
mixed3/concat,8,4.43997,3.94997,3.89998,3.89998,3.89999,3.91999,3.94999,3.91999,3.95999
mixed4/concat,8,4.50996,4.41996,4.37996,4.46997,4.39998,4.39998,4.44998,4.38998,4.46999
mixed5/concat,8,5.12996,5.11996,5.11998,5.11998,5.11998,5.11998,5.11998,5.11999,5.11999
mixed6/concat,8,6.07995,6.06995,6.06995,6.06996,6.06997,6.06997,6.06997,6.06998,6.06998
mixed7/concat,8,7.82995,7.81995,7.81996,7.81997,7.81997,7.81998,7.81998,7.81998,7.81998
mixed8/concat,8,8.94991,8.94991,8.94994,8.93994,8.93995,8.93995,8.93995,8.93996,8.93998
mixed9/concat,8,10.8299,10.8299,10.8299,10.8299,10.83,10.83,10.83,10.83,10.83
mixed10/concat,8,14.1599,14.1599,14.1599,14.1599,14.1599,14.1599,14.1599,14.1599,14.16
dense_2/Softmax:0,8,14.7
