10,1,10.1561289017
10,1,9.87340356753
10,1,8.33403308575
10,2,9.28889854138
10,3,14.8551979799
10,4,14.237449701
10,5,13.2108373459
10,6,11.9635374546
10,7,10.704556887
10,8,9.50649850185
10,9,8.43307649172
10,10,7.64091551304
10,11,6.69386187884
10,12,7.31455285733
10,13,21.7842390721
10,14,17.2753107731
10,15,14.0551970372
10,16,12.5949971676
10,17,10.124454645
10,18,8.34360178617
10,19,7.02861886758
10,20,7.52794262079
10,21,6.13881705357
10,22,5.37867043569
10,23,5.11473069741
10,24,35.6327045881
10,25,29.7633593633
10,26,26.6654933783
10,27,23.3256763312
10,28,18.8192042938
10,29,15.1303683244
10,30,14.1013952035
10,31,13.872620931
10,32,14.2340267071
10,33,16.4101117758
10,34,13.4095729314
10,35,9.98192809178
10,36,7.94013971549
10,37,5.87466975359
10,38,5.18657923662
10,39,5.23662364483
10,40,4.68538156381
10,41,7.29623225102
10,42,5.44271038129
10,43,7.87288751052
10,44,4.8474329114
10,45,3.37750468804
10,46,3.13671918099
10,47,3.14043090894
10,48,18.9898870541
10,49,15.0223269279
10,50,12.5032597505
10,1,8.12423159526
10,2,5.73145445494
10,3,4.85155275235
10,4,4.01698622337
10,5,3.68477215217
10,6,3.67648171462
10,7,3.9507074677
10,8,26.5287816708
10,9,20.2631483445
10,10,14.0608337109
10,11,11.8699838565
10,12,8.27612394553
10,13,9.0873733117
10,14,6.12191534959
10,15,4.70733519701
10,16,5.42672889966
10,17,5.7600810161
10,18,7.42879032172
10,19,8.29933487452
10,20,11.284126942
10,21,9.32950724088
10,22,10.0935759728
30,1,8.76285226528
30,2,12.4583394894
30,3,13.7785644898
30,4,13.3675796435
30,5,12.4487289649
30,6,11.4625351429
30,7,11.028152851
30,8,10.0933954532
30,9,9.24741458893
30,10,8.40997198912
30,11,7.61474743256
30,12,7.23415679198
30,13,6.6029356443
30,14,5.71616747746
30,15,5.65683491413
30,16,4.89428473436
30,17,5.6892380531
30,18,5.41396372593
30,19,5.03493382381
30,20,4.36837936365
30,21,5.22173198828
30,22,4.44849230234
30,23,12.9043275943
30,24,8.25282445321
30,25,6.47157291266
30,26,5.6109419786
30,27,4.68026260229
30,28,5.10749716025
30,29,4.43962191618
30,30,4.36431717873
30,31,4.32155771897
30,32,3.73269966474
30,33,3.46016121828
30,34,3.84270608884
30,35,3.89731050913
30,36,12.3243492016
30,37,7.79918527603
30,38,5.96856633516
30,39,5.28683165404
30,40,4.21755074996
30,41,3.89790750008
30,42,3.92323460029
30,43,3.36560625755
30,44,3.26863796894
30,45,3.74709883562
30,46,3.99732444837
30,47,3.34825149866
30,48,3.67480025383
30,49,3.64537785145
30,50,4.79374140043
30,1,3.3882510387
30,2,3.20634374252
30,3,3.21515727502
30,4,3.47407029684
30,5,3.15141805777
30,6,3.75737795921
30,7,4.65344944826
30,8,3.29752983955
30,9,4.52906353199
30,10,3.43493744043
30,11,3.33444726926
30,12,3.09756192794
30,13,3.21749246579
30,14,3.79083616917
30,15,3.51165081446
30,16,5.11048848812
30,17,4.03431477913
30,18,3.78458507244
