0,0.900021276596,18800,1880,0.0
5,0.9,18800,1880,0.0
10,0.553404255319,18800,1880,0.0
15,0.900021276596,18800,1880,0.0
20,0.900005319149,18800,1880,0.0
25,0.897659574468,18800,1880,0.0
30,0.887377659574,18800,1880,0.0
35,0.883212765957,18800,1880,0.0
40,0.894085106383,18800,1880,0.0
45,0.892388297872,18800,1880,0.0
50,0.895909574468,18800,1880,0.0
55,0.885090425532,18800,1880,0.0
60,0.893510638298,18800,1880,0.0
65,0.856292553192,18800,1880,0.0
70,0.879228723404,18800,1880,0.0
0,0.900021276596,18800,1880,0.001
5,0.9,18800,1880,0.001
10,0.553404255319,18800,1880,0.001
15,0.900021276596,18800,1880,0.001
20,0.900005319149,18800,1880,0.001
25,0.899932624114,8552,1880,0.001
30,0.887377659574,18572,1880,0.001
35,0.883375591017,16879,1880,0.001
40,0.908085760723,6720,1880,0.001
45,0.89368768997,11499,1880,0.001
50,0.902232417258,9292,1880,0.001
55,0.885090425532,18724,1880,0.001
60,0.894694444444,12899,1880,0.001
65,0.856574468085,14116,1880,0.001
70,0.879228723404,18744,1880,0.001
0,1.0,0,1880,0.002
5,1.0,0,1880,0.002
10,0.591010638298,9583,1880,0.002
15,0.998936170213,24,1880,0.002
20,0.900005319149,18800,1880,0.002
25,0.914521276596,3573,1880,0.002
30,0.888080378251,11757,1880,0.002
35,0.887072695035,10747,1880,0.002
25,0.936569148936,1930,1880,0.003
40,0.949026595745,1441,1880,0.004
35,0.908086879433,4633,1880,0.005
55,0.888648408477,10229,1880,0.005
