0,0.9,18800,1880,0.0
5,0.900005319149,18800,1880,0.0
10,0.900010638298,18800,1880,0.0
15,0.900010638298,18800,1880,0.0
20,0.900031914894,18800,1880,0.0
25,0.90004787234,18800,1880,0.0
30,0.85453921817,18800,1880,0.0
35,0.781029170888,18800,1880,0.0
40,0.847747847011,18800,1880,0.0
45,0.813780901722,18800,1880,0.0
50,0.83898733536,18800,1880,0.0
55,0.763362166498,18800,1880,0.0
60,0.84455886947,18800,1880,0.0
65,0.786732649443,18800,1880,0.0
70,0.826659954407,18800,1880,0.0
0,0.9,18800,1880,0.001
5,0.900005319149,18800,1880,0.001
10,0.900010638298,18800,1880,0.001
15,0.900010638298,18800,1880,0.001
20,0.900031914894,18800,1880,0.001
25,0.90004787234,18800,1880,0.001
30,0.85453921817,18305,1880,0.001
35,0.781029170888,18800,1880,0.001
40,0.847907421479,16004,1880,0.001
45,0.813780901722,18800,1880,0.001
50,0.839747593718,15611,1880,0.001
55,0.763362166498,18800,1880,0.001
60,0.844554141337,17201,1880,0.001
65,0.7867893026,17914,1880,0.001
70,0.826713145897,18573,1880,0.001
0,0.9,18793,1880,0.002
5,0.900005319149,18800,1880,0.002
10,0.900010638298,18800,1880,0.002
15,0.900010638298,18800,1880,0.002
20,0.900031914894,18800,1880,0.002
25,0.90004787234,18800,1880,0.002
30,0.855498269166,13141,1880,0.002
35,0.781029170888,18762,1880,0.002
40,0.85126350895,8872,1880,0.002
45,0.813780901722,18725,1880,0.002
50,0.844779107565,8919,1880,0.002
55,0.763362166498,18640,1880,0.002
60,0.846834874198,11537,1880,0.002
65,0.788082045762,12498,1880,0.002
70,0.826934017224,15657,1880,0.002
0,0.9,18785,1880,0.003
5,0.900005319149,18800,1880,0.003
10,0.900010638298,18800,1880,0.003
15,0.900010638298,18800,1880,0.003
20,0.900031914894,18766,1880,0.003
25,0.90004787234,18788,1880,0.003
30,0.858604441067,9292,1880,0.003
35,0.781137833502,16521,1880,0.003
40,0.860473552009,5412,1880,0.003
45,0.813780901722,18354,1880,0.003
50,0.851809228301,6107,1880,0.003
55,0.763468549477,17930,1880,0.003
60,0.851793038669,8207,1880,0.003
65,0.791932455252,8559,1880,0.003
70,0.828501899696,12055,1880,0.003
0,0.920212765957,7798,1880,0.004
5,0.966117021277,2928,1880,0.004
10,0.900010638298,18800,1880,0.004
15,0.900010638298,18800,1880,0.004
20,0.926994680851,8433,1880,0.004
25,0.914733599291,12130,1880,0.004
30,0.863414112631,6998,1880,0.004
35,0.782052938197,12508,1880,0.004
40,0.872948708207,3768,1880,0.004
45,0.81394047619,17533,1880,0.004
50,0.860567080378,4607,1880,0.004
55,0.763736786559,16717,1880,0.004
60,0.858190075144,6333,1880,0.004
65,0.798050447484,6346,1880,0.004
70,0.831347116684,9463,1880,0.004
0,0.999946808511,2,1880,0.005
5,0.981755319149,576,1880,0.005
10,0.900010638298,18800,1880,0.005
15,0.908838652482,12409,1880,0.005
20,0.940884308511,5422,1880,0.005
25,0.918284785545,10461,1880,0.005
30,0.868875211077,5503,1880,0.005
35,0.785864868288,9413,1880,0.005
40,0.881424603175,3007,1880,0.005
45,0.814314146403,16439,1880,0.005
50,0.86759295846,3808,1880,0.005
55,0.76433755488,15224,1880,0.005
60,0.864410038838,5168,1880,0.005
65,0.80378427896,5218,1880,0.005
70,0.834582868963,7704,1880,0.005
