0,1,0.2594,0.9545,0.6586,0.5850
0,2,0.2201,0.9455,0.6442,0.5975
0,3,0.1999,0.9545,0.6423,0.6000
0,4,0.1869,0.9545,0.6412,0.6050
0,5,0.1773,0.9636,0.6397,0.6075
0,6,0.1699,0.9636,0.6384,0.6125
0,7,0.1638,0.9636,0.6372,0.6175
0,8,0.1587,0.9636,0.6362,0.6225
0,9,0.1544,0.9727,0.6352,0.6225
0,10,0.1506,0.9727,0.6343,0.6225
0,11,0.1472,0.9818,0.6336,0.6250
0,12,0.1442,0.9818,0.6328,0.6250
0,13,0.1415,0.9818,0.6322,0.6250
0,14,0.1390,0.9818,0.6316,0.6250
0,15,0.1367,0.9818,0.6310,0.6350
0,16,0.1346,0.9818,0.6304,0.6350
0,17,0.1326,0.9818,0.6299,0.6375
0,18,0.1308,0.9818,0.6294,0.6375
0,19,0.1291,0.9818,0.6289,0.6375
0,20,0.1275,0.9818,0.6284,0.6375
3,1,0.2595,0.9545,0.6571,0.5850
3,2,0.2201,0.9455,0.6431,0.5950
3,3,0.1998,0.9545,0.6414,0.6000
3,4,0.1867,0.9545,0.6402,0.6075
3,5,0.1771,0.9636,0.6387,0.6100
3,6,0.1697,0.9636,0.6374,0.6175
0,1,0.2591,0.9545,0.6581,0.5825
0,2,0.2199,0.9455,0.6436,0.5975
0,3,0.1996,0.9545,0.6418,0.6000
0,4,0.1866,0.9545,0.6408,0.6075
0,5,0.1770,0.9636,0.6392,0.6125
0,6,0.1696,0.9636,0.6378,0.6175
0,7,0.1635,0.9636,0.6366,0.6225
0,8,0.1585,0.9636,0.6356,0.6225
0,9,0.1541,0.9727,0.6346,0.6250
0,10,0.1503,0.9818,0.6338,0.6250
0,11,0.1469,0.9818,0.6330,0.6275
0,12,0.1439,0.9818,0.6323,0.6300
0,13,0.1412,0.9818,0.6316,0.6300
0,14,0.1387,0.9818,0.6310,0.6350
0,15,0.1364,0.9818,0.6304,0.6400
0,16,0.1343,0.9818,0.6298,0.6400
0,17,0.1324,0.9818,0.6293,0.6400
0,18,0.1305,0.9818,0.6288,0.6400
0,19,0.1289,0.9818,0.6283,0.6400
0,20,0.1273,0.9818,0.6279,0.6425
0,21,0.1258,0.9818,0.6274,0.6450
0,22,0.1244,0.9818,0.6270,0.6425
0,23,0.1230,0.9818,0.6267,0.6450
0,24,0.1218,0.9909,0.6263,0.6450
0,25,0.1206,0.9909,0.6260,0.6450
0,26,0.1194,0.9909,0.6256,0.6450
0,27,0.1183,0.9909,0.6253,0.6450
0,28,0.1173,0.9909,0.6250,0.6450
0,29,0.1163,0.9909,0.6247,0.6450
0,30,0.1153,0.9909,0.6244,0.6450
0,31,0.1144,0.9909,0.6241,0.6475
0,32,0.1135,0.9909,0.6238,0.6475
0,33,0.1127,0.9909,0.6236,0.6475
0,34,0.1118,0.9909,0.6233,0.6475
0,35,0.1110,0.9909,0.6230,0.6475
0,36,0.1103,0.9909,0.6228,0.6475
0,37,0.1095,0.9909,0.6225,0.6500
0,38,0.1088,0.9909,0.6223,0.6500
0,39,0.1081,0.9909,0.6221,0.6500
0,40,0.1074,0.9909,0.6218,0.6500
3,1,0.2597,0.9545,0.6573,0.5825
3,2,0.2202,0.9455,0.6435,0.5950
3,3,0.1999,0.9545,0.6416,0.6000
3,4,0.1868,0.9545,0.6405,0.6050
3,5,0.1773,0.9636,0.6390,0.6125
3,6,0.1698,0.9636,0.6376,0.6150
3,7,0.1638,0.9636,0.6363,0.6225
3,8,0.1587,0.9727,0.6353,0.6225
3,9,0.1543,0.9727,0.6343,0.6250
3,10,0.1505,0.9727,0.6335,0.6275
3,11,0.1472,0.9818,0.6327,0.6275
3,12,0.1441,0.9818,0.6320,0.6275
3,13,0.1414,0.9818,0.6314,0.6275
3,14,0.1389,0.9818,0.6308,0.6325
3,15,0.1367,0.9818,0.6302,0.6375
3,16,0.1346,0.9818,0.6297,0.6350
3,17,0.1326,0.9818,0.6291,0.6350
3,18,0.1308,0.9818,0.6287,0.6350
3,19,0.1291,0.9818,0.6282,0.6375
3,20,0.1275,0.9818,0.6278,0.6375
3,21,0.1260,0.9818,0.6274,0.6400
3,22,0.1246,0.9818,0.6270,0.6400
3,23,0.1233,0.9818,0.6266,0.6450
3,24,0.1220,0.9909,0.6262,0.6450
3,25,0.1208,0.9909,0.6259,0.6450
3,26,0.1197,0.9909,0.6256,0.6450
3,27,0.1186,0.9909,0.6252,0.6450
3,28,0.1175,0.9909,0.6249,0.6450
3,29,0.1165,0.9909,0.6246,0.6475
3,30,0.1156,0.9909,0.6243,0.6500
3,31,0.1146,0.9909,0.6241,0.6500
3,32,0.1138,0.9909,0.6238,0.6500
3,33,0.1129,0.9909,0.6235,0.6500
3,34,0.1121,0.9909,0.6233,0.6500
3,35,0.1113,0.9909,0.6230,0.6500
3,36,0.1105,0.9909,0.6228,0.6500
3,37,0.1098,0.9909,0.6226,0.6500
3,38,0.1090,0.9909,0.6223,0.6500
3,39,0.1083,0.9909,0.6221,0.6500
3,40,0.1077,0.9909,0.6219,0.6500
9,1,0.2598,0.9545,0.6576,0.5775
9,2,0.2202,0.9455,0.6433,0.5925
9,3,0.1999,0.9545,0.6414,0.6000
9,4,0.1868,0.9636,0.6402,0.6100
9,5,0.1772,0.9636,0.6387,0.6100
9,6,0.1698,0.9636,0.6374,0.6150
9,7,0.1637,0.9636,0.6362,0.6200
9,8,0.1587,0.9636,0.6351,0.6225
9,9,0.1543,0.9727,0.6341,0.6250
9,10,0.1505,0.9727,0.6333,0.6275
9,11,0.1472,0.9818,0.6325,0.6300
9,12,0.1442,0.9818,0.6317,0.6300
9,13,0.1414,0.9818,0.6311,0.6325
9,14,0.1390,0.9818,0.6304,0.6325
9,15,0.1367,0.9818,0.6298,0.6350
9,16,0.1346,0.9818,0.6292,0.6350
9,17,0.1327,0.9818,0.6287,0.6350
9,18,0.1308,0.9818,0.6282,0.6350
9,19,0.1292,0.9818,0.6277,0.6350
9,20,0.1276,0.9818,0.6272,0.6400
9,21,0.1261,0.9818,0.6268,0.6400
9,22,0.1247,0.9818,0.6263,0.6425
9,23,0.1233,0.9818,0.6259,0.6450
9,24,0.1221,0.9909,0.6255,0.6450
9,25,0.1208,0.9909,0.6252,0.6450
9,26,0.1197,0.9909,0.6248,0.6450
9,27,0.1186,0.9909,0.6245,0.6450
9,28,0.1175,0.9909,0.6242,0.6450
9,29,0.1165,0.9909,0.6239,0.6500
9,30,0.1156,0.9909,0.6236,0.6500
9,31,0.1147,0.9909,0.6233,0.6500
9,32,0.1138,0.9909,0.6231,0.6500
9,33,0.1129,0.9909,0.6228,0.6500
9,34,0.1121,0.9909,0.6225,0.6525
9,35,0.1113,0.9909,0.6223,0.6525
9,36,0.1105,0.9909,0.6220,0.6525
9,37,0.1098,0.9909,0.6218,0.6500
9,38,0.1090,0.9909,0.6215,0.6500
9,39,0.1083,0.9909,0.6213,0.6500
9,40,0.1077,0.9909,0.6211,0.6500
15,1,0.2604,0.9545,0.6579,0.5775
15,2,0.2209,0.9455,0.6435,0.5950
15,3,0.2006,0.9545,0.6415,0.6025
15,4,0.1875,0.9636,0.6404,0.6100
15,5,0.1780,0.9636,0.6388,0.6125
15,6,0.1705,0.9636,0.6375,0.6175
15,7,0.1645,0.9636,0.6363,0.6200
15,8,0.1594,0.9636,0.6352,0.6225
15,9,0.1550,0.9636,0.6343,0.6250
15,10,0.1512,0.9727,0.6334,0.6275
15,11,0.1478,0.9818,0.6326,0.6300
15,12,0.1448,0.9818,0.6319,0.6300
15,13,0.1421,0.9818,0.6312,0.6300
15,14,0.1396,0.9818,0.6306,0.6325
15,15,0.1373,0.9818,0.6300,0.6325
15,16,0.1352,0.9818,0.6295,0.6325
15,17,0.1332,0.9818,0.6290,0.6350
15,18,0.1314,0.9818,0.6285,0.6375
15,19,0.1297,0.9818,0.6280,0.6375
15,20,0.1281,0.9818,0.6276,0.6400
15,21,0.1266,0.9818,0.6272,0.6425
15,22,0.1252,0.9818,0.6268,0.6425
15,23,0.1239,0.9818,0.6265,0.6425
15,24,0.1226,0.9818,0.6261,0.6425
15,25,0.1214,0.9818,0.6258,0.6450
15,26,0.1202,0.9818,0.6255,0.6450
15,27,0.1191,0.9818,0.6252,0.6475
15,28,0.1181,0.9909,0.6249,0.6475
15,29,0.1171,0.9909,0.6246,0.6500
15,30,0.1161,0.9909,0.6243,0.6500
15,31,0.1152,0.9909,0.6240,0.6500
15,32,0.1143,0.9909,0.6238,0.6525
15,33,0.1134,0.9909,0.6235,0.6525
15,34,0.1126,0.9909,0.6233,0.6525
15,35,0.1118,0.9909,0.6230,0.6525
15,36,0.1110,0.9909,0.6228,0.6525
15,37,0.1103,0.9909,0.6226,0.6525
15,38,0.1096,0.9909,0.6224,0.6525
15,39,0.1089,0.9909,0.6221,0.6525
15,40,0.1082,0.9909,0.6219,0.6525
21,1,0.2624,0.9545,0.6583,0.5800
21,2,0.2227,0.9455,0.6441,0.5950
21,3,0.2023,0.9545,0.6423,0.6050
21,4,0.1892,0.9545,0.6412,0.6100
21,5,0.1796,0.9636,0.6397,0.6125
21,6,0.1721,0.9636,0.6384,0.6150
21,7,0.1660,0.9636,0.6372,0.6200
21,8,0.1609,0.9636,0.6361,0.6225
21,9,0.1565,0.9636,0.6352,0.6250
21,10,0.1527,0.9636,0.6343,0.6275
21,11,0.1493,0.9818,0.6335,0.6275
21,12,0.1462,0.9818,0.6328,0.6300
21,13,0.1435,0.9818,0.6322,0.6300
21,14,0.1410,0.9818,0.6316,0.6300
21,15,0.1387,0.9818,0.6310,0.6300
21,16,0.1366,0.9818,0.6305,0.6300
21,17,0.1347,0.9818,0.6300,0.6325
21,18,0.1329,0.9818,0.6295,0.6375
21,19,0.1312,0.9818,0.6290,0.6375
21,20,0.1296,0.9818,0.6286,0.6425
21,21,0.1281,0.9818,0.6282,0.6425
21,22,0.1267,0.9818,0.6278,0.6425
21,23,0.1253,0.9818,0.6274,0.6450
21,24,0.1240,0.9818,0.6271,0.6450
21,25,0.1228,0.9818,0.6267,0.6450
21,26,0.1217,0.9818,0.6264,0.6450
21,27,0.1206,0.9818,0.6261,0.6450
21,28,0.1195,0.9818,0.6258,0.6500
21,29,0.1185,0.9818,0.6255,0.6500
21,30,0.1175,0.9909,0.6252,0.6500
21,31,0.1166,0.9909,0.6250,0.6500
21,32,0.1157,0.9909,0.6247,0.6500
21,33,0.1148,0.9909,0.6244,0.6500
21,34,0.1140,0.9909,0.6242,0.6525
21,35,0.1132,0.9909,0.6239,0.6525
21,36,0.1124,0.9909,0.6237,0.6525
21,37,0.1117,0.9909,0.6235,0.6525
21,38,0.1109,0.9909,0.6233,0.6525
21,39,0.1102,0.9909,0.6231,0.6525
21,40,0.1095,0.9909,0.6228,0.6525
27,1,0.2642,0.9545,0.6579,0.5800
27,2,0.2247,0.9545,0.6434,0.5900
27,3,0.2043,0.9545,0.6417,0.6050
27,4,0.1912,0.9545,0.6405,0.6100
27,5,0.1816,0.9636,0.6390,0.6125
27,6,0.1741,0.9636,0.6376,0.6150
27,7,0.1680,0.9636,0.6364,0.6225
27,8,0.1628,0.9636,0.6353,0.6225
27,9,0.1584,0.9636,0.6344,0.6250
27,10,0.1546,0.9636,0.6336,0.6275
27,11,0.1512,0.9727,0.6328,0.6275
27,12,0.1481,0.9727,0.6321,0.6300
27,13,0.1454,0.9818,0.6315,0.6300
27,14,0.1429,0.9818,0.6309,0.6300
27,15,0.1406,0.9818,0.6304,0.6300
27,16,0.1385,0.9818,0.6298,0.6325
27,17,0.1365,0.9818,0.6293,0.6350
27,18,0.1347,0.9818,0.6289,0.6350
27,19,0.1330,0.9818,0.6284,0.6375
27,20,0.1314,0.9818,0.6280,0.6400
27,21,0.1299,0.9818,0.6276,0.6400
27,22,0.1285,0.9818,0.6272,0.6450
27,23,0.1271,0.9909,0.6268,0.6450
27,24,0.1259,0.9909,0.6265,0.6450
27,25,0.1246,0.9909,0.6261,0.6475
27,26,0.1235,0.9909,0.6258,0.6475
27,27,0.1224,0.9909,0.6255,0.6475
27,28,0.1213,0.9909,0.6252,0.6475
27,29,0.1203,0.9909,0.6249,0.6475
27,30,0.1193,0.9909,0.6246,0.6475
27,31,0.1184,0.9909,0.6243,0.6475
27,32,0.1175,0.9909,0.6241,0.6475
27,33,0.1166,0.9909,0.6239,0.6475
27,34,0.1158,0.9909,0.6236,0.6475
27,35,0.1150,0.9909,0.6234,0.6475
27,36,0.1142,0.9909,0.6231,0.6500
27,37,0.1135,0.9909,0.6229,0.6500
27,38,0.1127,0.9909,0.6227,0.6500
27,39,0.1120,0.9909,0.6225,0.6500
27,40,0.1113,0.9909,0.6223,0.6525
33,1,0.2680,0.9545,0.6571,0.5750
33,2,0.2285,0.9545,0.6421,0.5900
33,3,0.2082,0.9545,0.6401,0.6025
33,4,0.1951,0.9545,0.6389,0.6050
33,5,0.1855,0.9636,0.6374,0.6150
33,6,0.1779,0.9636,0.6361,0.6175
33,7,0.1717,0.9636,0.6349,0.6200
33,8,0.1666,0.9636,0.6339,0.6225
33,9,0.1621,0.9636,0.6330,0.6225
33,10,0.1583,0.9636,0.6322,0.6250
33,11,0.1548,0.9636,0.6315,0.6250
33,12,0.1518,0.9636,0.6308,0.6250
33,13,0.1490,0.9636,0.6302,0.6275
33,14,0.1465,0.9636,0.6297,0.6300
33,15,0.1442,0.9636,0.6291,0.6325
33,16,0.1421,0.9636,0.6287,0.6350
33,17,0.1401,0.9909,0.6282,0.6350
33,18,0.1383,0.9909,0.6278,0.6350
33,19,0.1366,0.9909,0.6274,0.6400
33,20,0.1350,0.9909,0.6270,0.6425
33,21,0.1334,0.9909,0.6267,0.6450
33,22,0.1320,0.9909,0.6263,0.6450
33,23,0.1307,0.9909,0.6260,0.6475
33,24,0.1294,0.9909,0.6257,0.6475
33,25,0.1281,0.9909,0.6254,0.6500
33,26,0.1270,0.9909,0.6251,0.6500
33,27,0.1259,0.9909,0.6248,0.6500
33,28,0.1248,0.9909,0.6245,0.6525
33,29,0.1238,0.9909,0.6242,0.6525
33,30,0.1228,0.9909,0.6239,0.6525
33,31,0.1218,0.9909,0.6237,0.6550
33,32,0.1209,0.9909,0.6234,0.6575
33,33,0.1200,0.9909,0.6232,0.6575
33,34,0.1192,0.9909,0.6230,0.6575
33,35,0.1184,0.9909,0.6227,0.6600
33,36,0.1176,0.9909,0.6225,0.6600
33,37,0.1168,0.9909,0.6223,0.6600
33,38,0.1161,0.9909,0.6221,0.6600
33,39,0.1154,0.9909,0.6219,0.6600
33,40,0.1147,0.9909,0.6217,0.6625
39,1,0.2757,0.9545,0.6562,0.5750
39,2,0.2359,0.9545,0.6410,0.5950
39,3,0.2155,0.9545,0.6387,0.6075
39,4,0.2023,0.9545,0.6375,0.6050
39,5,0.1925,0.9636,0.6361,0.6100
39,6,0.1849,0.9636,0.6349,0.6200
39,7,0.1787,0.9636,0.6339,0.6225
39,8,0.1735,0.9636,0.6330,0.6275
39,9,0.1690,0.9636,0.6321,0.6275
39,10,0.1651,0.9636,0.6314,0.6275
39,11,0.1616,0.9636,0.6307,0.6300
39,12,0.1585,0.9636,0.6301,0.6300
39,13,0.1557,0.9636,0.6295,0.6375
39,14,0.1531,0.9636,0.6290,0.6425
39,15,0.1507,0.9636,0.6285,0.6425
39,16,0.1486,0.9727,0.6280,0.6450
39,17,0.1466,0.9727,0.6276,0.6450
39,18,0.1447,0.9727,0.6272,0.6475
39,19,0.1429,0.9818,0.6269,0.6475
39,20,0.1413,0.9818,0.6265,0.6475
39,21,0.1397,0.9818,0.6261,0.6475
39,22,0.1383,0.9818,0.6258,0.6500
39,23,0.1369,0.9818,0.6255,0.6500
39,24,0.1356,0.9818,0.6252,0.6525
39,25,0.1343,0.9818,0.6249,0.6550
39,26,0.1331,0.9818,0.6247,0.6550
39,27,0.1320,0.9818,0.6245,0.6575
39,28,0.1309,0.9818,0.6242,0.6575
39,29,0.1299,0.9909,0.6240,0.6600
39,30,0.1289,0.9909,0.6238,0.6600
39,31,0.1279,0.9909,0.6236,0.6600
39,32,0.1270,0.9909,0.6234,0.6600
39,33,0.1261,0.9909,0.6232,0.6625
39,34,0.1252,0.9909,0.6230,0.6625
39,35,0.1244,0.9909,0.6228,0.6625
39,36,0.1236,0.9909,0.6226,0.6625
39,37,0.1228,0.9909,0.6224,0.6625
39,38,0.1221,0.9909,0.6223,0.6625
39,39,0.1213,0.9909,0.6221,0.6650
39,40,0.1206,0.9909,0.6219,0.6675
45,1,0.2890,0.9455,0.6567,0.5700
45,2,0.2488,0.9545,0.6412,0.6025
45,3,0.2282,0.9545,0.6387,0.6050
45,4,0.2149,0.9545,0.6376,0.6125
45,5,0.2051,0.9636,0.6363,0.6175
45,6,0.1974,0.9636,0.6352,0.6175
45,7,0.1912,0.9636,0.6342,0.6200
45,8,0.1859,0.9636,0.6333,0.6225
45,9,0.1814,0.9636,0.6326,0.6250
45,10,0.1774,0.9636,0.6319,0.6275
45,11,0.1739,0.9636,0.6313,0.6300
45,12,0.1708,0.9636,0.6307,0.6300
45,13,0.1679,0.9636,0.6302,0.6300
45,14,0.1653,0.9636,0.6297,0.6300
45,15,0.1629,0.9636,0.6293,0.6325
45,16,0.1607,0.9636,0.6289,0.6350
45,17,0.1586,0.9636,0.6285,0.6350
45,18,0.1567,0.9727,0.6281,0.6375
45,19,0.1549,0.9727,0.6278,0.6375
45,20,0.1532,0.9727,0.6275,0.6425
45,21,0.1516,0.9818,0.6272,0.6450
45,22,0.1501,0.9818,0.6269,0.6450
45,23,0.1487,0.9818,0.6266,0.6450
45,24,0.1473,0.9818,0.6264,0.6450
45,25,0.1460,0.9818,0.6261,0.6475
45,26,0.1448,0.9818,0.6259,0.6475
45,27,0.1436,0.9818,0.6257,0.6525
45,28,0.1425,0.9818,0.6255,0.6550
45,29,0.1415,0.9818,0.6253,0.6550
45,30,0.1404,0.9818,0.6251,0.6550
45,31,0.1394,0.9818,0.6249,0.6550
45,32,0.1385,0.9818,0.6247,0.6550
45,33,0.1376,0.9818,0.6245,0.6550
45,34,0.1367,0.9818,0.6243,0.6550
45,35,0.1358,0.9818,0.6242,0.6550
45,36,0.1350,0.9818,0.6240,0.6550
45,37,0.1342,0.9818,0.6238,0.6550
45,38,0.1334,0.9818,0.6237,0.6550
45,39,0.1327,0.9818,0.6235,0.6575
45,40,0.1320,0.9818,0.6234,0.6600
51,1,0.3058,0.9364,0.6544,0.5775
51,2,0.2654,0.9545,0.6390,0.6000
51,3,0.2449,0.9545,0.6365,0.6125
51,4,0.2314,0.9545,0.6353,0.6175
51,5,0.2214,0.9545,0.6340,0.6200
51,6,0.2136,0.9636,0.6330,0.6225
51,7,0.2073,0.9636,0.6321,0.6225
51,8,0.2019,0.9636,0.6313,0.6200
51,9,0.1973,0.9636,0.6306,0.6250
51,10,0.1933,0.9636,0.6300,0.6250
51,11,0.1897,0.9636,0.6295,0.6250
51,12,0.1865,0.9636,0.6290,0.6275
51,13,0.1835,0.9636,0.6286,0.6325
51,14,0.1809,0.9636,0.6282,0.6350
51,15,0.1784,0.9636,0.6278,0.6350
51,16,0.1762,0.9636,0.6275,0.6350
51,17,0.1741,0.9636,0.6272,0.6375
51,18,0.1721,0.9636,0.6269,0.6375
51,19,0.1703,0.9636,0.6266,0.6375
51,20,0.1686,0.9636,0.6263,0.6375
51,21,0.1670,0.9636,0.6260,0.6400
51,22,0.1654,0.9636,0.6258,0.6400
51,23,0.1640,0.9636,0.6255,0.6400
51,24,0.1626,0.9636,0.6253,0.6400
51,25,0.1613,0.9636,0.6251,0.6400
51,26,0.1600,0.9636,0.6249,0.6400
51,27,0.1588,0.9636,0.6247,0.6425
51,28,0.1577,0.9636,0.6245,0.6425
51,29,0.1566,0.9727,0.6243,0.6450
51,30,0.1555,0.9727,0.6241,0.6450
51,31,0.1545,0.9727,0.6240,0.6475
51,32,0.1536,0.9818,0.6238,0.6475
51,33,0.1526,0.9818,0.6237,0.6475
51,34,0.1517,0.9818,0.6235,0.6475
51,35,0.1508,0.9818,0.6234,0.6475
51,36,0.1500,0.9818,0.6232,0.6500
51,37,0.1492,0.9818,0.6231,0.6500
51,38,0.1484,0.9818,0.6229,0.6500
51,39,0.1476,0.9818,0.6228,0.6500
51,40,0.1469,0.9818,0.6227,0.6500
57,1,0.3252,0.9364,0.6520,0.5750
57,2,0.2839,0.9455,0.6360,0.6025
57,3,0.2632,0.9455,0.6328,0.6250
57,4,0.2497,0.9455,0.6311,0.6300
57,5,0.2397,0.9455,0.6297,0.6325
57,6,0.2319,0.9455,0.6285,0.6375
57,7,0.2255,0.9545,0.6276,0.6375
57,8,0.2202,0.9545,0.6269,0.6350
57,9,0.2155,0.9545,0.6262,0.6350
57,10,0.2115,0.9636,0.6256,0.6350
57,11,0.2079,0.9636,0.6251,0.6350
57,12,0.2046,0.9636,0.6246,0.6375
57,13,0.2017,0.9636,0.6242,0.6425
57,14,0.1991,0.9636,0.6238,0.6400
57,15,0.1966,0.9636,0.6234,0.6425
57,16,0.1943,0.9636,0.6231,0.6425
57,17,0.1922,0.9636,0.6228,0.6425
57,18,0.1903,0.9636,0.6225,0.6425
57,19,0.1884,0.9636,0.6222,0.6475
57,20,0.1867,0.9636,0.6220,0.6475
57,21,0.1851,0.9636,0.6217,0.6475
57,22,0.1835,0.9636,0.6215,0.6475
57,23,0.1821,0.9636,0.6213,0.6475
57,24,0.1807,0.9636,0.6211,0.6500
57,25,0.1793,0.9636,0.6209,0.6525
57,26,0.1781,0.9636,0.6207,0.6525
57,27,0.1769,0.9636,0.6205,0.6550
57,28,0.1757,0.9636,0.6203,0.6550
57,29,0.1746,0.9636,0.6202,0.6550
57,30,0.1736,0.9636,0.6200,0.6550
57,31,0.1725,0.9636,0.6198,0.6550
57,32,0.1715,0.9636,0.6197,0.6550
57,33,0.1706,0.9636,0.6195,0.6525
57,34,0.1697,0.9636,0.6194,0.6500
57,35,0.1688,0.9636,0.6192,0.6500
57,36,0.1679,0.9636,0.6191,0.6500
57,37,0.1671,0.9636,0.6189,0.6525
57,38,0.1663,0.9636,0.6188,0.6525
57,39,0.1655,0.9636,0.6187,0.6550
57,40,0.1648,0.9636,0.6185,0.6550
63,1,0.3488,0.9273,0.6493,0.5800
63,2,0.3070,0.9364,0.6333,0.6000
63,3,0.2861,0.9364,0.6296,0.6075
63,4,0.2725,0.9455,0.6276,0.6225
63,5,0.2625,0.9455,0.6259,0.6250
63,6,0.2546,0.9455,0.6247,0.6275
63,7,0.2482,0.9455,0.6237,0.6325
63,8,0.2427,0.9455,0.6229,0.6400
63,9,0.2381,0.9545,0.6223,0.6450
63,10,0.2340,0.9545,0.6217,0.6450
63,11,0.2303,0.9545,0.6212,0.6450
63,12,0.2271,0.9545,0.6207,0.6450
63,13,0.2241,0.9545,0.6203,0.6475
63,14,0.2214,0.9545,0.6199,0.6475
63,15,0.2189,0.9545,0.6195,0.6500
63,16,0.2166,0.9545,0.6192,0.6475
63,17,0.2145,0.9545,0.6189,0.6475
63,18,0.2125,0.9545,0.6186,0.6475
63,19,0.2107,0.9545,0.6184,0.6500
63,20,0.2089,0.9545,0.6181,0.6550
63,21,0.2073,0.9545,0.6179,0.6550
63,22,0.2057,0.9545,0.6177,0.6550
63,23,0.2043,0.9545,0.6175,0.6575
63,24,0.2029,0.9545,0.6173,0.6575
63,25,0.2015,0.9545,0.6171,0.6575
63,26,0.2002,0.9545,0.6169,0.6575
63,27,0.1990,0.9545,0.6168,0.6575
63,28,0.1978,0.9545,0.6166,0.6600
63,29,0.1967,0.9545,0.6165,0.6625
63,30,0.1957,0.9545,0.6163,0.6625
63,31,0.1946,0.9545,0.6162,0.6650
63,32,0.1936,0.9545,0.6160,0.6650
63,33,0.1927,0.9545,0.6159,0.6675
63,34,0.1917,0.9545,0.6158,0.6675
63,35,0.1908,0.9545,0.6157,0.6675
63,36,0.1900,0.9545,0.6156,0.6675
63,37,0.1891,0.9545,0.6155,0.6675
63,38,0.1883,0.9545,0.6154,0.6675
63,39,0.1875,0.9545,0.6153,0.6675
63,40,0.1868,0.9545,0.6151,0.6700
69,1,0.3767,0.9091,0.6488,0.5850
69,2,0.3346,0.9182,0.6328,0.6075
69,3,0.3136,0.9364,0.6288,0.6025
69,4,0.2999,0.9364,0.6265,0.6025
69,5,0.2898,0.9364,0.6247,0.6075
69,6,0.2819,0.9364,0.6234,0.6175
69,7,0.2754,0.9364,0.6224,0.6225
69,8,0.2699,0.9364,0.6215,0.6225
69,9,0.2652,0.9364,0.6208,0.6300
69,10,0.2611,0.9364,0.6203,0.6300
69,11,0.2574,0.9455,0.6198,0.6300
69,12,0.2541,0.9455,0.6193,0.6300
69,13,0.2511,0.9455,0.6189,0.6325
69,14,0.2484,0.9455,0.6186,0.6375
69,15,0.2459,0.9545,0.6182,0.6375
69,16,0.2436,0.9545,0.6180,0.6400
69,17,0.2414,0.9545,0.6177,0.6425
69,18,0.2394,0.9545,0.6174,0.6475
69,19,0.2375,0.9545,0.6172,0.6475
69,20,0.2358,0.9545,0.6170,0.6475
69,21,0.2341,0.9545,0.6168,0.6475
69,22,0.2325,0.9545,0.6166,0.6500
69,23,0.2310,0.9545,0.6165,0.6500
69,24,0.2296,0.9545,0.6163,0.6500
69,25,0.2282,0.9545,0.6161,0.6500
69,26,0.2269,0.9545,0.6160,0.6500
69,27,0.2257,0.9545,0.6158,0.6500
69,28,0.2245,0.9545,0.6157,0.6500
69,29,0.2234,0.9545,0.6156,0.6500
69,30,0.2223,0.9545,0.6154,0.6525
69,31,0.2212,0.9545,0.6153,0.6550
69,32,0.2202,0.9545,0.6152,0.6550
69,33,0.2193,0.9545,0.6151,0.6550
69,34,0.2183,0.9545,0.6150,0.6550
69,35,0.2174,0.9545,0.6149,0.6550
69,36,0.2165,0.9545,0.6148,0.6525
69,37,0.2157,0.9545,0.6147,0.6525
69,38,0.2149,0.9545,0.6146,0.6550
69,39,0.2141,0.9545,0.6145,0.6525
69,40,0.2133,0.9545,0.6144,0.6525
75,1,0.4312,0.9000,0.6523,0.5725
75,2,0.3901,0.9182,0.6368,0.5950
75,3,0.3693,0.9182,0.6316,0.6000
75,4,0.3557,0.9182,0.6284,0.6125
75,5,0.3457,0.9182,0.6261,0.6175
75,6,0.3378,0.9182,0.6244,0.6200
75,7,0.3314,0.9273,0.6231,0.6200
75,8,0.3259,0.9273,0.6220,0.6175
75,9,0.3213,0.9273,0.6211,0.6225
75,10,0.3171,0.9273,0.6203,0.6250
75,11,0.3135,0.9273,0.6197,0.6225
75,12,0.3102,0.9364,0.6191,0.6175
75,13,0.3073,0.9364,0.6185,0.6175
75,14,0.3045,0.9364,0.6181,0.6175
75,15,0.3020,0.9364,0.6176,0.6175
75,16,0.2997,0.9364,0.6173,0.6200
75,17,0.2976,0.9364,0.6169,0.6250
75,18,0.2956,0.9364,0.6166,0.6250
75,19,0.2937,0.9364,0.6163,0.6300
75,20,0.2920,0.9364,0.6160,0.6325
75,21,0.2903,0.9364,0.6158,0.6300
75,22,0.2887,0.9364,0.6155,0.6300
75,23,0.2872,0.9364,0.6153,0.6300
75,24,0.2858,0.9364,0.6151,0.6300
75,25,0.2845,0.9364,0.6149,0.6300
75,26,0.2832,0.9364,0.6147,0.6300
75,27,0.2820,0.9364,0.6145,0.6325
75,28,0.2808,0.9364,0.6143,0.6350
75,29,0.2796,0.9364,0.6142,0.6350
75,30,0.2786,0.9364,0.6140,0.6350
75,31,0.2775,0.9364,0.6139,0.6325
75,32,0.2765,0.9364,0.6137,0.6325
75,33,0.2755,0.9364,0.6136,0.6325
75,34,0.2746,0.9364,0.6135,0.6350
75,35,0.2737,0.9364,0.6133,0.6350
75,36,0.2728,0.9364,0.6132,0.6350
75,37,0.2720,0.9364,0.6131,0.6350
75,38,0.2711,0.9364,0.6130,0.6350
75,39,0.2703,0.9364,0.6129,0.6350
75,40,0.2696,0.9455,0.6128,0.6375
81,1,0.5516,0.7909,0.6775,0.5150
81,2,0.5184,0.8455,0.6647,0.5400
81,3,0.5007,0.8545,0.6585,0.5300
81,4,0.4888,0.8545,0.6545,0.5375
81,5,0.4799,0.8727,0.6516,0.5375
81,6,0.4729,0.8818,0.6494,0.5500
81,7,0.4671,0.9000,0.6476,0.5525
81,8,0.4622,0.9000,0.6461,0.5575
81,9,0.4579,0.9000,0.6448,0.5575
81,10,0.4541,0.9000,0.6437,0.5650
81,11,0.4507,0.9000,0.6428,0.5700
81,12,0.4477,0.9000,0.6419,0.5750
81,13,0.4449,0.9000,0.6412,0.5800
81,14,0.4424,0.9000,0.6405,0.5825
81,15,0.4401,0.9000,0.6399,0.5825
81,16,0.4379,0.9000,0.6393,0.5875
81,17,0.4359,0.9000,0.6388,0.5875
81,18,0.4340,0.9000,0.6383,0.5875
81,19,0.4323,0.9000,0.6379,0.5875
81,20,0.4307,0.9000,0.6374,0.5875
81,21,0.4291,0.9000,0.6371,0.5875
81,22,0.4276,0.9000,0.6367,0.5875
81,23,0.4262,0.9000,0.6363,0.5850
81,24,0.4249,0.9000,0.6360,0.5850
81,25,0.4236,0.9000,0.6357,0.5850
81,26,0.4224,0.9000,0.6354,0.5850
81,27,0.4213,0.9000,0.6352,0.5850
81,28,0.4202,0.9000,0.6349,0.5850
81,29,0.4191,0.9000,0.6347,0.5850
81,30,0.4181,0.9000,0.6344,0.5850
81,31,0.4171,0.9000,0.6342,0.5850
81,32,0.4162,0.9000,0.6340,0.5850
81,33,0.4152,0.9000,0.6338,0.5850
81,34,0.4144,0.9000,0.6336,0.5850
81,35,0.4135,0.9000,0.6334,0.5850
81,36,0.4127,0.9000,0.6332,0.5875
81,37,0.4119,0.9000,0.6330,0.5875
81,38,0.4111,0.9000,0.6328,0.5875
81,39,0.4104,0.9000,0.6327,0.5875
81,40,0.4096,0.9000,0.6325,0.5875
84,1,0.7217,0.4909,0.7415,0.4625
84,2,0.7192,0.4909,0.7402,0.4600
84,3,0.7177,0.4909,0.7395,0.4625
84,4,0.7167,0.4909,0.7390,0.4650
84,5,0.7160,0.4909,0.7386,0.4625
84,6,0.7153,0.4909,0.7383,0.4625
84,7,0.7148,0.5000,0.7380,0.4625
84,8,0.7144,0.5000,0.7378,0.4625
84,9,0.7140,0.5000,0.7376,0.4625
84,10,0.7136,0.5000,0.7374,0.4600
84,11,0.7133,0.5000,0.7373,0.4600
84,12,0.7130,0.5000,0.7372,0.4600
84,13,0.7127,0.5000,0.7370,0.4600
84,14,0.7125,0.5000,0.7369,0.4600
84,15,0.7123,0.5000,0.7368,0.4600
84,16,0.7121,0.5000,0.7367,0.4600
84,17,0.7119,0.5000,0.7366,0.4600
84,18,0.7117,0.5000,0.7365,0.4600
84,19,0.7115,0.5000,0.7364,0.4600
84,20,0.7113,0.5000,0.7364,0.4600
84,21,0.7112,0.5000,0.7363,0.4600
84,22,0.7110,0.5000,0.7362,0.4600
84,23,0.7109,0.5000,0.7361,0.4600
84,24,0.7107,0.5000,0.7361,0.4625
84,25,0.7106,0.5000,0.7360,0.4625
84,26,0.7105,0.5000,0.7360,0.4625
84,27,0.7104,0.5000,0.7359,0.4625
84,28,0.7103,0.5000,0.7358,0.4625
84,29,0.7101,0.5000,0.7358,0.4625
84,30,0.7100,0.5000,0.7357,0.4625
84,31,0.7099,0.5000,0.7357,0.4625
84,32,0.7098,0.5000,0.7356,0.4625
84,33,0.7097,0.5000,0.7356,0.4650
84,34,0.7096,0.5000,0.7356,0.4650
84,35,0.7096,0.5000,0.7355,0.4650
84,36,0.7095,0.5000,0.7355,0.4650
84,37,0.7094,0.5000,0.7354,0.4650
84,38,0.7093,0.5091,0.7354,0.4650
84,39,0.7092,0.5091,0.7353,0.4625
84,40,0.7091,0.5091,0.7353,0.4650
0,1,0.2594,0.9545,0.6589,0.5825
0,2,0.2201,0.9455,0.6446,0.5950
0,3,0.1998,0.9545,0.6427,0.6000
0,4,0.1868,0.9545,0.6417,0.6050
0,5,0.1773,0.9636,0.6402,0.6100
0,6,0.1698,0.9636,0.6388,0.6150
0,7,0.1637,0.9636,0.6376,0.6200
0,8,0.1586,0.9636,0.6365,0.6250
0,9,0.1543,0.9727,0.6356,0.6250
0,10,0.1505,0.9727,0.6347,0.6225
0,11,0.1471,0.9818,0.6340,0.6250
0,12,0.1441,0.9818,0.6333,0.6250
0,13,0.1414,0.9818,0.6327,0.6250
0,14,0.1389,0.9818,0.6321,0.6250
0,15,0.1366,0.9818,0.6315,0.6300
0,16,0.1345,0.9818,0.6310,0.6375
0,17,0.1326,0.9818,0.6305,0.6375
0,18,0.1307,0.9818,0.6300,0.6375
0,19,0.1290,0.9818,0.6295,0.6375
0,20,0.1275,0.9818,0.6291,0.6375
0,21,0.1260,0.9818,0.6286,0.6400
0,22,0.1246,0.9818,0.6282,0.6425
0,23,0.1232,0.9818,0.6278,0.6450
0,24,0.1220,0.9909,0.6275,0.6450
0,25,0.1208,0.9909,0.6271,0.6450
0,26,0.1196,0.9909,0.6268,0.6450
0,27,0.1185,0.9909,0.6265,0.6450
