array([[4.1951789e-04, 9.9958044e-01],
       [4.0050381e-04, 9.9959952e-01],
       [1.7822997e-03, 9.9821764e-01],
       [1.3591083e-03, 9.9864084e-01],
       [6.3863571e-04, 9.9936134e-01],
       [2.5079245e-04, 9.9974924e-01],
       [3.2758244e-04, 9.9967241e-01],
       [4.0457887e-04, 9.9959546e-01],
       [2.7874944e-04, 9.9972123e-01],
       [8.5173240e-05, 9.9991477e-01],
       [7.8327867e-05, 9.9992168e-01],
       [4.5034889e-05, 9.9995494e-01],
       [6.8516951e-05, 9.9993145e-01],
       [1.7776039e-04, 9.9982232e-01],
       [6.0060760e-05, 9.9993992e-01],
       [7.4962154e-05, 9.9992502e-01],
       [1.5691591e-04, 9.9984300e-01],
       [1.2765737e-04, 9.9987233e-01],
       [7.4722564e-05, 9.9992526e-01],
       [1.6415445e-04, 9.9983585e-01],
       [1.3026438e-04, 9.9986970e-01],
       [3.0563143e-04, 9.9969435e-01],
       [1.0230854e-04, 9.9989772e-01],
       [1.3538245e-03, 9.9864620e-01],
       [3.0845686e-04, 9.9969161e-01],
       [1.3776794e-04, 9.9986219e-01],
       [6.3456864e-05, 9.9993658e-01],
       [2.6410967e-04, 9.9973589e-01],
       [1.5247253e-03, 9.9847525e-01],
       [2.9931150e-03, 9.9700695e-01],
       [2.5138310e-03, 9.9748611e-01],
       [1.7904234e-03, 9.9820960e-01],
       [3.2943210e-03, 9.9670571e-01],
       [7.5871922e-02, 9.2412806e-01],
       [5.2591164e-02, 9.4740885e-01],
       [2.0742526e-02, 9.7925740e-01],
       [5.2127201e-02, 9.4787282e-01],
       [7.9035662e-02, 9.2096430e-01],
       [1.2622780e-01, 8.7377220e-01]], dtype=float32)