array([[9.54867542e-01, 4.51324470e-02],
       [9.78850186e-01, 2.11498570e-02],
       [9.00172055e-01, 9.98279527e-02],
       [9.35634792e-01, 6.43651783e-02],
       [9.38734114e-01, 6.12658188e-02],
       [9.38742518e-01, 6.12574406e-02],
       [7.79026091e-01, 2.20973924e-01],
       [6.83865964e-01, 3.16134006e-01],
       [7.87576854e-01, 2.12423161e-01],
       [3.86633545e-01, 6.13366425e-01],
       [1.02542669e-01, 8.97457302e-01],
       [5.14263548e-02, 9.48573709e-01],
       [1.05693310e-01, 8.94306660e-01],
       [1.13749795e-01, 8.86250198e-01],
       [4.34047468e-02, 9.56595302e-01],
       [1.29743312e-02, 9.87025678e-01],
       [1.96731202e-02, 9.80326891e-01],
       [1.12121664e-02, 9.88787830e-01],
       [6.67293742e-03, 9.93327022e-01],
       [6.21095020e-03, 9.93789017e-01],
       [6.40424015e-03, 9.93595779e-01],
       [3.05075012e-03, 9.96949255e-01],
       [7.95733766e-04, 9.99204338e-01],
       [1.15762034e-03, 9.98842418e-01],
       [9.79160308e-04, 9.99020815e-01],
       [3.28270509e-03, 9.96717274e-01],
       [3.53734638e-03, 9.96462643e-01],
       [1.11630349e-03, 9.98883665e-01],
       [4.29019099e-04, 9.99571025e-01],
       [5.47492062e-04, 9.99452531e-01],
       [2.29558558e-03, 9.97704446e-01],
       [3.88360524e-04, 9.99611676e-01],
       [1.37310897e-04, 9.99862671e-01],
       [6.21326268e-04, 9.99378681e-01]], dtype=float32)