array([[7.96887837e-03, 9.92031097e-01],
       [1.92268775e-03, 9.98077273e-01],
       [2.55887833e-04, 9.99744117e-01],
       [4.51171957e-03, 9.95488226e-01],
       [2.03337288e-03, 9.97966647e-01],
       [8.05134326e-03, 9.91948605e-01],
       [3.04498058e-03, 9.96955037e-01],
       [6.93630939e-03, 9.93063748e-01],
       [3.24142352e-03, 9.96758640e-01],
       [6.81388890e-03, 9.93186116e-01],
       [6.57709083e-04, 9.99342263e-01],
       [1.12390378e-03, 9.98876035e-01],
       [6.13926386e-04, 9.99386072e-01],
       [1.47810264e-03, 9.98521864e-01],
       [1.28483295e-03, 9.98715162e-01],
       [2.10586865e-03, 9.97894108e-01],
       [9.42236977e-04, 9.99057710e-01],
       [1.11453910e-03, 9.98885453e-01],
       [5.64921240e-04, 9.99435008e-01],
       [2.44089882e-04, 9.99755919e-01],
       [5.49179967e-04, 9.99450862e-01],
       [9.56659060e-05, 9.99904275e-01],
       [5.30611200e-04, 9.99469459e-01],
       [6.61437341e-04, 9.99338567e-01],
       [9.49179113e-04, 9.99050796e-01],
       [8.36369931e-04, 9.99163628e-01],
       [5.98496466e-04, 9.99401450e-01],
       [5.98365674e-04, 9.99401689e-01],
       [1.09668775e-03, 9.98903275e-01],
       [5.83806366e-04, 9.99416232e-01],
       [3.52977426e-04, 9.99647021e-01],
       [4.06022562e-04, 9.99594033e-01],
       [9.17033685e-05, 9.99908328e-01],
       [1.07796397e-04, 9.99892235e-01],
       [1.32774017e-04, 9.99867201e-01],
       [4.86539851e-04, 9.99513507e-01],
       [1.14756396e-04, 9.99885201e-01],
       [1.89492333e-04, 9.99810517e-01],
       [6.48351328e-04, 9.99351680e-01],
       [2.48496910e-03, 9.97515082e-01],
       [2.81176507e-03, 9.97188270e-01],
       [3.39690130e-03, 9.96603131e-01],
       [2.10146420e-03, 9.97898579e-01],
       [1.06181414e-03, 9.98938143e-01],
       [2.80632079e-03, 9.97193694e-01],
       [1.94736302e-03, 9.98052597e-01],
       [5.73324738e-04, 9.99426723e-01],
       [2.63685803e-03, 9.97363150e-01],
       [1.07848796e-03, 9.98921514e-01]], dtype=float32)