array([[1.6603768e-01, 8.3396238e-01],
       [1.2896083e-01, 8.7103915e-01],
       [1.2668630e-01, 8.7331372e-01],
       [5.5500615e-02, 9.4449937e-01],
       [5.2465785e-02, 9.4753426e-01],
       [7.0618264e-02, 9.2938173e-01],
       [3.6656685e-02, 9.6334338e-01],
       [3.7881318e-02, 9.6211869e-01],
       [1.2769943e-02, 9.8723000e-01],
       [8.6423559e-03, 9.9135768e-01],
       [4.3878034e-03, 9.9561214e-01],
       [1.1778279e-03, 9.9882215e-01],
       [9.5789059e-04, 9.9904209e-01],
       [3.4459175e-03, 9.9655414e-01],
       [1.1586736e-02, 9.8841327e-01],
       [4.0298174e-03, 9.9597025e-01],
       [4.5005153e-03, 9.9549943e-01],
       [2.9964293e-03, 9.9700361e-01],
       [6.5523904e-04, 9.9934477e-01],
       [3.2523954e-03, 9.9674761e-01],
       [1.8921844e-03, 9.9810779e-01],
       [2.2478045e-03, 9.9775225e-01],
       [9.3463034e-04, 9.9906534e-01],
       [1.6542627e-03, 9.9834573e-01],
       [1.6617617e-03, 9.9833822e-01],
       [1.9138351e-03, 9.9808621e-01],
       [1.1039706e-03, 9.9889600e-01],
       [2.2731493e-03, 9.9772686e-01],
       [2.6282629e-03, 9.9737167e-01],
       [1.7381950e-03, 9.9826187e-01],
       [1.1529576e-03, 9.9884701e-01],
       [2.2577646e-03, 9.9774230e-01],
       [1.2147480e-03, 9.9878532e-01],
       [3.4357358e-03, 9.9656433e-01],
       [5.5211439e-04, 9.9944788e-01],
       [7.0591597e-04, 9.9929404e-01],
       [3.5986020e-03, 9.9640143e-01],
       [3.6989034e-03, 9.9630105e-01],
       [2.8699492e-03, 9.9713010e-01],
       [2.8636544e-03, 9.9713635e-01],
       [5.1108650e-03, 9.9488914e-01],
       [7.3503265e-03, 9.9264961e-01],
       [3.3488872e-03, 9.9665111e-01],
       [6.3493103e-03, 9.9365073e-01],
       [3.5984686e-03, 9.9640155e-01],
       [6.0006175e-03, 9.9399936e-01],
       [2.7800563e-03, 9.9721992e-01],
       [1.2487213e-03, 9.9875128e-01],
       [2.4343820e-03, 9.9756563e-01],
       [6.1759772e-03, 9.9382401e-01],
       [4.0345807e-03, 9.9596536e-01],
       [3.8100611e-03, 9.9618995e-01],
       [1.1337914e-03, 9.9886620e-01],
       [2.4751814e-03, 9.9752480e-01],
       [1.6204857e-03, 9.9837947e-01],
       [1.5339712e-03, 9.9846601e-01],
       [9.6718827e-04, 9.9903286e-01],
       [9.5560076e-04, 9.9904436e-01],
       [7.7771762e-04, 9.9922228e-01],
       [2.7952415e-03, 9.9720472e-01],
       [1.1530020e-03, 9.9884701e-01],
       [2.4437401e-03, 9.9755621e-01],
       [2.7375200e-03, 9.9726248e-01],
       [3.5668551e-03, 9.9643314e-01],
       [4.6996879e-03, 9.9530029e-01],
       [4.5740120e-03, 9.9542600e-01],
       [4.6144365e-03, 9.9538559e-01],
       [2.1576271e-03, 9.9784231e-01],
       [1.9947279e-03, 9.9800533e-01],
       [7.1318406e-03, 9.9286813e-01],
       [3.8645898e-03, 9.9613547e-01],
       [4.5442972e-03, 9.9545574e-01],
       [1.4003956e-02, 9.8599607e-01],
       [1.7041221e-02, 9.8295885e-01],
       [8.6575579e-03, 9.9134243e-01],
       [1.3100145e-02, 9.8689979e-01],
       [9.4189681e-03, 9.9058110e-01],
       [6.0273916e-03, 9.9397260e-01],
       [9.3724560e-03, 9.9062753e-01],
       [2.0255115e-02, 9.7974485e-01],
       [1.3462751e-02, 9.8653722e-01],
       [1.6302623e-02, 9.8369735e-01],
       [1.1113127e-02, 9.8888689e-01],
       [1.0517964e-02, 9.8948205e-01],
       [6.9716047e-03, 9.9302834e-01],
       [8.0660190e-03, 9.9193394e-01],
       [8.8833543e-03, 9.9111664e-01],
       [1.0422425e-02, 9.8957765e-01],
       [2.0078113e-03, 9.9799216e-01],
       [3.3147850e-03, 9.9668521e-01],
       [1.5638638e-03, 9.9843615e-01],
       [2.3847385e-03, 9.9761534e-01],
       [2.2995360e-03, 9.9770051e-01],
       [7.4299483e-04, 9.9925703e-01],
       [1.5623422e-03, 9.9843770e-01],
       [1.0306048e-03, 9.9896944e-01],
       [7.5906242e-04, 9.9924099e-01],
       [1.1752667e-03, 9.9882478e-01],
       [1.3340457e-03, 9.9866593e-01],
       [3.8261729e-04, 9.9961734e-01],
       [6.0427008e-04, 9.9939573e-01],
       [1.7650794e-03, 9.9823487e-01],
       [1.4483436e-03, 9.9855167e-01],
       [4.1037195e-04, 9.9958962e-01],
       [7.3742110e-04, 9.9926251e-01],
       [4.4072469e-04, 9.9955922e-01],
       [4.3886664e-04, 9.9956113e-01],
       [7.2729075e-04, 9.9927276e-01],
       [5.8327295e-04, 9.9941671e-01],
       [6.4893271e-04, 9.9935108e-01],
       [2.9300916e-04, 9.9970692e-01]], dtype=float32)