array([[0.37496445, 0.62503564],
       [0.33949733, 0.6605026 ],
       [0.44810694, 0.55189306],
       [0.24420956, 0.7557904 ],
       [0.26382092, 0.7361791 ],
       [0.06905647, 0.9309435 ],
       [0.03746392, 0.9625361 ],
       [0.02154753, 0.9784525 ],
       [0.01625137, 0.9837487 ],
       [0.00898318, 0.99101686],
       [0.01796202, 0.982038  ],
       [0.0196772 , 0.9803227 ],
       [0.00782891, 0.99217105],
       [0.01097406, 0.9890259 ],
       [0.0719617 , 0.9280383 ],
       [0.00982588, 0.9901742 ],
       [0.00472981, 0.9952702 ],
       [0.00597153, 0.99402845],
       [0.00667426, 0.9933257 ],
       [0.00472579, 0.9952742 ],
       [0.00339743, 0.99660254],
       [0.0047269 , 0.9952732 ],
       [0.00489383, 0.9951062 ],
       [0.00623497, 0.993765  ],
       [0.00702293, 0.9929771 ],
       [0.00297793, 0.9970221 ],
       [0.00292169, 0.9970783 ],
       [0.00578616, 0.9942139 ],
       [0.0265546 , 0.97344536],
       [0.01740183, 0.9825982 ],
       [0.00568936, 0.9943106 ],
       [0.00702709, 0.99297285],
       [0.01867176, 0.98132825],
       [0.03690109, 0.96309894],
       [0.02325673, 0.9767432 ],
       [0.01057685, 0.9894231 ],
       [0.0071848 , 0.99281514],
       [0.03906767, 0.9609324 ],
       [0.01741007, 0.9825899 ],
       [0.06653949, 0.9334605 ],
       [0.0643687 , 0.9356313 ],
       [0.05304462, 0.9469554 ],
       [0.02653702, 0.973463  ],
       [0.06649712, 0.93350285],
       [0.0261224 , 0.9738776 ],
       [0.0108768 , 0.98912317],
       [0.02620229, 0.97379774],
       [0.0446523 , 0.95534766],
       [0.02260943, 0.9773906 ],
       [0.09896903, 0.90103096],
       [0.05709679, 0.94290316],
       [0.07056069, 0.9294393 ],
       [0.0993721 , 0.9006279 ],
       [0.06539349, 0.93460655],
       [0.02753008, 0.9724699 ],
       [0.0962896 , 0.9037104 ],
       [0.1790981 , 0.82090193],
       [0.08604871, 0.91395134],
       [0.07730192, 0.9226981 ],
       [0.08795123, 0.9120488 ],
       [0.13703024, 0.86296976],
       [0.18733427, 0.81266576],
       [0.12439795, 0.875602  ],
       [0.21391451, 0.78608555],
       [0.533142  , 0.466858  ],
       [0.76448256, 0.23551744]], dtype=float32)