array([[3.33323658e-01, 6.66676342e-01],
       [2.00136662e-01, 7.99863279e-01],
       [1.43556282e-01, 8.56443763e-01],
       [7.00590611e-02, 9.29940999e-01],
       [8.75654593e-02, 9.12434518e-01],
       [9.76435319e-02, 9.02356446e-01],
       [2.13245809e-01, 7.86754251e-01],
       [1.22558154e-01, 8.77441823e-01],
       [1.23936959e-01, 8.76063108e-01],
       [1.75746053e-01, 8.24253976e-01],
       [3.02095026e-01, 6.97904944e-01],
       [4.74326499e-02, 9.52567339e-01],
       [5.97933307e-02, 9.40206707e-01],
       [2.22403444e-02, 9.77759659e-01],
       [8.18074215e-03, 9.91819263e-01],
       [4.33776248e-03, 9.95662272e-01],
       [4.76468541e-03, 9.95235384e-01],
       [3.86747625e-03, 9.96132493e-01],
       [5.30946441e-03, 9.94690478e-01],
       [8.67493730e-03, 9.91325140e-01],
       [1.58683222e-03, 9.98413205e-01],
       [2.74287816e-03, 9.97257173e-01],
       [1.07194623e-03, 9.98928010e-01],
       [1.20666448e-03, 9.98793364e-01],
       [2.80068978e-03, 9.97199297e-01],
       [2.61252443e-03, 9.97387469e-01],
       [9.90604889e-03, 9.90094006e-01],
       [1.19416567e-03, 9.98805881e-01],
       [1.99351506e-03, 9.98006523e-01],
       [1.57842052e-03, 9.98421550e-01],
       [2.57979962e-03, 9.97420192e-01],
       [1.92201615e-03, 9.98077989e-01],
       [1.74381351e-03, 9.98256147e-01],
       [9.62120830e-04, 9.99037862e-01],
       [2.20976560e-03, 9.97790217e-01],
       [9.96678486e-04, 9.99003351e-01],
       [1.01904210e-03, 9.98980939e-01],
       [1.60790968e-03, 9.98392045e-01],
       [1.77931681e-03, 9.98220623e-01],
       [1.57703107e-04, 9.99842286e-01],
       [3.15725454e-04, 9.99684334e-01],
       [3.53791373e-04, 9.99646187e-01],
       [2.28484903e-04, 9.99771535e-01],
       [1.18801300e-03, 9.98811960e-01],
       [9.50562011e-04, 9.99049485e-01],
       [4.48238017e-04, 9.99551713e-01],
       [2.03371258e-03, 9.97966290e-01],
       [3.35135031e-04, 9.99664903e-01],
       [2.80967215e-04, 9.99718964e-01],
       [7.51965970e-04, 9.99247968e-01],
       [3.70041089e-04, 9.99629974e-01],
       [6.85248757e-04, 9.99314785e-01],
       [6.09551847e-04, 9.99390483e-01],
       [5.36896754e-04, 9.99463141e-01],
       [6.34282595e-04, 9.99365747e-01],
       [9.38380195e-04, 9.99061644e-01],
       [9.61654878e-04, 9.99038339e-01],
       [8.62305693e-04, 9.99137640e-01],
       [8.78180901e-04, 9.99121845e-01],
       [3.83246836e-04, 9.99616742e-01],
       [1.79922106e-04, 9.99820054e-01],
       [1.20089855e-03, 9.98799086e-01],
       [4.13917558e-04, 9.99586046e-01],
       [5.26058546e-04, 9.99473989e-01],
       [1.50634593e-03, 9.98493671e-01],
       [1.06344407e-03, 9.98936594e-01],
       [9.97956959e-04, 9.99002039e-01],
       [1.20629778e-03, 9.98793721e-01],
       [1.01504230e-03, 9.98984993e-01],
       [1.45688071e-03, 9.98543143e-01],
       [1.13204645e-03, 9.98867989e-01],
       [2.39907502e-04, 9.99760091e-01],
       [2.60675850e-04, 9.99739349e-01],
       [8.15039384e-04, 9.99184906e-01]], dtype=float32)