array([[4.9179491e-01, 5.0820512e-01],
       [2.5296265e-01, 7.4703735e-01],
       [2.3433892e-01, 7.6566106e-01],
       [2.1488732e-01, 7.8511268e-01],
       [3.6892644e-01, 6.3107359e-01],
       [3.0150011e-01, 6.9849992e-01],
       [5.2643079e-01, 4.7356921e-01],
       [3.1238446e-01, 6.8761551e-01],
       [1.7140408e-01, 8.2859588e-01],
       [1.3829876e-01, 8.6170125e-01],
       [4.4004779e-02, 9.5599526e-01],
       [3.4948740e-02, 9.6505129e-01],
       [4.7507569e-02, 9.5249236e-01],
       [2.7303556e-02, 9.7269642e-01],
       [2.3784688e-02, 9.7621524e-01],
       [2.3447476e-02, 9.7655255e-01],
       [5.5041075e-02, 9.4495887e-01],
       [1.9729445e-02, 9.8027050e-01],
       [6.2444606e-03, 9.9375558e-01],
       [1.6227184e-03, 9.9837732e-01],
       [9.4980153e-04, 9.9905020e-01],
       [6.3468795e-03, 9.9365306e-01],
       [1.9985797e-02, 9.8001420e-01],
       [3.6773193e-03, 9.9632275e-01],
       [1.9657416e-03, 9.9803430e-01],
       [4.4899932e-03, 9.9550998e-01],
       [2.5823482e-03, 9.9741769e-01],
       [1.1849728e-03, 9.9881506e-01],
       [2.1273235e-03, 9.9787271e-01],
       [9.8270888e-04, 9.9901724e-01],
       [9.8570809e-04, 9.9901426e-01],
       [1.9874740e-02, 9.8012525e-01],
       [1.0661410e-02, 9.8933864e-01],
       [3.2560814e-03, 9.9674392e-01],
       [2.1526332e-03, 9.9784732e-01],
       [1.1408335e-03, 9.9885917e-01],
       [1.0846241e-03, 9.9891543e-01],
       [3.0176837e-03, 9.9698228e-01],
       [2.3213674e-03, 9.9767870e-01],
       [4.3481505e-03, 9.9565190e-01],
       [1.4633253e-03, 9.9853671e-01],
       [2.3289633e-03, 9.9767107e-01]], dtype=float32)