array([[4.34982002e-01, 5.65018058e-01],
       [3.05225074e-01, 6.94774926e-01],
       [1.90818027e-01, 8.09181929e-01],
       [1.26696765e-01, 8.73303175e-01],
       [5.33438846e-02, 9.46656168e-01],
       [6.09506369e-02, 9.39049363e-01],
       [7.82643072e-03, 9.92173553e-01],
       [5.99654578e-03, 9.94003475e-01],
       [2.98777362e-03, 9.97012258e-01],
       [3.33583495e-03, 9.96664107e-01],
       [5.67078264e-03, 9.94329274e-01],
       [1.45807571e-03, 9.98541951e-01],
       [1.87757274e-03, 9.98122394e-01],
       [5.12651051e-04, 9.99487281e-01],
       [5.31483558e-04, 9.99468505e-01],
       [1.82132970e-03, 9.98178720e-01],
       [2.41948874e-03, 9.97580528e-01],
       [9.31001559e-04, 9.99069035e-01],
       [2.07854109e-03, 9.97921526e-01],
       [1.92321674e-03, 9.98076797e-01],
       [8.14229308e-04, 9.99185741e-01],
       [1.60456577e-03, 9.98395383e-01],
       [1.12351414e-03, 9.98876512e-01],
       [1.69764319e-03, 9.98302341e-01],
       [1.93508982e-03, 9.98064935e-01],
       [2.49427068e-03, 9.97505724e-01],
       [1.09343301e-03, 9.98906612e-01],
       [8.64173810e-04, 9.99135911e-01],
       [1.20560161e-03, 9.98794317e-01],
       [9.10723931e-04, 9.99089241e-01],
       [5.24854928e-04, 9.99475181e-01],
       [9.13473661e-04, 9.99086499e-01],
       [1.79611321e-03, 9.98203874e-01],
       [5.51886857e-04, 9.99448121e-01],
       [1.84872781e-03, 9.98151243e-01],
       [1.09706551e-03, 9.98902917e-01],
       [4.22588055e-04, 9.99577463e-01],
       [5.82532084e-04, 9.99417543e-01],
       [7.79018621e-04, 9.99220967e-01],
       [9.66723019e-04, 9.99033332e-01],
       [1.78372301e-03, 9.98216212e-01],
       [1.62744231e-03, 9.98372614e-01],
       [4.08885593e-04, 9.99591172e-01],
       [1.15281297e-03, 9.98847127e-01],
       [1.05545740e-03, 9.98944581e-01],
       [7.24430778e-04, 9.99275625e-01],
       [9.74918483e-04, 9.99025106e-01],
       [1.01198524e-03, 9.98987973e-01],
       [1.68573845e-03, 9.98314261e-01],
       [1.74422527e-03, 9.98255789e-01],
       [5.30221150e-04, 9.99469817e-01],
       [4.89353552e-04, 9.99510646e-01],
       [8.43661081e-04, 9.99156356e-01],
       [5.52346231e-04, 9.99447644e-01],
       [7.97787856e-04, 9.99202192e-01],
       [3.60705890e-04, 9.99639273e-01],
       [5.31436992e-04, 9.99468625e-01],
       [2.62237363e-03, 9.97377634e-01],
       [1.11583574e-03, 9.98884141e-01],
       [4.06226958e-04, 9.99593794e-01],
       [1.32141984e-03, 9.98678505e-01],
       [1.03541615e-03, 9.98964548e-01],
       [1.59140781e-03, 9.98408616e-01],
       [9.02061933e-04, 9.99097943e-01],
       [1.09436933e-03, 9.98905659e-01],
       [3.75997648e-02, 9.62400258e-01],
       [5.04923798e-02, 9.49507594e-01],
       [7.67626539e-02, 9.23237324e-01],
       [2.30941996e-01, 7.69057989e-01],
       [4.98860031e-01, 5.01140058e-01],
       [5.59251308e-01, 4.40748692e-01],
       [5.56396425e-01, 4.43603575e-01],
       [1.15994744e-01, 8.84005249e-01],
       [4.18893874e-01, 5.81106067e-01],
       [9.93399173e-02, 9.00660157e-01],
       [5.06665051e-01, 4.93334919e-01]], dtype=float32)