array([[7.1551562e-03, 9.9284488e-01],
       [1.3739948e-02, 9.8626000e-01],
       [2.8994759e-03, 9.9710053e-01],
       [5.9810276e-03, 9.9401903e-01],
       [1.2721953e-02, 9.8727798e-01],
       [4.7738380e-03, 9.9522614e-01],
       [1.7034155e-03, 9.9829656e-01],
       [1.7010181e-03, 9.9829906e-01],
       [1.1095909e-03, 9.9889046e-01],
       [2.3321318e-03, 9.9766785e-01],
       [6.6802453e-04, 9.9933189e-01],
       [2.6689615e-04, 9.9973315e-01],
       [1.0316648e-03, 9.9896836e-01],
       [4.7699397e-04, 9.9952304e-01],
       [6.2004570e-04, 9.9937987e-01],
       [7.4666698e-04, 9.9925333e-01],
       [2.1804735e-04, 9.9978191e-01],
       [1.8136016e-04, 9.9981862e-01],
       [5.3986261e-04, 9.9946016e-01],
       [3.7073385e-04, 9.9962926e-01],
       [2.8541833e-04, 9.9971455e-01],
       [4.2970135e-04, 9.9957031e-01],
       [6.7631033e-04, 9.9932373e-01],
       [1.8974728e-03, 9.9810261e-01],
       [2.0216859e-03, 9.9797839e-01],
       [9.7313116e-04, 9.9902689e-01],
       [8.3430012e-04, 9.9916577e-01],
       [4.1327984e-03, 9.9586725e-01],
       [1.3402412e-02, 9.8659760e-01],
       [1.6648199e-02, 9.8335177e-01],
       [7.2903432e-02, 9.2709655e-01],
       [2.2073917e-01, 7.7926081e-01],
       [4.6065953e-02, 9.5393407e-01],
       [1.5503925e-02, 9.8449612e-01],
       [3.8589865e-02, 9.6141011e-01],
       [7.6486990e-02, 9.2351305e-01],
       [5.3510141e-02, 9.4648987e-01],
       [2.7517023e-02, 9.7248298e-01],
       [4.7741953e-02, 9.5225805e-01],
       [5.2853964e-02, 9.4714600e-01]], dtype=float32)