array([[7.52969226e-03, 9.92470264e-01],
       [1.17934598e-02, 9.88206565e-01],
       [6.88290037e-03, 9.93117094e-01],
       [1.82400197e-02, 9.81759965e-01],
       [1.26465745e-02, 9.87353444e-01],
       [6.32942561e-03, 9.93670583e-01],
       [9.96234734e-03, 9.90037680e-01],
       [7.34707108e-03, 9.92652893e-01],
       [4.62048501e-03, 9.95379567e-01],
       [6.09541778e-03, 9.93904531e-01],
       [7.07491720e-03, 9.92925048e-01],
       [4.24436945e-03, 9.95755672e-01],
       [6.44236850e-03, 9.93557632e-01],
       [4.50109644e-03, 9.95498836e-01],
       [3.84331075e-03, 9.96156752e-01],
       [2.55854288e-03, 9.97441411e-01],
       [5.54307876e-03, 9.94456887e-01],
       [1.36095460e-03, 9.98639047e-01],
       [7.47275352e-03, 9.92527246e-01],
       [8.51090183e-04, 9.99148846e-01],
       [2.50638928e-03, 9.97493625e-01],
       [1.08856591e-03, 9.98911381e-01],
       [1.89242396e-03, 9.98107553e-01],
       [1.97731471e-03, 9.98022676e-01],
       [7.33092427e-04, 9.99266922e-01],
       [4.65067191e-04, 9.99534965e-01],
       [2.79726414e-03, 9.97202754e-01],
       [7.15052767e-04, 9.99284923e-01],
       [3.95196432e-04, 9.99604881e-01],
       [1.53616827e-03, 9.98463869e-01],
       [1.68414880e-03, 9.98315930e-01],
       [8.37593456e-04, 9.99162436e-01],
       [9.34877899e-04, 9.99065101e-01],
       [2.05325102e-03, 9.97946799e-01],
       [2.48020981e-04, 9.99751985e-01],
       [1.13290572e-03, 9.98867154e-01],
       [1.39135669e-03, 9.98608649e-01],
       [2.50310358e-03, 9.97496903e-01],
       [4.52495692e-03, 9.95474994e-01],
       [1.05190510e-02, 9.89480972e-01],
       [1.34616513e-02, 9.86538410e-01],
       [2.34104041e-02, 9.76589620e-01],
       [2.60537826e-02, 9.73946273e-01],
       [1.17454017e-02, 9.88254547e-01],
       [1.49489176e-02, 9.85051036e-01],
       [4.96636219e-02, 9.50336397e-01],
       [2.94127557e-02, 9.70587254e-01],
       [4.70186099e-02, 9.52981353e-01],
       [2.76277550e-02, 9.72372293e-01],
       [2.09480189e-02, 9.79051948e-01],
       [1.12575879e-02, 9.88742352e-01],
       [8.42993408e-02, 9.15700614e-01],
       [9.96850803e-02, 9.00314927e-01],
       [3.52609977e-02, 9.64738965e-01],
       [3.58053371e-02, 9.64194655e-01],
       [1.77923013e-02, 9.82207716e-01],
       [2.71582752e-02, 9.72841740e-01],
       [3.22863720e-02, 9.67713594e-01],
       [1.01428470e-02, 9.89857197e-01],
       [2.43312325e-02, 9.75668788e-01],
       [4.79987226e-02, 9.52001274e-01],
       [2.00848542e-02, 9.79915202e-01],
       [4.95895669e-02, 9.50410485e-01],
       [1.24017112e-01, 8.75982881e-01],
       [6.79557323e-02, 9.32044268e-01],
       [4.71819825e-02, 9.52818036e-01],
       [2.25319788e-02, 9.77468014e-01],
       [7.27363452e-02, 9.27263737e-01],
       [2.48498976e-01, 7.51500964e-01],
       [2.22832516e-01, 7.77167439e-01],
       [4.35350925e-01, 5.64649045e-01],
       [2.97193885e-01, 7.02806115e-01],
       [6.26317561e-01, 3.73682439e-01],
       [8.09330761e-01, 1.90669283e-01],
       [8.59295249e-01, 1.40704706e-01],
       [9.08745229e-01, 9.12548229e-02],
       [8.64567935e-01, 1.35432020e-01],
       [8.87458742e-01, 1.12541303e-01],
       [8.66373181e-01, 1.33626804e-01],
       [8.66531849e-01, 1.33468181e-01],
       [8.65682840e-01, 1.34317175e-01]], dtype=float32)