array([[5.40134357e-03, 9.94598627e-01],
       [1.53647538e-03, 9.98463511e-01],
       [1.52726902e-03, 9.98472750e-01],
       [7.67875405e-04, 9.99232173e-01],
       [1.05008110e-03, 9.98949945e-01],
       [1.97932962e-03, 9.98020649e-01],
       [1.36721949e-03, 9.98632729e-01],
       [1.91714510e-03, 9.98082876e-01],
       [6.35854783e-04, 9.99364197e-01],
       [3.21483094e-04, 9.99678493e-01],
       [1.94827633e-04, 9.99805152e-01],
       [8.78925144e-04, 9.99121130e-01],
       [4.87992918e-04, 9.99511957e-01],
       [3.40786850e-04, 9.99659181e-01],
       [2.87665811e-04, 9.99712288e-01],
       [2.93810328e-04, 9.99706209e-01],
       [9.65067011e-04, 9.99035001e-01],
       [6.40101265e-04, 9.99359906e-01],
       [1.19913090e-03, 9.98800874e-01],
       [2.04949174e-03, 9.97950494e-01],
       [7.51332147e-04, 9.99248683e-01],
       [1.26750628e-03, 9.98732507e-01],
       [1.52735692e-03, 9.98472631e-01],
       [1.88842393e-03, 9.98111606e-01],
       [6.72524271e-04, 9.99327540e-01],
       [1.12019700e-03, 9.98879850e-01],
       [1.27218035e-03, 9.98727858e-01],
       [7.32192362e-04, 9.99267757e-01],
       [9.14458185e-04, 9.99085546e-01],
       [2.20129179e-04, 9.99779880e-01],
       [1.06260646e-03, 9.98937428e-01],
       [5.82683366e-03, 9.94173110e-01],
       [2.60959403e-03, 9.97390449e-01],
       [7.31390063e-03, 9.92686152e-01],
       [2.12662714e-03, 9.97873425e-01],
       [9.23276413e-03, 9.90767181e-01],
       [9.32484120e-03, 9.90675151e-01],
       [4.95110871e-03, 9.95048821e-01],
       [3.44772032e-03, 9.96552229e-01],
       [1.08752633e-02, 9.89124775e-01],
       [4.07666806e-03, 9.95923281e-01],
       [4.83051920e-03, 9.95169461e-01],
       [5.50945383e-03, 9.94490504e-01],
       [9.02269222e-03, 9.90977287e-01],
       [7.89865851e-03, 9.92101371e-01],
       [5.68509242e-03, 9.94314849e-01],
       [1.07366722e-02, 9.89263356e-01],
       [1.87707078e-02, 9.81229305e-01],
       [3.25941406e-02, 9.67405796e-01],
       [4.30114642e-02, 9.56988513e-01],
       [1.47061963e-02, 9.85293806e-01],
       [4.13693152e-02, 9.58630681e-01],
       [3.00303586e-02, 9.69969630e-01],
       [1.81053225e-02, 9.81894672e-01],
       [5.46607710e-02, 9.45339262e-01],
       [8.32454264e-02, 9.16754603e-01],
       [6.14108518e-02, 9.38589215e-01],
       [1.15124859e-01, 8.84875119e-01],
       [7.56239966e-02, 9.24376011e-01],
       [9.28359404e-02, 9.07164097e-01],
       [6.82055205e-02, 9.31794465e-01],
       [8.18344057e-02, 9.18165624e-01],
       [6.38289824e-02, 9.36170995e-01],
       [7.99443945e-02, 9.20055628e-01],
       [7.41262957e-02, 9.25873637e-01],
       [3.37520465e-02, 9.66247916e-01],
       [6.32188842e-02, 9.36781108e-01],
       [7.69321099e-02, 9.23067868e-01],
       [9.06653628e-02, 9.09334600e-01],
       [4.08067442e-02, 9.59193230e-01],
       [5.29338680e-02, 9.47066128e-01],
       [1.95804257e-02, 9.80419576e-01],
       [3.18578109e-02, 9.68142152e-01],
       [2.65582409e-02, 9.73441780e-01],
       [1.59512144e-02, 9.84048724e-01],
       [3.47409844e-02, 9.65259075e-01],
       [2.70481743e-02, 9.72951829e-01],
       [2.21431740e-02, 9.77856815e-01],
       [2.67478861e-02, 9.73252118e-01],
       [2.54460555e-02, 9.74554002e-01],
       [2.47924756e-02, 9.75207508e-01],
       [2.03398708e-02, 9.79660094e-01],
       [1.25198122e-02, 9.87480223e-01],
       [5.53331040e-02, 9.44666922e-01],
       [3.34686041e-02, 9.66531396e-01],
       [3.95257436e-02, 9.60474193e-01],
       [6.14821203e-02, 9.38517869e-01],
       [8.12802464e-02, 9.18719769e-01],
       [5.85911423e-02, 9.41408813e-01],
       [1.07623935e-01, 8.92376065e-01],
       [3.54965180e-02, 9.64503467e-01],
       [2.48943307e-02, 9.75105703e-01],
       [4.28595245e-02, 9.57140505e-01],
       [1.78392865e-02, 9.82160687e-01],
       [1.97809916e-02, 9.80218947e-01],
       [4.58031073e-02, 9.54196870e-01],
       [3.20008844e-02, 9.67999160e-01],
       [3.53764705e-02, 9.64623511e-01],
       [6.47667912e-04, 9.99352276e-01],
       [8.87332135e-04, 9.99112666e-01],
       [3.67626839e-04, 9.99632359e-01],
       [1.07054913e-03, 9.98929441e-01],
       [5.04698022e-04, 9.99495268e-01],
       [4.66279715e-04, 9.99533772e-01],
       [2.51404359e-04, 9.99748647e-01],
       [7.45013356e-04, 9.99255002e-01],
       [7.45194731e-04, 9.99254763e-01],
       [5.77436411e-04, 9.99422550e-01],
       [1.76843593e-03, 9.98231590e-01],
       [1.31620222e-03, 9.98683751e-01],
       [2.19095079e-03, 9.97809112e-01],
       [1.36927841e-03, 9.98630702e-01],
       [2.83073098e-03, 9.97169316e-01],
       [2.02808692e-03, 9.97971952e-01],
       [5.11515047e-03, 9.94884789e-01],
       [9.91728972e-04, 9.99008358e-01],
       [1.73596630e-03, 9.98264015e-01],
       [1.03320554e-03, 9.98966813e-01],
       [3.00670345e-03, 9.96993303e-01],
       [1.84360752e-03, 9.98156369e-01],
       [8.03921279e-03, 9.91960824e-01],
       [7.28710461e-03, 9.92712915e-01],
       [2.46813484e-02, 9.75318611e-01],
       [2.23758090e-02, 9.77624178e-01]], dtype=float32)