array([[0.8417644 , 0.15823562],
       [0.53829074, 0.46170926],
       [0.5764591 , 0.4235409 ],
       [0.32285246, 0.67714757],
       [0.20164755, 0.7983525 ],
       [0.26505893, 0.734941  ],
       [0.40743086, 0.5925692 ],
       [0.18877368, 0.8112263 ],
       [0.24961264, 0.7503874 ],
       [0.1049315 , 0.8950685 ],
       [0.07585011, 0.9241499 ],
       [0.05449002, 0.94550997],
       [0.5671637 , 0.43283632],
       [0.13278097, 0.86721903],
       [0.06159095, 0.93840903],
       [0.06492472, 0.9350753 ],
       [0.08269399, 0.91730595],
       [0.26553383, 0.73446614]], dtype=float32)