array([[3.3146440e-04, 9.9966860e-01],
       [1.3944800e-03, 9.9860555e-01],
       [2.3280128e-03, 9.9767202e-01],
       [1.1396550e-03, 9.9886036e-01],
       [4.2556864e-04, 9.9957448e-01],
       [2.3894597e-04, 9.9976104e-01],
       [4.0569095e-04, 9.9959427e-01],
       [9.5652253e-04, 9.9904341e-01],
       [2.0454826e-03, 9.9795449e-01],
       [1.7394794e-03, 9.9826056e-01],
       [2.1531598e-03, 9.9784684e-01],
       [2.0722621e-03, 9.9792778e-01],
       [8.5283763e-04, 9.9914718e-01],
       [6.8358349e-04, 9.9931645e-01],
       [1.4189685e-03, 9.9858105e-01],
       [1.2002220e-04, 9.9987996e-01],
       [4.7625659e-04, 9.9952376e-01],
       [2.0551929e-04, 9.9979454e-01],
       [4.1943113e-04, 9.9958056e-01],
       [5.2063016e-04, 9.9947935e-01],
       [5.0429389e-04, 9.9949574e-01],
       [5.4791750e-04, 9.9945205e-01],
       [5.6070864e-04, 9.9943930e-01],
       [2.1885587e-03, 9.9781150e-01],
       [2.7564608e-02, 9.7243541e-01],
       [5.5998731e-03, 9.9440008e-01],
       [1.1019281e-02, 9.8898077e-01],
       [1.4969072e-01, 8.5030925e-01],
       [9.0489082e-02, 9.0951085e-01],
       [8.0084782e-03, 9.9199158e-01],
       [5.2636575e-02, 9.4736350e-01]], dtype=float32)