array([[2.5257573e-03, 9.9747425e-01],
       [9.2102372e-04, 9.9907899e-01],
       [6.4573665e-05, 9.9993539e-01],
       [8.1831089e-04, 9.9918169e-01],
       [6.4028031e-04, 9.9935967e-01],
       [4.2567954e-05, 9.9995744e-01],
       [5.4072359e-05, 9.9994588e-01],
       [4.3332856e-03, 9.9566674e-01],
       [4.2587062e-03, 9.9574137e-01],
       [1.1624725e-02, 9.8837531e-01],
       [1.8152544e-02, 9.8184747e-01],
       [1.7597646e-02, 9.8240238e-01],
       [3.8144004e-02, 9.6185601e-01],
       [6.0922476e-03, 9.9390775e-01],
       [1.3503452e-02, 9.8649651e-01],
       [3.9262609e-03, 9.9607372e-01],
       [4.7188574e-03, 9.9528116e-01],
       [7.0383856e-03, 9.9296159e-01],
       [7.7274151e-04, 9.9922729e-01],
       [2.5420177e-03, 9.9745804e-01],
       [2.3645263e-03, 9.9763548e-01],
       [2.3802491e-03, 9.9761969e-01],
       [6.4414588e-04, 9.9935585e-01],
       [3.8838555e-04, 9.9961168e-01],
       [3.8059498e-04, 9.9961936e-01],
       [3.2180265e-04, 9.9967825e-01],
       [3.7549654e-04, 9.9962449e-01],
       [2.2758497e-04, 9.9977237e-01],
       [4.5694012e-04, 9.9954307e-01],
       [6.9739576e-04, 9.9930263e-01],
       [1.4832470e-03, 9.9851674e-01],
       [2.0707126e-03, 9.9792933e-01],
       [1.3369087e-03, 9.9866307e-01],
       [9.3640859e-04, 9.9906355e-01],
       [2.7253994e-04, 9.9972743e-01],
       [3.0275859e-04, 9.9969733e-01],
       [2.8153518e-04, 9.9971849e-01],
       [3.3293801e-04, 9.9966705e-01],
       [2.1457407e-04, 9.9978548e-01],
       [5.2509265e-04, 9.9947494e-01],
       [2.1168847e-04, 9.9978834e-01],
       [7.5869716e-04, 9.9924135e-01],
       [1.4443576e-04, 9.9985552e-01],
       [9.2025264e-04, 9.9907970e-01],
       [3.3817827e-04, 9.9966180e-01],
       [2.3662464e-03, 9.9763370e-01],
       [7.8096229e-04, 9.9921906e-01],
       [5.8455963e-04, 9.9941540e-01],
       [7.7384932e-04, 9.9922609e-01],
       [7.0584437e-04, 9.9929416e-01],
       [4.8944989e-04, 9.9951053e-01],
       [1.4972221e-03, 9.9850285e-01],
       [1.1950351e-03, 9.9880493e-01],
       [8.2289818e-04, 9.9917704e-01],
       [7.8057015e-04, 9.9921942e-01],
       [8.4962160e-04, 9.9915040e-01],
       [1.8031235e-03, 9.9819690e-01],
       [9.6974225e-04, 9.9903023e-01],
       [3.0952477e-04, 9.9969053e-01],
       [1.1836631e-03, 9.9881637e-01],
       [3.4762858e-04, 9.9965239e-01],
       [5.5864098e-04, 9.9944133e-01],
       [1.3115280e-03, 9.9868852e-01],
       [1.2821956e-03, 9.9871778e-01],
       [1.2745986e-03, 9.9872535e-01],
       [6.0730856e-03, 9.9392694e-01]], dtype=float32)