array([[4.1586128e-03, 9.9584132e-01],
       [1.6694933e-03, 9.9833053e-01],
       [7.2222005e-04, 9.9927777e-01],
       [7.2844391e-04, 9.9927157e-01],
       [1.9864163e-03, 9.9801362e-01],
       [1.2086170e-03, 9.9879140e-01],
       [8.2660484e-04, 9.9917334e-01],
       [4.8863061e-04, 9.9951136e-01],
       [1.7009377e-03, 9.9829906e-01],
       [8.5549703e-04, 9.9914443e-01],
       [9.1959181e-04, 9.9908042e-01],
       [2.8351168e-03, 9.9716491e-01],
       [5.7007428e-03, 9.9429929e-01],
       [6.9252582e-04, 9.9930751e-01],
       [3.2861177e-03, 9.9671388e-01],
       [1.0310766e-02, 9.8968923e-01],
       [4.8324247e-03, 9.9516761e-01],
       [2.0996733e-03, 9.9790037e-01],
       [2.8271743e-03, 9.9717283e-01],
       [3.5859344e-03, 9.9641412e-01],
       [9.7132633e-03, 9.9028671e-01],
       [6.1160792e-03, 9.9388391e-01],
       [4.7480874e-03, 9.9525189e-01],
       [1.3993175e-02, 9.8600686e-01],
       [4.1534421e-03, 9.9584657e-01],
       [1.4305972e-02, 9.8569399e-01],
       [1.2723145e-02, 9.8727685e-01],
       [1.0560095e-02, 9.8943990e-01],
       [6.2012170e-02, 9.3798780e-01]], dtype=float32)