array([[7.0394671e-01, 2.9605326e-01],
       [7.6868212e-01, 2.3131791e-01],
       [6.6571456e-01, 3.3428547e-01],
       [1.5803137e-01, 8.4196866e-01],
       [8.8471875e-02, 9.1152811e-01],
       [3.5766114e-02, 9.6423388e-01],
       [1.2076639e-02, 9.8792332e-01],
       [1.4476934e-02, 9.8552310e-01],
       [1.0307609e-02, 9.8969239e-01],
       [1.4522970e-03, 9.9854773e-01],
       [9.8740519e-04, 9.9901259e-01],
       [2.3246284e-03, 9.9767536e-01],
       [8.5217354e-04, 9.9914777e-01],
       [2.8486417e-03, 9.9715143e-01],
       [1.3954005e-02, 9.8604602e-01],
       [7.2891153e-03, 9.9271083e-01],
       [2.4523514e-03, 9.9754769e-01],
       [3.8675517e-03, 9.9613249e-01],
       [4.9503623e-03, 9.9504966e-01],
       [1.4535422e-02, 9.8546463e-01],
       [6.1998364e-02, 9.3800169e-01],
       [1.6865617e-02, 9.8313439e-01],
       [1.5339881e-02, 9.8466009e-01],
       [1.3746121e-02, 9.8625386e-01],
       [8.3196098e-03, 9.9168044e-01],
       [9.7323628e-03, 9.9026769e-01],
       [1.7148735e-02, 9.8285127e-01],
       [3.6172210e-03, 9.9638271e-01],
       [3.4864179e-03, 9.9651355e-01],
       [4.5820125e-03, 9.9541795e-01]], dtype=float32)