array([[9.5632666e-04, 9.9904364e-01],
       [3.9819637e-04, 9.9960178e-01],
       [7.1817863e-04, 9.9928182e-01],
       [1.8966041e-03, 9.9810338e-01],
       [4.3458058e-03, 9.9565423e-01],
       [1.5310234e-03, 9.9846894e-01],
       [1.3070337e-03, 9.9869293e-01],
       [3.1440740e-04, 9.9968565e-01],
       [6.3433545e-04, 9.9936563e-01],
       [1.3268649e-03, 9.9867320e-01],
       [2.6716574e-03, 9.9732828e-01],
       [1.0459939e-03, 9.9895394e-01],
       [9.1959926e-04, 9.9908042e-01],
       [1.1534563e-02, 9.8846543e-01],
       [2.1989692e-03, 9.9780101e-01],
       [1.2316242e-02, 9.8768383e-01],
       [6.0659084e-03, 9.9393409e-01],
       [8.4205940e-03, 9.9157941e-01],
       [1.6928000e-02, 9.8307192e-01],
       [5.2406080e-02, 9.4759387e-01],
       [5.8523472e-02, 9.4147658e-01],
       [4.8260324e-02, 9.5173967e-01],
       [1.4295207e-01, 8.5704786e-01],
       [3.6466727e-01, 6.3533270e-01],
       [4.9086648e-01, 5.0913346e-01],
       [5.6829375e-01, 4.3170628e-01],
       [8.3631337e-01, 1.6368665e-01],
       [7.4540609e-01, 2.5459391e-01],
       [9.4863719e-01, 5.1362786e-02],
       [9.4471627e-01, 5.5283777e-02],
       [9.6190542e-01, 3.8094569e-02]], dtype=float32)