array([[4.43855824e-04, 9.99556124e-01],
       [4.40340489e-04, 9.99559700e-01],
       [2.29686659e-04, 9.99770343e-01],
       [9.26996872e-05, 9.99907255e-01],
       [1.22915328e-04, 9.99877095e-01],
       [3.40866158e-04, 9.99659181e-01],
       [3.41968087e-04, 9.99657989e-01],
       [2.79190397e-04, 9.99720752e-01],
       [3.00595741e-04, 9.99699473e-01],
       [5.65299881e-04, 9.99434650e-01],
       [6.15997647e-04, 9.99383926e-01],
       [4.62681433e-04, 9.99537349e-01],
       [1.12148191e-04, 9.99887824e-01],
       [1.60364361e-04, 9.99839664e-01],
       [2.26837839e-03, 9.97731626e-01],
       [2.79091968e-04, 9.99720871e-01],
       [9.40932150e-05, 9.99905944e-01],
       [6.82341706e-05, 9.99931812e-01],
       [3.34043812e-04, 9.99665976e-01],
       [7.86338787e-05, 9.99921322e-01],
       [1.77707348e-04, 9.99822319e-01],
       [8.32045771e-05, 9.99916792e-01],
       [1.02944934e-04, 9.99897003e-01]], dtype=float32)