array([[0.05513998, 0.94486004],
       [0.06489136, 0.93510866],
       [0.05414286, 0.9458571 ],
       [0.05263965, 0.9473604 ],
       [0.04188516, 0.95811486],
       [0.00977073, 0.9902292 ],
       [0.00672128, 0.9932787 ],
       [0.00405834, 0.9959416 ],
       [0.00754269, 0.9924573 ],
       [0.00653967, 0.9934603 ],
       [0.00204375, 0.9979563 ],
       [0.00136906, 0.99863094],
       [0.00208357, 0.9979164 ],
       [0.00355229, 0.9964477 ],
       [0.00245095, 0.997549  ],
       [0.00218313, 0.9978168 ],
       [0.00460446, 0.9953955 ],
       [0.01678501, 0.9832149 ],
       [0.01255662, 0.9874434 ],
       [0.00226576, 0.9977342 ],
       [0.00417643, 0.9958236 ],
       [0.00719189, 0.9928081 ],
       [0.00288227, 0.99711776],
       [0.00333014, 0.9966698 ],
       [0.00893062, 0.9910693 ],
       [0.00194515, 0.99805486],
       [0.00567388, 0.99432606],
       [0.02270119, 0.9772988 ],
       [0.00461096, 0.995389  ],
       [0.00805468, 0.9919453 ],
       [0.01157071, 0.9884293 ],
       [0.01322993, 0.98677003],
       [0.00219757, 0.99780244],
       [0.01410383, 0.98589617],
       [0.00870178, 0.9912982 ],
       [0.00474871, 0.9952513 ],
       [0.00737127, 0.9926287 ],
       [0.00398534, 0.9960147 ],
       [0.0255371 , 0.97446287],
       [0.02823164, 0.9717684 ],
       [0.03383775, 0.96616226],
       [0.00884436, 0.9911556 ],
       [0.01678799, 0.98321205],
       [0.00818622, 0.9918138 ],
       [0.00607079, 0.99392927],
       [0.01416862, 0.9858314 ],
       [0.01578725, 0.9842128 ],
       [0.01924071, 0.9807593 ],
       [0.01736734, 0.98263264],
       [0.03217213, 0.9678278 ],
       [0.01013022, 0.9898698 ],
       [0.01040927, 0.9895907 ],
       [0.00678032, 0.9932197 ],
       [0.00272015, 0.99727976],
       [0.01677342, 0.9832266 ],
       [0.00339389, 0.9966061 ],
       [0.00443185, 0.9955681 ],
       [0.00444123, 0.99555874],
       [0.00574423, 0.9942557 ],
       [0.00812358, 0.99187636],
       [0.0144611 , 0.98553896],
       [0.00729917, 0.9927008 ],
       [0.00257955, 0.99742043],
       [0.00521946, 0.9947805 ],
       [0.00780468, 0.99219537],
       [0.0039254 , 0.9960747 ],
       [0.00325732, 0.99674267],
       [0.00537368, 0.99462634],
       [0.00778003, 0.99222   ],
       [0.01175322, 0.98824674],
       [0.00653892, 0.99346113],
       [0.00401352, 0.9959864 ],
       [0.01724515, 0.9827549 ],
       [0.00342225, 0.9965778 ],
       [0.00246901, 0.997531  ],
       [0.00135933, 0.9986407 ],
       [0.00231736, 0.9976826 ],
       [0.00258384, 0.99741614],
       [0.01112268, 0.98887736],
       [0.00387322, 0.99612683],
       [0.00849721, 0.99150276],
       [0.01234454, 0.98765546],
       [0.01290994, 0.98709005],
       [0.0080741 , 0.9919259 ],
       [0.00700658, 0.9929934 ],
       [0.03780369, 0.9621963 ],
       [0.02638327, 0.9736168 ],
       [0.01252188, 0.98747814],
       [0.01445281, 0.9855472 ],
       [0.01041063, 0.9895894 ],
       [0.00740995, 0.99259007],
       [0.00619634, 0.9938036 ],
       [0.00445816, 0.9955419 ],
       [0.00293109, 0.99706894],
       [0.0030552 , 0.99694484],
       [0.00585731, 0.9941427 ],
       [0.0189661 , 0.9810339 ],
       [0.01534266, 0.98465735],
       [0.00789309, 0.9921069 ],
       [0.00383448, 0.9961655 ],
       [0.00135963, 0.99864036],
       [0.00283061, 0.99716944],
       [0.00879698, 0.99120307],
       [0.01329142, 0.98670864],
       [0.00369458, 0.99630547],
       [0.00519218, 0.9948079 ],
       [0.00372754, 0.99627244],
       [0.01006246, 0.98993754],
       [0.00328879, 0.99671125],
       [0.00496281, 0.99503714],
       [0.00562247, 0.99437755],
       [0.01021272, 0.98978734],
       [0.03573812, 0.9642619 ],
       [0.04931843, 0.95068157],
       [0.1112849 , 0.88871515],
       [0.06554395, 0.93445605],
       [0.10704911, 0.89295095],
       [0.0686268 , 0.9313732 ],
       [0.07928823, 0.9207118 ],
       [0.12238123, 0.87761873],
       [0.09705412, 0.9029459 ],
       [0.09503208, 0.9049679 ],
       [0.14280103, 0.85719895],
       [0.05391797, 0.946082  ],
       [0.06360493, 0.93639505],
       [0.06332183, 0.9366782 ],
       [0.17932366, 0.8206763 ],
       [0.11188201, 0.88811797],
       [0.08724533, 0.91275465],
       [0.17245118, 0.8275488 ],
       [0.12971412, 0.87028587],
       [0.09649972, 0.90350026],
       [0.26050612, 0.73949385],
       [0.19913124, 0.8008687 ],
       [0.22640857, 0.7735914 ],
       [0.13729176, 0.86270833],
       [0.11413632, 0.88586366],
       [0.05673803, 0.943262  ],
       [0.04579827, 0.95420176],
       [0.10245476, 0.8975453 ],
       [0.08236224, 0.9176378 ],
       [0.0548122 , 0.9451878 ],
       [0.04128334, 0.9587167 ],
       [0.03431991, 0.96568006],
       [0.04189992, 0.9581001 ],
       [0.08563399, 0.91436607],
       [0.10827898, 0.89172107],
       [0.04887509, 0.9511249 ],
       [0.3606957 , 0.63930434]], dtype=float32)