array([[4.87932086e-01, 5.12067914e-01],
       [2.36511111e-01, 7.63488889e-01],
       [4.41651583e-01, 5.58348417e-01],
       [3.65483314e-01, 6.34516597e-01],
       [5.40868759e-01, 4.59131271e-01],
       [3.64652485e-01, 6.35347486e-01],
       [2.22634554e-01, 7.77365446e-01],
       [2.55110264e-01, 7.44889736e-01],
       [2.16782495e-01, 7.83217490e-01],
       [1.95208222e-01, 8.04791808e-01],
       [2.26362601e-01, 7.73637414e-01],
       [3.37383375e-02, 9.66261625e-01],
       [6.61894754e-02, 9.33810592e-01],
       [1.74454778e-01, 8.25545251e-01],
       [1.54725716e-01, 8.45274210e-01],
       [7.80543163e-02, 9.21945691e-01],
       [7.69925192e-02, 9.23007548e-01],
       [2.80981008e-02, 9.71901953e-01],
       [2.82373782e-02, 9.71762657e-01],
       [6.06241338e-02, 9.39375877e-01],
       [1.50441127e-02, 9.84955847e-01],
       [1.55304829e-02, 9.84469533e-01],
       [1.41257411e-02, 9.85874295e-01],
       [2.68523861e-02, 9.73147571e-01],
       [4.58532646e-02, 9.54146743e-01],
       [9.46510211e-02, 9.05349016e-01],
       [2.56208312e-02, 9.74379241e-01],
       [1.73880029e-02, 9.82612014e-01],
       [2.20173933e-02, 9.77982640e-01],
       [2.49847639e-02, 9.75015223e-01],
       [2.89241243e-02, 9.71075892e-01],
       [1.85182393e-02, 9.81481791e-01],
       [5.60993562e-03, 9.94390070e-01],
       [8.06462299e-03, 9.91935372e-01],
       [9.66689270e-03, 9.90333140e-01],
       [8.26978032e-03, 9.91730273e-01],
       [6.65477943e-03, 9.93345261e-01],
       [2.22378895e-02, 9.77762043e-01],
       [1.53019419e-02, 9.84697998e-01],
       [9.33882501e-03, 9.90661204e-01],
       [6.74361549e-03, 9.93256330e-01],
       [1.66491214e-02, 9.83350813e-01],
       [7.92922266e-03, 9.92070735e-01],
       [7.88638555e-03, 9.92113590e-01],
       [1.63658299e-02, 9.83634114e-01],
       [1.19075915e-02, 9.88092422e-01],
       [1.14299990e-02, 9.88570035e-01],
       [1.32996878e-02, 9.86700296e-01],
       [1.19315824e-02, 9.88068402e-01],
       [1.06941108e-02, 9.89305913e-01],
       [3.88736427e-02, 9.61126328e-01],
       [3.33602205e-02, 9.66639757e-01],
       [3.16412151e-02, 9.68358755e-01],
       [3.29154246e-02, 9.67084587e-01],
       [4.67370674e-02, 9.53262925e-01],
       [5.62078767e-02, 9.43792045e-01],
       [4.86563742e-02, 9.51343656e-01],
       [3.56184542e-02, 9.64381516e-01],
       [4.78476174e-02, 9.52152371e-01],
       [6.37393892e-02, 9.36260641e-01],
       [5.19171357e-02, 9.48082864e-01],
       [2.56004999e-03, 9.97439981e-01],
       [1.10874483e-02, 9.88912582e-01],
       [2.05009114e-02, 9.79499042e-01],
       [2.33203135e-02, 9.76679683e-01],
       [1.00415172e-02, 9.89958465e-01],
       [9.69949551e-03, 9.90300536e-01],
       [7.13206409e-03, 9.92867947e-01],
       [1.28441267e-02, 9.87155914e-01],
       [1.37116620e-02, 9.86288309e-01],
       [1.63131021e-02, 9.83686864e-01],
       [1.72856785e-02, 9.82714355e-01],
       [1.59599390e-02, 9.84040082e-01],
       [6.21432392e-03, 9.93785620e-01],
       [1.08402949e-02, 9.89159644e-01],
       [2.57398281e-03, 9.97425973e-01],
       [1.16473192e-03, 9.98835266e-01],
       [7.22514116e-04, 9.99277532e-01],
       [6.64722116e-04, 9.99335229e-01],
       [2.46973406e-03, 9.97530282e-01],
       [1.52708578e-03, 9.98472869e-01],
       [9.76972515e-04, 9.99023080e-01],
       [1.56434707e-03, 9.98435676e-01],
       [8.10147962e-04, 9.99189794e-01],
       [2.17589666e-03, 9.97824073e-01],
       [1.49695983e-03, 9.98503089e-01]], dtype=float32)