array([[4.3091964e-04, 9.9956912e-01],
       [1.6258936e-04, 9.9983740e-01],
       [1.5547632e-01, 8.4452367e-01],
       [3.8649058e-01, 6.1350942e-01],
       [5.7420957e-01, 4.2579049e-01],
       [7.0271605e-01, 2.9728398e-01],
       [5.6685841e-01, 4.3314153e-01],
       [2.6823226e-01, 7.3176777e-01],
       [5.3521818e-01, 4.6478185e-01],
       [5.9254247e-01, 4.0745756e-01],
       [8.3638358e-01, 1.6361643e-01],
       [7.5147671e-01, 2.4852329e-01],
       [6.4425749e-01, 3.5574251e-01],
       [7.0908362e-01, 2.9091641e-01],
       [6.5231645e-01, 3.4768361e-01],
       [7.3970991e-01, 2.6029003e-01],
       [6.6056150e-01, 3.3943853e-01],
       [8.2021230e-01, 1.7978770e-01],
       [8.3758676e-01, 1.6241327e-01],
       [5.3565323e-01, 4.6434674e-01],
       [7.6320565e-01, 2.3679434e-01],
       [7.1393788e-01, 2.8606212e-01],
       [5.7561094e-01, 4.2438903e-01],
       [6.1581373e-01, 3.8418627e-01],
       [6.4836854e-01, 3.5163149e-01],
       [4.9932531e-01, 5.0067472e-01],
       [5.7965082e-01, 4.2034915e-01],
       [4.6452242e-01, 5.3547758e-01],
       [5.9849572e-01, 4.0150428e-01],
       [6.6630256e-01, 3.3369741e-01],
       [8.0441624e-01, 1.9558378e-01],
       [6.8490911e-01, 3.1509084e-01],
       [8.0097288e-01, 1.9902718e-01],
       [7.5529975e-01, 2.4470028e-01],
       [6.4030570e-01, 3.5969424e-01],
       [5.9530514e-01, 4.0469486e-01],
       [6.5021437e-01, 3.4978569e-01],
       [6.4168197e-01, 3.5831809e-01],
       [5.3548235e-01, 4.6451768e-01],
       [5.3459173e-01, 4.6540833e-01],
       [5.6745523e-01, 4.3254474e-01],
       [6.8055600e-01, 3.1944406e-01],
       [6.8061650e-01, 3.1938347e-01],
       [4.8749608e-01, 5.1250392e-01],
       [2.7581286e-01, 7.2418714e-01],
       [4.3494666e-01, 5.6505334e-01],
       [6.6381615e-01, 3.3618388e-01],
       [5.2363092e-01, 4.7636902e-01],
       [5.3751212e-01, 4.6248782e-01],
       [4.4398358e-01, 5.5601645e-01],
       [4.0621483e-01, 5.9378523e-01],
       [7.2982442e-01, 2.7017552e-01],
       [3.8513461e-01, 6.1486542e-01],
       [4.3192095e-01, 5.6807905e-01],
       [3.4282738e-01, 6.5717262e-01],
       [4.0175992e-01, 5.9824008e-01],
       [1.2215486e-01, 8.7784511e-01],
       [1.2264804e-01, 8.7735200e-01],
       [4.2261043e-01, 5.7738960e-01],
       [1.9793673e-03, 9.9802065e-01],
       [7.3016190e-04, 9.9926978e-01],
       [1.8796761e-04, 9.9981207e-01],
       [2.6860036e-04, 9.9973136e-01]], dtype=float32)