array([[5.45542657e-01, 4.54457283e-01],
       [3.11773390e-01, 6.88226640e-01],
       [3.20118815e-01, 6.79881215e-01],
       [4.38347369e-01, 5.61652660e-01],
       [2.61936039e-01, 7.38063991e-01],
       [2.18346119e-01, 7.81653881e-01],
       [2.47220173e-01, 7.52779841e-01],
       [1.19907923e-01, 8.80092084e-01],
       [2.45247513e-01, 7.54752457e-01],
       [9.43203494e-02, 9.05679643e-01],
       [2.21389551e-02, 9.77860987e-01],
       [3.71513539e-03, 9.96284842e-01],
       [1.03563089e-02, 9.89643693e-01],
       [2.37765419e-03, 9.97622311e-01],
       [5.73230907e-03, 9.94267702e-01],
       [2.90324329e-03, 9.97096777e-01],
       [1.26605178e-03, 9.98733938e-01],
       [9.32039053e-04, 9.99067962e-01],
       [2.85475748e-04, 9.99714553e-01],
       [6.49495458e-04, 9.99350488e-01],
       [3.25999747e-04, 9.99673963e-01],
       [7.58122245e-04, 9.99241948e-01],
       [8.48795869e-04, 9.99151230e-01],
       [1.59051793e-03, 9.98409569e-01],
       [4.23910236e-03, 9.95760858e-01],
       [1.89257716e-03, 9.98107433e-01],
       [1.14213186e-03, 9.98857856e-01],
       [8.30133271e-04, 9.99169946e-01],
       [1.33070839e-03, 9.98669267e-01],
       [8.35641869e-04, 9.99164343e-01],
       [9.09631781e-04, 9.99090433e-01],
       [2.00701668e-03, 9.97992992e-01],
       [2.61567370e-03, 9.97384369e-01],
       [1.30167813e-03, 9.98698235e-01],
       [4.35234234e-03, 9.95647609e-01],
       [4.64067189e-03, 9.95359361e-01],
       [1.31727010e-03, 9.98682678e-01],
       [6.94849878e-04, 9.99305129e-01],
       [1.51819584e-03, 9.98481810e-01],
       [7.13021262e-04, 9.99286950e-01],
       [3.34588811e-04, 9.99665380e-01],
       [4.75128414e-04, 9.99524832e-01],
       [2.29218713e-04, 9.99770820e-01],
       [3.15932906e-04, 9.99684095e-01],
       [8.06155847e-04, 9.99193847e-01],
       [1.06435466e-04, 9.99893546e-01],
       [2.09333695e-04, 9.99790728e-01],
       [2.55551725e-03, 9.97444510e-01],
       [4.32590459e-04, 9.99567449e-01],
       [7.03473925e-05, 9.99929667e-01],
       [2.66764673e-05, 9.99973297e-01],
       [9.84395592e-05, 9.99901533e-01]], dtype=float32)