array([[0.82504284, 0.17495719],
       [0.5497995 , 0.45020044],
       [0.6849989 , 0.31500107],
       [0.63061154, 0.36938843],
       [0.7515863 , 0.24841376],
       [0.5869644 , 0.4130356 ],
       [0.9104033 , 0.08959675],
       [0.7149956 , 0.28500444],
       [0.7478601 , 0.25213993],
       [0.83221334, 0.16778667],
       [0.75616854, 0.24383143],
       [0.79679906, 0.20320095],
       [0.8115018 , 0.18849821],
       [0.7296798 , 0.2703202 ],
       [0.7047656 , 0.29523438],
       [0.7073688 , 0.29263124],
       [0.6635112 , 0.33648878],
       [0.80345386, 0.19654617],
       [0.8013961 , 0.1986039 ],
       [0.7584092 , 0.2415908 ],
       [0.8140455 , 0.18595448],
       [0.7902504 , 0.2097496 ],
       [0.8359509 , 0.16404909],
       [0.84636235, 0.15363766],
       [0.6137394 , 0.3862607 ],
       [0.6169997 , 0.38300028],
       [0.67573875, 0.32426122],
       [0.72407037, 0.27592963],
       [0.62353003, 0.37647   ],
       [0.576468  , 0.42353204],
       [0.70823455, 0.2917655 ],
       [0.33969   , 0.66031003],
       [0.5606748 , 0.43932524],
       [0.6742612 , 0.32573876],
       [0.6087125 , 0.39128748],
       [0.64090323, 0.35909674],
       [0.42954093, 0.57045907],
       [0.20511287, 0.79488707],
       [0.27736253, 0.7226374 ],
       [0.4975635 , 0.5024365 ],
       [0.342091  , 0.657909  ],
       [0.5813303 , 0.41866973],
       [0.35308522, 0.6469147 ],
       [0.5498824 , 0.4501176 ],
       [0.556205  , 0.44379497],
       [0.6042018 , 0.39579818],
       [0.5945666 , 0.40543345],
       [0.6685724 , 0.33142757],
       [0.81501704, 0.1849829 ],
       [0.70874554, 0.29125443],
       [0.6157487 , 0.38425127],
       [0.6903911 , 0.30960882],
       [0.63981897, 0.36018106],
       [0.48029706, 0.5197029 ],
       [0.5623483 , 0.43765163],
       [0.57724804, 0.422752  ],
       [0.54048604, 0.459514  ],
       [0.4181886 , 0.5818114 ],
       [0.31114864, 0.6888513 ],
       [0.3089864 , 0.6910136 ],
       [0.32887208, 0.6711279 ],
       [0.23764732, 0.7623527 ],
       [0.40044624, 0.59955376],
       [0.48321062, 0.5167894 ],
       [0.44585624, 0.5541437 ],
       [0.34335643, 0.6566435 ],
       [0.25937542, 0.74062467],
       [0.38282204, 0.617178  ],
       [0.3088796 , 0.6911204 ],
       [0.32528907, 0.6747109 ],
       [0.51822835, 0.48177162],
       [0.5594493 , 0.44055068],
       [0.5833266 , 0.4166735 ],
       [0.53474426, 0.46525568],
       [0.74438167, 0.2556184 ],
       [0.680414  , 0.31958598],
       [0.7521003 , 0.24789968]], dtype=float32)