array([[4.9472624e-01, 5.0527382e-01],
       [2.3310709e-01, 7.6689291e-01],
       [2.6564497e-01, 7.3435503e-01],
       [2.5814268e-01, 7.4185729e-01],
       [8.7786220e-02, 9.1221374e-01],
       [6.8550341e-02, 9.3144971e-01],
       [5.3692382e-02, 9.4630760e-01],
       [4.5483310e-02, 9.5451671e-01],
       [2.3916967e-02, 9.7608304e-01],
       [2.5153536e-02, 9.7484642e-01],
       [7.7044033e-02, 9.2295593e-01],
       [1.6536735e-02, 9.8346323e-01],
       [1.9671982e-02, 9.8032802e-01],
       [1.7010704e-02, 9.8298937e-01],
       [1.1150190e-02, 9.8884982e-01],
       [1.0389397e-02, 9.8961055e-01],
       [1.1200220e-02, 9.8879981e-01],
       [5.9289332e-03, 9.9407107e-01],
       [6.9001480e-03, 9.9309981e-01],
       [2.0493253e-03, 9.9795073e-01],
       [2.1773828e-03, 9.9782264e-01],
       [1.1207594e-03, 9.9887925e-01],
       [2.6899532e-03, 9.9731004e-01],
       [7.1178633e-04, 9.9928826e-01],
       [7.5370260e-04, 9.9924636e-01],
       [6.2321580e-04, 9.9937683e-01],
       [1.7236252e-03, 9.9827635e-01],
       [6.7334389e-04, 9.9932671e-01],
       [3.2665257e-03, 9.9673355e-01],
       [6.6609164e-03, 9.9333912e-01],
       [1.0339264e-03, 9.9896610e-01],
       [7.4165495e-04, 9.9925834e-01],
       [7.3068403e-04, 9.9926931e-01],
       [8.3666417e-04, 9.9916339e-01],
       [5.8579142e-03, 9.9414212e-01],
       [3.4984862e-03, 9.9650156e-01],
       [3.2728533e-03, 9.9672711e-01],
       [1.9366154e-03, 9.9806339e-01],
       [1.8814335e-03, 9.9811858e-01],
       [2.4560987e-04, 9.9975437e-01],
       [6.1634625e-04, 9.9938369e-01],
       [8.4877078e-04, 9.9915123e-01],
       [2.0849381e-03, 9.9791509e-01],
       [4.5479383e-04, 9.9954516e-01],
       [5.6381372e-04, 9.9943620e-01],
       [5.2564044e-04, 9.9947435e-01],
       [1.5416442e-03, 9.9845839e-01],
       [1.0870949e-03, 9.9891293e-01],
       [2.3329386e-03, 9.9766707e-01],
       [2.6736148e-03, 9.9732637e-01],
       [2.8632786e-03, 9.9713671e-01],
       [1.6311420e-03, 9.9836892e-01],
       [1.0410746e-02, 9.8958927e-01],
       [5.7419892e-03, 9.9425805e-01],
       [8.7023545e-03, 9.9129760e-01],
       [6.7259450e-03, 9.9327409e-01],
       [9.0297218e-03, 9.9097025e-01],
       [1.6134642e-02, 9.8386532e-01],
       [2.3178479e-03, 9.9768209e-01],
       [5.6981188e-03, 9.9430192e-01],
       [2.8167565e-03, 9.9718326e-01],
       [6.2842001e-03, 9.9371582e-01],
       [1.9977458e-02, 9.8002255e-01],
       [7.6805532e-02, 9.2319441e-01],
       [8.5910678e-02, 9.1408932e-01],
       [1.2898763e-01, 8.7101239e-01],
       [3.8184684e-02, 9.6181536e-01],
       [4.8848022e-02, 9.5115203e-01],
       [1.3045524e-01, 8.6954474e-01],
       [5.3791326e-01, 4.6208677e-01],
       [1.3745223e-01, 8.6254776e-01],
       [3.1301099e-01, 6.8698895e-01],
       [5.0088137e-01, 4.9911866e-01],
       [4.2936644e-01, 5.7063359e-01],
       [3.4703118e-01, 6.5296882e-01],
       [4.8190138e-01, 5.1809865e-01],
       [5.3797442e-01, 4.6202561e-01]], dtype=float32)