array([[8.2354653e-01, 1.7645344e-01],
       [8.5443282e-01, 1.4556718e-01],
       [8.0223072e-01, 1.9776925e-01],
       [8.7370813e-01, 1.2629187e-01],
       [9.0524888e-01, 9.4751157e-02],
       [8.6952621e-01, 1.3047375e-01],
       [4.5830235e-01, 5.4169762e-01],
       [4.8131338e-01, 5.1868665e-01],
       [1.2236790e-02, 9.8776323e-01],
       [7.4458856e-04, 9.9925536e-01],
       [3.7680694e-03, 9.9623197e-01],
       [4.4582714e-03, 9.9554175e-01],
       [2.8589175e-03, 9.9714112e-01],
       [2.8042184e-04, 9.9971956e-01],
       [1.5933160e-03, 9.9840671e-01],
       [2.2453130e-03, 9.9775475e-01],
       [1.6553182e-03, 9.9834466e-01],
       [1.8114893e-02, 9.8188514e-01],
       [3.2050665e-02, 9.6794933e-01],
       [2.4473302e-03, 9.9755269e-01],
       [2.3878226e-03, 9.9761224e-01],
       [4.3939319e-03, 9.9560601e-01],
       [4.5505548e-03, 9.9544948e-01],
       [4.1424534e-03, 9.9585754e-01],
       [6.2188758e-03, 9.9378115e-01],
       [9.7085135e-03, 9.9029154e-01],
       [6.0617812e-03, 9.9393821e-01],
       [4.8485743e-03, 9.9515140e-01]], dtype=float32)