array([[1.37401652e-03, 9.98625994e-01],
       [3.65472282e-03, 9.96345341e-01],
       [7.70130055e-03, 9.92298663e-01],
       [1.09704379e-02, 9.89029646e-01],
       [5.53164026e-03, 9.94468331e-01],
       [1.36312498e-02, 9.86368775e-01],
       [1.63793545e-02, 9.83620644e-01],
       [1.70642063e-02, 9.82935786e-01],
       [8.84253159e-03, 9.91157532e-01],
       [2.91556306e-02, 9.70844388e-01],
       [1.17590837e-01, 8.82409215e-01],
       [2.86445133e-02, 9.71355438e-01],
       [4.70914803e-02, 9.52908516e-01],
       [7.13701695e-02, 9.28629875e-01],
       [8.15389901e-02, 9.18461084e-01],
       [1.15722269e-01, 8.84277761e-01],
       [4.50767338e-01, 5.49232721e-01],
       [2.80331105e-01, 7.19668865e-01],
       [5.33820570e-01, 4.66179460e-01],
       [5.99975824e-01, 4.00024205e-01],
       [6.04186177e-01, 3.95813763e-01],
       [6.19247139e-01, 3.80752832e-01],
       [7.93930233e-01, 2.06069753e-01],
       [6.86357260e-01, 3.13642800e-01],
       [4.74646747e-01, 5.25353253e-01],
       [5.63360512e-01, 4.36639428e-01],
       [3.70789438e-01, 6.29210532e-01],
       [5.29008925e-01, 4.70991105e-01],
       [3.19449961e-01, 6.80550039e-01],
       [3.18359643e-01, 6.81640327e-01],
       [9.60452557e-02, 9.03954744e-01],
       [1.69926092e-01, 8.30073893e-01],
       [3.57988089e-01, 6.42011881e-01],
       [4.49415028e-01, 5.50585032e-01],
       [1.32246599e-01, 8.67753446e-01],
       [5.39638340e-01, 4.60361660e-01],
       [6.18217111e-01, 3.81782860e-01],
       [4.59069788e-01, 5.40930271e-01],
       [3.20607483e-01, 6.79392576e-01],
       [9.23602805e-02, 9.07639742e-01],
       [1.14271834e-01, 8.85728240e-01],
       [4.88712132e-01, 5.11287808e-01],
       [6.32254481e-01, 3.67745578e-01],
       [2.91029721e-01, 7.08970368e-01],
       [7.69213021e-01, 2.30786934e-01],
       [8.22072089e-01, 1.77927837e-01],
       [6.33497298e-01, 3.66502672e-01],
       [7.23223090e-01, 2.76776910e-01],
       [4.98705238e-01, 5.01294732e-01],
       [5.36104143e-01, 4.63895798e-01],
       [4.04548883e-01, 5.95451176e-01],
       [1.13102987e-01, 8.86897027e-01],
       [1.84337914e-01, 8.15662086e-01],
       [1.81917712e-01, 8.18082333e-01],
       [3.30211550e-01, 6.69788420e-01],
       [1.93099305e-01, 8.06900680e-01],
       [1.24305658e-01, 8.75694335e-01],
       [4.03740667e-02, 9.59625900e-01],
       [7.59024546e-02, 9.24097538e-01],
       [4.77911085e-02, 9.52208877e-01],
       [8.01932719e-03, 9.91980672e-01],
       [2.52678674e-02, 9.74732101e-01],
       [1.50497502e-03, 9.98494983e-01],
       [6.46840374e-04, 9.99353111e-01],
       [1.23976497e-04, 9.99876022e-01],
       [2.80701224e-05, 9.99971986e-01],
       [8.87737697e-05, 9.99911189e-01],
       [1.64410565e-04, 9.99835610e-01],
       [5.78426581e-04, 9.99421597e-01],
       [3.88417917e-04, 9.99611557e-01],
       [2.07286939e-04, 9.99792755e-01],
       [3.71924310e-04, 9.99628067e-01],
       [2.97061546e-04, 9.99702871e-01],
       [1.81190262e-04, 9.99818861e-01],
       [6.81726378e-05, 9.99931812e-01],
       [1.60338983e-04, 9.99839664e-01],
       [7.81781331e-04, 9.99218225e-01],
       [4.76688059e-04, 9.99523282e-01],
       [1.73070875e-04, 9.99826968e-01],
       [4.37320647e-04, 9.99562681e-01],
       [2.22906558e-04, 9.99777138e-01],
       [1.37491187e-03, 9.98625159e-01],
       [6.71051734e-04, 9.99328971e-01],
       [4.50642576e-04, 9.99549329e-01],
       [1.14468869e-03, 9.98855352e-01],
       [5.06510609e-04, 9.99493480e-01],
       [6.44080807e-04, 9.99355972e-01],
       [1.06233812e-03, 9.98937666e-01],
       [6.76806492e-04, 9.99323249e-01],
       [6.74226758e-05, 9.99932528e-01],
       [8.56591869e-05, 9.99914289e-01],
       [4.50889434e-04, 9.99549091e-01],
       [3.68185923e-04, 9.99631763e-01],
       [1.59102783e-04, 9.99840856e-01],
       [3.30542272e-04, 9.99669433e-01],
       [7.12181267e-04, 9.99287903e-01],
       [2.97992548e-04, 9.99702036e-01],
       [8.11826467e-05, 9.99918818e-01],
       [3.20582098e-04, 9.99679446e-01],
       [1.20620057e-03, 9.98793721e-01],
       [5.61934372e-04, 9.99438107e-01],
       [9.45904758e-04, 9.99054134e-01],
       [1.32063357e-03, 9.98679340e-01],
       [1.37594796e-03, 9.98624086e-01],
       [9.02945991e-04, 9.99097109e-01],
       [8.38000153e-04, 9.99161959e-01],
       [2.01784400e-03, 9.97982144e-01],
       [2.53744540e-04, 9.99746263e-01],
       [6.07479014e-04, 9.99392509e-01],
       [1.63497229e-03, 9.98364985e-01],
       [6.11803145e-04, 9.99388218e-01],
       [5.46875061e-04, 9.99453127e-01],
       [6.12652744e-04, 9.99387383e-01],
       [6.26805355e-04, 9.99373257e-01],
       [3.98853444e-04, 9.99601185e-01],
       [1.04172272e-03, 9.98958230e-01],
       [9.77012445e-04, 9.99022961e-01],
       [2.24361103e-03, 9.97756422e-01],
       [1.21639436e-03, 9.98783648e-01],
       [1.70857777e-04, 9.99829054e-01],
       [2.76245846e-04, 9.99723732e-01],
       [8.26110307e-04, 9.99173820e-01],
       [9.53987474e-04, 9.99046028e-01],
       [7.98794325e-04, 9.99201238e-01],
       [3.55197262e-04, 9.99644756e-01],
       [8.50136348e-05, 9.99915004e-01],
       [1.69689083e-05, 9.99983072e-01],
       [1.83678058e-04, 9.99816358e-01],
       [1.01161575e-04, 9.99898791e-01],
       [1.97017089e-05, 9.99980330e-01],
       [6.54308678e-05, 9.99934554e-01],
       [7.55094690e-04, 9.99244928e-01],
       [2.00658338e-04, 9.99799311e-01],
       [5.32375474e-04, 9.99467671e-01],
       [1.28650514e-04, 9.99871373e-01],
       [8.98247381e-05, 9.99910116e-01],
       [1.84713746e-04, 9.99815285e-01],
       [6.81637030e-04, 9.99318361e-01],
       [1.94754262e-04, 9.99805272e-01],
       [2.99364212e-04, 9.99700665e-01],
       [2.89218209e-04, 9.99710739e-01],
       [6.26982423e-04, 9.99373019e-01],
       [9.73158982e-04, 9.99026895e-01],
       [1.33546116e-03, 9.98664498e-01],
       [1.52456213e-03, 9.98475492e-01],
       [1.58611021e-03, 9.98413920e-01],
       [6.92377391e-04, 9.99307632e-01],
       [4.03218297e-03, 9.95967865e-01],
       [3.14459484e-03, 9.96855378e-01],
       [2.69285263e-03, 9.97307181e-01],
       [1.95466564e-03, 9.98045325e-01]], dtype=float32)