array([[4.7807139e-01, 5.2192855e-01],
       [2.8589147e-01, 7.1410847e-01],
       [1.0781325e-01, 8.9218682e-01],
       [4.1058313e-02, 9.5894170e-01],
       [2.9858170e-02, 9.7014183e-01],
       [7.5323088e-03, 9.9246770e-01],
       [7.1774940e-03, 9.9282259e-01],
       [4.8566065e-03, 9.9514341e-01],
       [3.7920966e-03, 9.9620783e-01],
       [1.6839916e-03, 9.9831605e-01],
       [1.7381932e-03, 9.9826187e-01],
       [2.9351471e-03, 9.9706489e-01],
       [1.3292864e-03, 9.9867070e-01],
       [1.6981248e-03, 9.9830186e-01],
       [1.7936307e-03, 9.9820638e-01],
       [7.7436829e-04, 9.9922562e-01],
       [6.0122879e-04, 9.9939871e-01],
       [1.3042234e-03, 9.9869579e-01],
       [1.9044536e-03, 9.9809557e-01],
       [8.4908376e-04, 9.9915087e-01],
       [1.1956476e-03, 9.9880433e-01],
       [1.1977142e-03, 9.9880230e-01],
       [1.3377155e-03, 9.9866223e-01],
       [4.9783285e-03, 9.9502170e-01],
       [2.9553194e-03, 9.9704474e-01],
       [1.0303123e-03, 9.9896967e-01],
       [8.0141099e-04, 9.9919862e-01],
       [1.4287116e-03, 9.9857128e-01],
       [1.4403790e-03, 9.9855965e-01],
       [1.1198386e-03, 9.9888021e-01],
       [2.5987555e-03, 9.9740124e-01],
       [1.4587443e-03, 9.9854124e-01],
       [3.2944714e-03, 9.9670559e-01],
       [1.5619850e-03, 9.9843806e-01],
       [1.1735450e-03, 9.9882644e-01],
       [8.5429871e-04, 9.9914563e-01],
       [1.5635564e-03, 9.9843639e-01],
       [2.2131538e-03, 9.9778688e-01],
       [3.4325437e-03, 9.9656749e-01],
       [3.5871938e-03, 9.9641281e-01],
       [1.6947970e-02, 9.8305202e-01],
       [9.8361187e-03, 9.9016386e-01],
       [1.1761660e-02, 9.8823839e-01],
       [9.1164187e-03, 9.9088353e-01],
       [1.3209842e-02, 9.8679012e-01],
       [9.3569644e-03, 9.9064308e-01],
       [4.2805108e-03, 9.9571949e-01],
       [7.1548307e-03, 9.9284512e-01],
       [8.0224145e-03, 9.9197757e-01],
       [2.9202669e-03, 9.9707967e-01],
       [1.9993009e-03, 9.9800068e-01],
       [1.2685402e-03, 9.9873143e-01],
       [2.9083455e-03, 9.9709165e-01],
       [3.1341698e-03, 9.9686581e-01],
       [2.1883941e-03, 9.9781162e-01],
       [9.0115797e-03, 9.9098843e-01],
       [2.7091829e-03, 9.9729079e-01],
       [2.7114826e-03, 9.9728858e-01],
       [1.9829199e-03, 9.9801707e-01],
       [2.0874378e-03, 9.9791259e-01],
       [1.2614232e-03, 9.9873859e-01],
       [1.7329693e-03, 9.9826705e-01],
       [2.1824401e-03, 9.9781752e-01],
       [1.9823064e-03, 9.9801767e-01],
       [1.0330831e-03, 9.9896693e-01],
       [7.5347925e-04, 9.9924660e-01],
       [4.9895083e-04, 9.9950099e-01],
       [1.3627822e-03, 9.9863726e-01],
       [1.0150002e-03, 9.9898499e-01],
       [5.0009269e-04, 9.9949992e-01],
       [7.3169789e-04, 9.9926835e-01],
       [1.4828983e-03, 9.9851710e-01],
       [5.6694052e-04, 9.9943298e-01],
       [1.5724518e-03, 9.9842763e-01],
       [9.0268446e-04, 9.9909735e-01],
       [1.3247184e-03, 9.9867529e-01],
       [2.3627495e-03, 9.9763727e-01],
       [2.1433330e-03, 9.9785668e-01],
       [4.2947140e-03, 9.9570531e-01],
       [1.9524009e-03, 9.9804759e-01],
       [4.5415806e-03, 9.9545848e-01],
       [1.7230732e-03, 9.9827695e-01],
       [7.2489292e-03, 9.9275112e-01],
       [7.1134898e-03, 9.9288648e-01],
       [1.2401761e-02, 9.8759824e-01],
       [1.9300958e-02, 9.8069900e-01],
       [1.2017000e-02, 9.8798299e-01],
       [1.4575139e-02, 9.8542482e-01],
       [6.9335774e-02, 9.3066424e-01],
       [1.4807248e-01, 8.5192752e-01]], dtype=float32)