array([[0.13478805, 0.86521196],
       [0.09333122, 0.9066687 ],
       [0.1265629 , 0.8734371 ],
       [0.23165134, 0.7683487 ],
       [0.44700378, 0.5529962 ],
       [0.26735348, 0.7326465 ],
       [0.22674128, 0.77325875],
       [0.2442414 , 0.75575864],
       [0.02421087, 0.97578907],
       [0.03285102, 0.96714896],
       [0.09324854, 0.90675145],
       [0.03347493, 0.966525  ],
       [0.06057442, 0.9394255 ],
       [0.04180029, 0.9581997 ],
       [0.01060161, 0.98939836],
       [0.01706517, 0.9829349 ],
       [0.02133485, 0.9786652 ],
       [0.00612014, 0.9938798 ],
       [0.0173854 , 0.9826146 ],
       [0.01061473, 0.9893853 ],
       [0.01060996, 0.9893901 ],
       [0.01193536, 0.9880647 ],
       [0.03361679, 0.96638316],
       [0.04050928, 0.9594908 ],
       [0.02660021, 0.9733998 ],
       [0.00647442, 0.9935256 ],
       [0.0025977 , 0.9974023 ],
       [0.00390356, 0.99609643],
       [0.00680625, 0.9931938 ],
       [0.00615325, 0.9938467 ],
       [0.06122914, 0.9387709 ],
       [0.03933564, 0.9606644 ],
       [0.08197319, 0.91802686],
       [0.03811796, 0.96188205],
       [0.01556214, 0.9844379 ],
       [0.00619843, 0.99380165],
       [0.00994785, 0.99005216],
       [0.0027902 , 0.99720985],
       [0.00413112, 0.9958689 ],
       [0.01365115, 0.98634887],
       [0.00682888, 0.9931711 ],
       [0.00134189, 0.99865806],
       [0.00844157, 0.99155843],
       [0.00230615, 0.99769384],
       [0.00611695, 0.993883  ],
       [0.0019213 , 0.9980787 ],
       [0.00505893, 0.9949411 ],
       [0.00296322, 0.9970368 ],
       [0.00286703, 0.9971329 ],
       [0.00223981, 0.9977602 ],
       [0.00430644, 0.99569356],
       [0.00463632, 0.9953637 ],
       [0.00114907, 0.99885094],
       [0.00371249, 0.99628747],
       [0.00180522, 0.99819475],
       [0.01077832, 0.9892217 ],
       [0.00569026, 0.99430966],
       [0.00581337, 0.99418664],
       [0.00312961, 0.99687046],
       [0.00832507, 0.99167496],
       [0.00757006, 0.9924299 ],
       [0.02575239, 0.97424763],
       [0.0141859 , 0.98581415],
       [0.0892441 , 0.9107559 ],
       [0.5905653 , 0.40943468],
       [0.4159705 , 0.5840295 ],
       [0.45864758, 0.5413524 ],
       [0.6233375 , 0.37666255],
       [0.5692325 , 0.43076748],
       [0.55052596, 0.44947404],
       [0.5268845 , 0.47311556]], dtype=float32)