array([[0.12605874, 0.87394124],
       [0.0223899 , 0.97761005],
       [0.03063797, 0.969362  ],
       [0.02733605, 0.97266394],
       [0.01945763, 0.9805424 ],
       [0.01500981, 0.9849902 ],
       [0.02828286, 0.9717172 ],
       [0.04024446, 0.95975554],
       [0.04179313, 0.9582069 ],
       [0.06480705, 0.93519294],
       [0.02455992, 0.9754401 ],
       [0.03727196, 0.9627281 ],
       [0.03382619, 0.9661738 ],
       [0.05242708, 0.9475729 ],
       [0.04126216, 0.95873785],
       [0.02773515, 0.9722649 ],
       [0.01417943, 0.98582053],
       [0.02417255, 0.97582746],
       [0.04393751, 0.9560625 ],
       [0.00731295, 0.9926871 ],
       [0.04638117, 0.9536188 ],
       [0.05377428, 0.9462257 ],
       [0.03644823, 0.9635518 ],
       [0.02941697, 0.97058296],
       [0.03761668, 0.9623833 ],
       [0.04568253, 0.95431745],
       [0.0338897 , 0.9661103 ],
       [0.05314445, 0.94685555],
       [0.04790901, 0.952091  ],
       [0.10634868, 0.89365125],
       [0.06114684, 0.93885314],
       [0.11667714, 0.88332283],
       [0.11956465, 0.8804353 ]], dtype=float32)