2,0,0.0397852,0.173592,0.08
0,0,0.384671,0.502445,0.385
3,0,0.112973,0.171171,0.33
4,0,0.183443,0.604016,0.143636
0,5,0.600542,0.788698,0.356667
1,5,0.549118,0.993464,0.237778
3,5,0.650273,0.952727,0.36
4,5,0.638818,0.926326,0.319167
3,10,0.601818,0.947552,0.31
2,0,0.224878,0.238483,0.69
0,5,0.34672,0.551556,0.384615
1,5,0.895871,0.948141,0.55
1,30,0.123402,0.565252,0.122857
0,25,0.642288,0.923081,0.350909
1,25,0,0,0
2,25,0.65,0.97619,0.2775
3,25,0.527833,0.943333,0.24
4,25,0,1,0
0,30,0.490937,0.612589,0.356667
1,30,0.480129,0.604593,0.364444
2,30,0.255524,0.378172,0.317692
3,30,0.00125,0.0277778,0.01
4,30,0.173955,0.462235,0.217778
0,35,0.193857,0.216532,0.68625
1,35,0.040388,0.073949,0.277857
2,35,0,0,0
3,35,0.533716,0.493114,0.498571
4,35,0.365978,0.599926,0.3125
0,40,0.64157,0.598059,0.504545
1,40,0.21273,0.27278,0.426667
2,40,0.565057,0.557374,0.448333
3,40,0.681975,0.547911,0.561429
4,40,0.00991863,0.0107214,0.466923
0,25,0.00777778,0.0555556,0.07
1,25,0.133404,0.202128,0.33
2,25,0.150396,0.332468,0.231
0,30,0.647519,0.975938,0.325556
1,30,0.0225,0.833333,0.01
2,30,0.748602,0.810553,0.485
0,35,0.573634,0.797846,0.356667
0,50,0.494716,0.664472,0.336667
0,45,0.507801,0.578157,0.360909
1,45,0.00662273,0.0101365,0.311765
2,45,0,0,0
3,45,0.00138614,0.0132013,0.0233333
4,45,0,0,0
0,50,0.20952,0.271071,0.345
1,50,0.00831171,0.0115837,0.46
2,50,0,0,0
3,50,0.736679,0.768185,0.525
4,50,0.0712348,0.107804,0.276667
0,55,0,0,0
1,55,0,0,0
2,55,0.00595021,0.0315148,0.08
3,55,0,0,0
4,55,0.000885436,0.00501424,0.0728571
0,60,0.145272,0.356269,0.294444
1,60,0.011625,0.0875,0.0325
2,60,0,0,0
3,60,0.50113,0.731304,0.284
4,60,0.470984,0.436381,0.396667
0,65,0.128333,0.740741,0.07
1,65,0,0,0
2,65,0.521908,0.708472,0.36
3,65,0.555181,0.556282,0.4875
4,65,0,0,0
0,70,0.00753206,0.0128338,0.334
1,70,0,0,0
2,70,0.00163346,0.00671026,0.106667
3,70,0.0187938,0.028404,0.474615
4,70,0.0294782,0.0872989,0.216667
0,45,0,0,0
1,45,0.881432,0.806878,0.584286
2,45,0.583213,0.867955,0.403333
0,50,0.918497,0.943172,0.478
1,50,0.738418,0.629362,0.64
2,50,0,0,0
0,55,0.02375,0.211905,0.04
1,55,0.606772,0.838361,0.356667
0,10,0.311038,0.424467,0.38875
0,15,0.116333,0.462708,0.223333
0,20,0.309353,0.843734,0.15875
0,25,0.155813,0.185959,0.542857
0,30,0.286255,0.424592,0.441818
0,35,0.778305,0.746834,0.533333
