0,0.672326,0.847335,0.629091
0,0.150299,0.289648,0.43375
0,0.521817,0.74163,0.56
5,0.206149,0.555359,0.27
5,0.145103,0.401905,0.268
5,0.652908,0.868084,0.609167
10,0.620531,0.800562,0.597
10,0.462462,0.750053,0.484
10,0.684755,0.887582,0.611538
15,0.38849,0.593621,0.41
15,0.476306,0.714458,0.525
15,0.567591,0.83574,0.550769
20,0.674218,0.850906,0.6325
20,0.643586,0.847968,0.61875
20,0.635927,0.845588,0.601429
25,0.378836,0.58839,0.501429
25,0.645254,0.863042,0.6075
25,0.675889,0.877955,0.622727
30,0.40169,0.642831,0.49
30,8e-05,0.008,0.005
30,0.482584,0.722554,0.53
35,0.421598,0.669599,0.500909
35,0.549782,0.771883,0.575556
35,0.359143,0.580763,0.517273
40,0.472524,0.707248,0.516
40,0.529834,0.752986,0.551538
40,0.362273,0.596424,0.496667
45,0.324103,0.595907,0.433333
45,0.206984,0.359723,0.485
45,0.284995,0.534705,0.391429
50,0.557783,0.800081,0.567273
50,0.426515,0.695141,0.483571
50,0.564438,0.804549,0.554286
55,0.594632,0.807023,0.5825
55,0.141751,0.36585,0.275
55,0.405357,0.71158,0.446316
60,0.532955,0.774126,0.527059
60,0.497872,0.756538,0.51
60,0.204906,0.459041,0.331765
65,0.434555,0.646877,0.505455
65,0.509326,0.737195,0.528667
65,0.58109,0.788636,0.562353
70,0.196636,0.433035,0.306667
70,0.319804,0.587818,0.415
70,0.370942,0.578435,0.517273
