1,0,0.19401,0.474932,0.32
0,0,0.148561,0.309373,0.430909
1,0,0.115412,0.267512,0.357
2,0,0.435693,0.724028,0.481875
4,0,0.356171,0.663079,0.392222
0,5,0.479941,0.744319,0.484444
1,5,0.0411726,0.150635,0.1975
2,5,0.0275075,0.122763,0.17
3,5,0.368907,0.678087,0.43
4,5,0.21099,0.402714,0.457692
0,10,0.344025,0.623002,0.44
1,10,0.621853,0.828116,0.574286
0,0,0.664274,0.852914,0.616
1,0,0.150219,0.289559,0.43375
2,0,0.514768,0.751096,0.54
0,5,0.180327,0.58994,0.2325
1,25,0.296579,0.460861,0.47
2,25,0.345938,0.64774,0.4325
3,25,0.691343,0.904777,0.61625
4,25,0.510447,0.839724,0.447778
0,30,0.533919,0.800307,0.522222
1,30,0.531451,0.793796,0.540833
2,30,0.132958,0.28885,0.397778
3,30,0.254899,0.536969,0.378571
4,30,0.517297,0.763544,0.530714
0,35,0.0945883,0.229734,0.33
1,35,0.033055,0.133982,0.188
2,35,0.482837,0.72987,0.500909
3,35,0.348139,0.631846,0.429375
4,35,0.464037,0.727206,0.473889
0,40,0.40916,0.695581,0.469167
1,40,0.434897,0.725696,0.470667
2,40,0.222077,0.384513,0.493
4,40,0.442556,0.74203,0.469375
0,25,0.418399,0.611416,0.4875
1,25,0.546401,0.811347,0.51
2,25,0.291661,0.552469,0.406667
0,30,0.580399,0.834319,0.565385
1,30,0.513943,0.84214,0.494444
2,30,0.441576,0.736123,0.482308
3,45,0.341191,0.592763,0.444615
0,45,0.335058,0.627651,0.395625
1,45,0.481957,0.759361,0.496667
2,45,0.502837,0.759945,0.515385
3,45,0.377723,0.678324,0.410455
4,45,0.356827,0.648613,0.438182
0,50,0.436043,0.713538,0.478571
1,50,0.464489,0.735427,0.493
2,50,0.0401836,0.213241,0.121538
3,50,0.0795229,0.217603,0.302667
4,50,0.23565,0.512713,0.338
0,55,0.584052,0.819221,0.576923
1,55,0.548583,0.807441,0.546154
2,55,0.548745,0.805555,0.495909
3,55,0.398081,0.632102,0.457222
4,55,0.416104,0.699393,0.474375
0,60,0.32918,0.618347,0.348
1,60,0.456073,0.731913,0.44
2,60,0.380906,0.66866,0.434286
3,60,0.510606,0.767723,0.504737
4,60,0.445742,0.708455,0.498
0,65,0.0321137,0.17916,0.116429
1,65,0.289653,0.571478,0.336111
2,65,0.400573,0.674888,0.417368
3,65,0.301644,0.594814,0.353478
4,65,0.204204,0.48354,0.300588
0,70,0.178485,0.444998,0.302222
1,70,0.281038,0.525142,0.4325
0,45,0.313395,0.610009,0.416154
1,45,0.203424,0.361545,0.473333
2,45,0.275635,0.553531,0.375833
0,50,0.550256,0.807379,0.556
1,50,0.426515,0.695141,0.483571
2,50,0.549797,0.824834,0.534167
0,45,0.460041,0.748531,0.4975
1,45,0.438943,0.705226,0.493846
2,45,0.466794,0.754734,0.492667
3,45,0.46009,0.753404,0.477273
4,45,0.514266,0.790515,0.479565
5,45,0.585851,0.8246,0.565385
