3,0.1155,0.1643,0.0,3,3,3,6.599977,6.59998,6.533319
6,0.7054,0.1582,0.0,3,3,3,3,3,3,3.666195,3.666199,3.699531,3.632874,3.666205,3.666207
9,0.8703,0.1582,0.0,3,3,3,3,3,3,3,3,3,2.433264,2.466598,2.566597,2.366603,2.399937,2.433272,2.366609,2.49994,2.366611
12,0.9266,0.1582,0.0,3,3,3,3,3,3,3,3,3,3,3,3,1.93326,1.799933,1.733271,1.8666,1.766604,1.966598,1.799939,1.899936,1.733276,1.733278,1.833276,1.86661
15,0.9538,0.1582,0.0,3,3,3,3,3,3,3,3,3,3,3,3,3,3,3,1.299936,1.699917,1.499927,1.53326,1.433265,1.266607,1.399935,1.699922,1.399937,1.366606,1.499934,1.533266,1.466603,1.299945,1.333277
18,0.969,0.1582,0.0,3,3,3,3,3,3,3,3,3,3,3,3,3,3,3,3,3,3,1.099931,1.099932,1.199926,1.366583,1.199928,1.166597,1.433249,1.299924,1.033274,1.133269,1.166601,1.266596,1.199934,1.233267,1.333262,0.899953,1.133275,0.999949
21,0.9777,0.1582,0.0,3,3,3,3,3,3,3,3,3,3,3,3,3,3,3,3,3,3,3,3,3,0.766649,0.933313,1.233306,0.999979,0.766651,1.133311,0.933315,1.166645,0.766653,1.066648,1.099981,0.933318,1.133315,0.933319,0.899986,1.133317,1.133317,0.933321,1.133319,0.933322,0.933322
24,0.9828,0.1582,0.0,3,3,3,3,3,3,3,3,3,3,3,3,3,3,3,3,3,3,3,3,3,3,3,3,0.933266,0.866605,1.066591,0.766613,0.766613,0.766613,0.766614,1.199918,0.966601,0.799946,1.133258,0.89994,0.833278,0.799948,0.766617,0.966604,1.133261,0.766618,0.866612,1.0666,0.699957,0.966607,0.566632,0.566632
27,0.9862,0.1582,0.0,3,3,3,3,3,3,3,3,3,3,3,3,3,3,3,3,3,3,3,3,3,3,3,3,3,3,3,0.866588,0.866588,0.766598,0.633277,0.566616,0.799929,1.066573,0.7666,0.499957,1.233227,0.766601,0.566618,1.133237,0.966585,0.766603,0.833264,0.766604,0.56662,0.566621,0.799936,0.666613,0.766606,0.533291,0.46663,1.199907,0.466631,0.566623
30,0.9896,0.1582,0.0,3,3,3,3,3,3,3,3,3,3,3,3,3,3,3,3,3,3,3,3,3,3,3,3,3,3,3,3,3,3,0.866588,0.933249,0.633277,0.833259,0.566617,0.79993,0.799931,0.666609,0.766602,0.866593,0.466628,0.766603,0.56662,0.666612,0.466628,0.766604,0.899927,0.766605,0.49996,0.46663,0.533291,0.89993,0.766607,0.466631,0.466631,0.566624,0.566624,0.433301,0.566624,0.76661
30,0.9893,0.1582,0.0,3,3,3,3,3,3,3,3,3,3,3,3,3,3,3,3,3,3,3,3,3,3,3,3,3,3,3,3,3,3,0.866592,1.066575,0.866593,0.833263,0.366636,0.466627,0.466628,1.133239,0.533289,0.599951,1.06658,0.766604,0.899927,0.533291,0.466629,0.46663,0.566622,0.766606,0.599953,0.46663,0.466631,0.533292,0.999924,0.566624,0.666616,0.666617,0.566625,0.666618,0.566625,0.633287
30,0.9898,0.1582,0.0,3,3,3,3,3,3,3,3,3,3,3,3,3,3,3,3,3,3,3,3,3,3,3,3,3,3,3,3,3,3,0.466623,0.466623,0.666604,0.766595,0.733265,0.833257,0.933248,0.833258,0.566615,0.766598,0.799929,0.933251,0.566617,0.466626,0.666609,0.599948,0.566618,0.533288,0.733271,0.63328,0.566619,0.566619,0.466628,0.533289,0.56662,0.766604,0.766605,0.733275,0.866598,0.666614
30,0.989,0.1582,0.0,3,3,3,3,3,3,3,3,3,3,3,3,3,3,3,3,3,3,3,3,3,3,3,3,3,3,3,3,3,3,0.566653,0.566653,0.533321,0.799981,0.366658,1.133308,0.899981,0.566655,0.49999,0.766652,0.899983,1.133312,0.299995,0.733321,0.766654,0.466659,0.566658,0.566658,0.633324,0.93332,0.499994,1.13332,0.466661,0.766658,0.633327,0.566661,0.733327,0.76666,0.466663,0.466663
