cars_cars_flowers_flowers,0.2041,0.5971,0.6901,81,81,81,81,14.399773,14.399804,14.399851,14.399865
flowers_cats_cats_cats,0.2408,0.7157,0.7407,81,81,81,81,14.466507,14.466519,14.466534,14.466545
cars_cars_cars_flowers,0.1201,0.4816,0.624,81,81,81,81,14.399821,14.399854,14.399882,14.39991
pedestrian_pedestrian_pedestrian_pedestrian,0.0027,0.695,0.2584,81,81,81,81,14.466451,14.466483,14.399867,14.399926
cars_flowers_flowers_cats,0.2425,0.6754,0.729,81,81,81,81,14.466464,14.466496,14.46655,14.466564
cars_cars_cats_cats,0.1188,0.522,0.6357,81,81,81,81,14.399826,14.399839,14.399888,14.399901
pedestrian_pedestrian_pedestrian_cats,0.0524,0.6907,0.3722,81,81,81,81,14.399507,14.399545,14.399578,14.399604
pedestrian_cars_cars_cats,0.0691,0.5262,0.5219,81,81,81,81,14.399799,14.399814,14.399843,14.399883
cars_cats_cats_cats,0.1573,0.6004,0.6746,81,81,81,81,14.466516,14.46653,14.466558,14.466571
pedestrian_pedestrian_flowers_cats,0.1448,0.724,0.5131,81,81,81,81,14.399818,14.399844,14.399873,14.399899
pedestrian_cars_flowers_flowers,0.1958,0.6794,0.6152,81,81,81,81,14.399454,14.3995,14.399526,14.399557
cars_cars_cars_cars,0.0361,0.366,0.5579,81,81,81,81,14.399865,14.399877,14.399905,14.399935
cars_flowers_flowers_flowers,0.2851,0.7129,0.7562,81,81,81,81,14.466527,14.466537,14.466552,14.466589
cats_cats_cats_cats,0.1982,0.6782,0.7135,81,81,81,81,14.466139,14.466151,14.466198,14.466228
cars_flowers_cats_cats,0.2028,0.6376,0.7018,81,81,81,81,14.399687,14.399701,14.399716,14.399748
cars_cars_cars_cats,0.0756,0.4449,0.5968,81,81,81,81,14.466469,14.466506,14.466523,14.466553
pedestrian_cars_cars_cars,0.0278,0.4482,0.4831,81,81,81,81,14.399786,14.39984,14.399852,14.399865
pedestrian_cars_flowers_cats,0.1531,0.6418,0.588,81,81,81,81,14.399534,14.399546,14.399602,14.399615
pedestrian_pedestrian_cars_flowers,0.1048,0.6457,0.4742,81,81,81,81,14.333143,14.33317,14.33318,14.33323
cars_cars_flowers_cats,0.1591,0.5601,0.6629,81,81,81,81,14.466452,14.466479,14.46651,14.466558
flowers_flowers_flowers_cats,0.3294,0.7907,0.795,81,81,81,81,14.399479,14.399526,14.39959,14.399642
pedestrian_pedestrian_cats_cats,0.1021,0.6865,0.4859,81,81,81,81,14.399766,14.399796,14.399812,14.399854
pedestrian_pedestrian_cars_cats,0.0608,0.6085,0.4471,81,81,81,81,14.399767,14.3998,14.399819,14.399869
pedestrian_pedestrian_cars_cars,0.0194,0.5305,0.4082,81,81,81,81,14.399725,14.399753,14.399785,14.399838
pedestrian_cars_cats_cats,0.1104,0.6042,0.5608,81,81,81,81,14.399785,14.399864,14.399912,14.399926
flowers_flowers_flowers_flowers,0.3756,0.8284,0.8222,81,81,81,81,14.333072,14.333121,14.33315,14.333163
pedestrian_flowers_flowers_flowers,0.2797,0.7949,0.6813,81,81,81,81,14.399744,14.399787,14.399837,14.399887
pedestrian_flowers_cats_cats,0.1944,0.7198,0.6269,81,81,81,81,14.399793,14.39984,14.399874,14.399902
pedestrian_cars_cars_flowers,0.1102,0.5644,0.5491,81,81,81,81,14.46647,14.466511,14.466543,14.466557
pedestrian_pedestrian_pedestrian_cars,0.0106,0.6131,0.3333,81,81,81,81,14.466193,14.466205,14.466217,14.466233
flowers_flowers_cats_cats,0.2867,0.7531,0.7678,81,81,81,81,14.399774,14.399805,14.399818,14.39983
pedestrian_cats_cats_cats,0.1493,0.6824,0.5997,81,81,81,81,14.466425,14.46647,14.466498,14.46655
pedestrian_flowers_flowers_cats,0.2371,0.7574,0.6541,81,81,81,81,14.399796,14.399824,14.399836,14.399885
pedestrian_pedestrian_pedestrian_flowers,0.0941,0.7284,0.3994,81,81,81,81,14.466404,14.466442,14.466474,14.466523
pedestrian_pedestrian_flowers_flowers,0.1874,0.7616,0.5403,81,81,81,81,14.399783,14.399811,14.399821,14.399834
