#
# Points from combinations
cars_flowers,0.0146,0.1646,0.0,3,3,9.66664,9.666646
pedestrian_cats,0.0272,0.3652,0.0,3,3,9.633316,9.633318
flowers_flowers,0.0244,0.306,0.0,3,3,9.733311,9.733316
pedestrian_cars,0.0107,0.2272,0.0,3,3,9.73329,9.733293
cats_cats,0.0341,0.3067,0.0,3,3,9.666599,9.666602
pedestrian_pedestrian,0.021,0.421,0.0,3,3,9.53327,9.533272
flowers_cats,0.0292,0.3063,0.0,3,3,9.69997,9.699974
pedestrian_flowers,0.0218,0.366,0.0,3,3,9.699979,9.699981
cars_cars,0.0035,0.0258,0.0,3,3,9.699965,9.699969
cars_cats,0.0197,0.1649,0.0,3,3,9.59992,9.599924
cars_cats_cats,0.1345,0.1417,0.0,3,3,3,6.466607,6.466609,6.466616
cars_flowers_cats,0.1327,0.1338,0.0,3,3,3,6.266646,6.266648,6.266654
pedestrian_flowers_flowers,0.1412,0.2349,0.0,3,3,3,6.533309,6.566643,6.566648
pedestrian_flowers_cats,0.1553,0.2342,0.0,3,3,3,6.433312,6.433314,6.466653
pedestrian_cars_cars,0.073,0.1079,0.0,3,3,3,6.366592,6.366595,6.366601
pedestrian_pedestrian_pedestrian,0.1291,0.3024,0.0,3,3,3,6.466578,6.466579,6.433252
flowers_flowers_cats,0.1705,0.1939,0.0,3,3,3,6.299959,6.299963,6.29997
cars_flowers_flowers,0.1174,0.1343,0.0,3,3,3,6.433312,6.433314,6.43332
pedestrian_pedestrian_cars,0.0986,0.2071,0.0,3,3,3,6.499929,6.499931,6.499937
flowers_flowers_flowers,0.1585,0.1924,0.0,3,3,3,6.366643,6.366646,6.333319
pedestrian_pedestrian_cats,0.1446,0.2719,0.0,3,3,3,6.533313,6.466649,6.499987
cars_cars_flowers,0.0798,0.0735,0.0,3,3,3,6.433308,6.43331,6.433316
flowers_cats_cats,0.1711,0.2032,0.0,3,3,3,6.466646,6.499982,6.466655
pedestrian_cars_flowers,0.1119,0.1676,0.0,3,3,3,6.366644,6.333313,6.333318
cats_cats_cats,0.1791,0.2072,0.0,3,3,3,6.49992,6.499922,6.499929
pedestrian_pedestrian_flowers,0.1374,0.2669,0.0,3,3,3,6.466637,6.466639,6.433312
pedestrian_cats_cats,0.1608,0.2404,0.0,3,3,3,6.533282,6.533294,6.499976
pedestrian_cars_cats,0.117,0.1741,0.0,3,3,3,6.499979,6.499981,6.43332
cars_cars_cars,0.0425,0.0126,0.0,3,3,3,6.399979,6.433314,6.399986
cars_cars_cats,0.0895,0.0765,0.0,3,3,3,6.399976,6.466645,6.399984
# End points from combinations
#
4,0.4229,0.1664,0.0,3,3,3,3,4.933312,4.933316,4.966653,4.866655
8,0.8288,0.1664,0.0,3,3,3,3,3,3,3,3,2.666049,2.732701,2.666051,2.699378,2.666054,2.666055,2.666056,2.699383
12,0.9241,0.1664,0.0,3,3,3,3,3,3,3,3,3,3,3,3,1.933315,1.899983,1.766651,1.666653,1.899986,1.93332,1.733322,1.833323,1.633325,1.733325,1.666659,1.66666
16,0.9594,0.1664,0.0,3,3,3,3,3,3,3,3,3,3,3,3,3,3,3,3,1.433308,1.266646,1.299979,1.466644,1.366646,1.199982,1.466646,1.133318,1.366649,1.266651,1.233318,1.13332,1.133321,1.533317,1.333319,1.166655
20,0.9742,0.1664,0.0,3,3,3,3,3,3,3,3,3,3,3,3,3,3,3,3,3,3,3,3,1.133309,0.933314,0.933315,1.199977,1.066647,1.066647,1.133313,1.033316,0.933318,1.133315,1.199981,1.199982,1.233315,0.93332,1.099985,0.699991,0.966654,0.633326,0.866657,1.133321
24,0.9817,0.1664,0.0,3,3,3,3,3,3,3,3,3,3,3,3,3,3,3,3,3,3,3,3,3,3,3,3,0.899444,0.96607,0.866132,0.666256,0.832821,1.199263,0.732883,1.132638,1.199265,0.966075,1.332518,0.766198,0.732886,0.966077,0.7662,0.566322,0.566322,0.599636,0.766202,0.799515,0.966082,0.832829,0.566324,0.766204
28,0.9874,0.1664,0.0,3,3,3,3,3,3,3,3,3,3,3,3,3,3,3,3,3,3,3,3,3,3,3,3,3,3,3,3,0.933255,0.833263,0.733272,0.766603,0.56662,0.933257,0.499959,0.466629,0.566621,0.766605,0.933259,0.999921,0.766606,0.666614,0.666615,0.733277,0.666616,0.83327,0.466631,0.999925,0.566624,0.866602,0.566625,0.466632,0.799942,0.699949,0.566626,0.566626
32,0.9894,0.1664,0.0,3,3,3,3,3,3,3,3,3,3,3,3,3,3,3,3,3,3,3,3,3,3,3,3,3,3,3,3,3,3,3,3,1.199947,0.433314,0.766634,0.633306,0.799966,0.599975,0.466648,0.466648,0.399984,0.33332,0.366652,1.066626,1.066626,0.399985,0.533314,0.433318,0.9333,0.566647,0.466651,0.966634,0.333322,0.466651,0.399987,0.866639,0.566649,0.566649,0.599982,0.766644,0.56665,0.666647,0.566651,0.599983
