1,0.0034,0.0258,0.0,3,8.866648
2,0.3042,0.0113,0.0,3,3,4.666655,4.69999
3,0.6885,0.0113,0.0,3,3,3,3.133319,3.13332,3.133324
4,0.816,0.0113,0.0,3,3,3,3,2.399966,2.399968,2.433302,2.39997
5,0.8765,0.0113,0.0,3,3,3,3,3,1.966632,1.999966,1.966635,1.966636,1.966637
6,0.9159,0.0113,0.0,3,3,3,3,3,3,1.633298,1.633299,1.6333,1.633301,1.633302,1.59997
7,0.9382,0.0113,0.0,3,3,3,3,3,3,3,1.366634,1.399967,1.399968,1.399969,1.399969,1.39997,1.399971
8,0.9517,0.0113,0.0,3,3,3,3,3,3,3,3,1.2333,1.233301,1.233302,1.233303,1.233304,1.233305,1.233306,1.233307
9,0.9629,0.0113,0.0,3,3,3,3,3,3,3,3,3,1.1333,1.066636,1.066637,1.133303,1.066638,1.066639,1.099972,1.06664,1.033308
10,0.9709,0.0113,0.0,3,3,3,3,3,3,3,3,3,3,0.966635,0.933303,0.933303,0.999969,0.966637,0.933305,0.999971,0.933307,0.933307,0.96664
11,0.9764,0.0113,0.0,3,3,3,3,3,3,3,3,3,3,3,0.9333,0.833304,0.899969,0.89997,0.799974,0.866638,0.766642,0.833307,0.86664,0.833308,0.933306
12,0.9799,0.0113,0.0,3,3,3,3,3,3,3,3,3,3,3,3,0.733304,0.933296,0.766637,0.799969,0.699973,0.699974,0.866635,0.833303,0.833304,0.899969,0.733308,0.699977
13,0.9833,0.0113,0.0,3,3,3,3,3,3,3,3,3,3,3,3,3,0.599976,0.833301,0.733305,0.733305,0.699974,0.699974,0.699975,0.799971,0.833304,0.666644,0.799973,0.633312,0.666645
14,0.9851,0.0113,0.0,3,3,3,3,3,3,3,3,3,3,3,3,3,3,0.566658,0.633324,0.833322,0.766657,0.566659,0.766657,0.666659,0.733325,0.733325,0.766659,0.566661,0.499995,0.633328,0.76666
15,0.9869,0.0113,0.0,3,3,3,3,3,3,3,3,3,3,3,3,3,3,3,0.666635,0.733299,0.533309,0.533309,0.566641,0.733301,0.666637,0.833297,0.766634,0.566643,0.566643,0.599975,0.566644,0.533312,0.66664
16,0.9887,0.0113,0.0,3,3,3,3,3,3,3,3,3,3,3,3,3,3,3,3,0.733294,0.633299,0.699963,0.599969,0.566637,0.633301,0.533306,0.566638,0.466644,0.466644,0.599971,0.466644,0.766631,0.633304,0.633304,0.433314
17,0.9898,0.0113,0.0,3,3,3,3,3,3,3,3,3,3,3,3,3,3,3,3,3,0.566637,0.699964,0.566637,0.566638,0.666633,0.466643,0.39998,0.566639,0.799961,0.366649,0.433313,0.533309,0.633304,0.699968,0.466646,0.466646,0.566642
18,0.9908,0.0113,0.0,3,3,3,3,3,3,3,3,3,3,3,3,3,3,3,3,3,3,0.366644,0.633294,0.599963,0.466638,0.633296,0.73329,0.433308,0.599966,0.599966,0.66663,0.499973,0.333315,0.333315,0.499974,0.599969,0.499974,0.39998,0.566639
19,0.9921,0.0113,0.0,3,3,3,3,3,3,3,3,3,3,3,3,3,3,3,3,3,3,3,0.56663,0.399974,0.466637,0.499969,0.466638,0.433307,0.466639,0.399976,0.599965,0.46664,0.733291,0.633297,0.566635,0.366646,0.366647,0.466642,0.366647,0.466642,0.566638
20,0.9928,0.0113,0.0,3,3,3,3,3,3,3,3,3,3,3,3,3,3,3,3,3,3,3,3,0.299979,0.433303,0.466634,0.29998,0.533297,0.466636,0.466636,0.366643,0.533299,0.466637,0.566631,0.299981,0.466638,0.599964,0.466639,0.666627,0.333314,0.566634,0.46664,0.566635
21,0.9933,0.0113,0.0,3,3,3,3,3,3,3,3,3,3,3,3,3,3,3,3,3,3,3,3,3,0.433304,0.366642,0.566629,0.29998,0.466636,0.299981,0.466637,0.533299,0.566631,0.366644,0.299981,0.299981,0.333313,0.49997,0.633295,0.699958,0.49997,0.399976,0.433308,0.433308,0.46664
22,0.994,0.0113,0.0,3,3,3,3,3,3,3,3,3,3,3,3,3,3,3,3,3,3,3,3,3,3,0.466507,0.399863,0.466508,0.566474,0.33322,0.433187,0.466509,0.599798,0.566476,0.666443,0.2999,0.433189,0.333222,0.2999,0.2999,0.466512,0.466512,0.299901,0.433191,0.299902,0.366547,0.333224
23,0.9941,0.0113,0.0,3,3,3,3,3,3,3,3,3,3,3,3,3,3,3,3,3,3,3,3,3,3,3,0.566625,0.299978,0.69995,0.399972,0.233317,0.499965,0.266648,0.499966,0.63329,0.266649,0.399973,0.266649,0.233318,0.26665,0.566631,0.366644,0.566632,0.599964,0.199988,0.299982,0.333314,0.533303,0.266652
24,0.9949,0.0113,0.0,3,3,3,3,3,3,3,3,3,3,3,3,3,3,3,3,3,3,3,3,3,3,3,3,0.266656,0.566645,0.433317,0.266657,0.399985,0.666642,0.499982,0.266657,0.333322,0.266657,0.266658,0.266658,0.266658,0.333323,0.599981,0.333323,0.399988,0.299991,0.499986,0.399989,0.533318,0.399989,0.26666,0.39999
25,0.9956,0.0113,0.0,3,3,3,3,3,3,3,3,3,3,3,3,3,3,3,3,3,3,3,3,3,3,3,3,3,0.366659,0.499989,0.49999,0.266661,0.49999,0.266662,0.299994,0.299995,0.266662,0.399993,0.366661,0.46666,0.266663,0.333329,0.499993,0.333329,0.333329,0.333329,0.266664,0.299997,0.266664,0.499995,0.399997,0.266665,0.43333
26,0.9957,0.0113,0.0,3,3,3,3,3,3,3,3,3,3,3,3,3,3,3,3,3,3,3,3,3,3,3,3,3,3,0.333236,0.466531,0.266589,0.333237,0.666474,0.366561,0.53318,0.26659,0.26659,0.466533,0.26659,0.466533,0.266591,0.166619,0.566506,0.366563,0.233267,0.299915,0.266592,0.299916,0.266592,0.16662,0.466536,0.16662,0.433213,0.333241
27,0.9961,0.0113,0.0,3,3,3,3,3,3,3,3,3,3,3,3,3,3,3,3,3,3,3,3,3,3,3,3,3,3,3,0.333147,0.466406,0.466406,0.299833,0.299833,0.233203,0.399778,0.366463,0.399778,0.166574,0.266519,0.632984,0.366464,0.433095,0.53304,0.19989,0.166575,0.233206,0.299836,0.199891,0.266521,0.266521,0.299837,0.433098,0.199892,0.299838,0.466414
28,0.9963,0.0113,0.0,3,3,3,3,3,3,3,3,3,3,3,3,3,3,3,3,3,3,3,3,3,3,3,3,3,3,3,3,0.366636,0.366637,0.266645,0.399968,0.299976,0.433299,0.133323,0.599953,0.166654,0.199985,0.466631,0.333308,0.499962,0.333308,0.266647,0.299978,0.299978,0.399971,0.166655,0.299979,0.199986,0.266648,0.499965,0.199986,0.433304,0.333311,0.266649,0.266649
29,0.9964,0.0113,0.0,3,3,3,3,3,3,3,3,3,3,3,3,3,3,3,3,3,3,3,3,3,3,3,3,3,3,3,3,3,0.166633,0.166633,0.19996,0.233286,0.59988,0.39992,0.166633,0.29994,0.166634,0.499901,0.166634,0.299941,0.366595,0.466575,0.199961,0.366595,0.566557,0.199961,0.53323,0.233288,0.299942,0.166635,0.399924,0.33327,0.399924,0.466578,0.166635,0.266617,0.23329
30,0.9967,0.0113,0.0,3,3,3,3,3,3,3,3,3,3,3,3,3,3,3,3,3,3,3,3,3,3,3,3,3,3,3,3,3,3,0.199981,0.199981,0.299972,0.666604,0.199981,0.266642,0.166651,0.199982,0.166651,0.199982,0.466624,0.499955,0.199982,0.466625,0.299974,0.399965,0.199983,0.333304,0.366635,0.166652,0.399966,0.466627,0.166653,0.399967,0.333306,0.266645,0.299976,0.199984,0.266645,0.199984
1,0.0057,0.0226,0.0,3,8.233323
2,0.3576,0.0113,0.0,3,3,4.499963,4.499965
3,0.7017,0.0113,0.0,3,3,3,3.066648,3.066649,3.066653
4,0.8223,0.0113,0.0,3,3,3,3,2.333298,2.399967,2.399969,2.333304
5,0.8822,0.0113,0.0,3,3,3,3,3,1.899965,1.933299,1.9333,1.933301,1.933303
6,0.9171,0.0113,0.0,3,3,3,3,3,3,1.633301,1.59997,1.599971,1.633305,1.599973,1.633307
7,0.9395,0.0113,0.0,3,3,3,3,3,3,3,1.366446,1.399775,1.366448,1.366448,1.399777,1.399778,1.366451
