1,0.2932,0.2697,0.5579,81,8.666559
2,0.3062,0.2671,0.5579,81,81,8.499966,8.499973
3,0.3062,0.2671,0.5579,81,81,81,8.499972,8.499976,8.49998
4,0.3113,0.266,0.5579,81,81,81,81,8.433286,8.433291,8.433296,8.433301
5,0.3138,0.2655,0.5579,81,81,81,81,81,8.39995,8.399954,8.399958,8.399962,8.399967
6,0.3164,0.265,0.5579,81,81,81,81,81,81,8.366606,8.36661,8.366614,8.366618,8.366622,8.366626
7,0.3289,0.2623,0.5579,81,81,81,81,81,81,81,8.199796,8.1998,8.199805,8.19981,8.199816,8.199821,8.199826
8,0.3264,0.2628,0.5579,81,81,81,81,81,81,81,81,8.233102,8.233107,8.233112,8.233117,8.233122,8.233127,8.233135,8.233143
9,0.3264,0.2628,0.5579,81,81,81,81,81,81,81,81,81,8.233084,8.233089,8.233093,8.233098,8.233103,8.233107,8.233112,8.233117,8.233122
10,0.3289,0.2623,0.5579,81,81,81,81,81,81,81,81,81,81,8.199913,8.199919,8.199923,8.199929,8.199936,8.199941,8.199945,8.199949,8.199953,8.199959
11,0.3338,0.2612,0.5579,81,81,81,81,81,81,81,81,81,81,81,8.133045,8.13305,8.133054,8.133057,8.133061,8.133065,8.133069,8.133074,8.133077,8.133081,8.133085
12,0.3338,0.2612,0.5579,81,81,81,81,81,81,81,81,81,81,81,81,8.133242,8.133247,8.133251,8.133256,8.13326,8.133264,8.133269,8.133273,8.133277,8.133281,8.133285,8.133289
13,0.3264,0.2628,0.5579,81,81,81,81,81,81,81,81,81,81,81,81,81,8.233242,8.233247,8.233251,8.233256,8.233261,8.233266,8.23327,8.233275,8.23328,8.233284,8.23329,8.233294,8.233298
14,0.3338,0.2612,0.5579,81,81,81,81,81,81,81,81,81,81,81,81,81,81,8.133184,8.133189,8.133192,8.133198,8.133203,8.133208,8.133212,8.133218,8.133222,8.133227,8.133232,8.133237,8.133241,8.133247
15,0.3314,0.2617,0.5579,81,81,81,81,81,81,81,81,81,81,81,81,81,81,81,8.166527,8.166532,8.166535,8.16654,8.166545,8.16655,8.166553,8.166558,8.166563,8.166569,8.166572,8.166578,8.166583,8.166589,8.166593
16,0.3484,0.2578,0.5579,81,81,81,81,81,81,81,81,81,81,81,81,81,81,81,81,7.933202,7.933208,7.933214,7.93322,7.933225,7.933231,7.933238,7.933243,7.93325,7.933256,7.933261,7.933267,7.933273,7.933279,7.933284,7.93329
17,0.3508,0.2572,0.5579,81,81,81,81,81,81,81,81,81,81,81,81,81,81,81,81,81,7.899673,7.899677,7.899682,7.899686,7.899691,7.899695,7.899704,7.89971,7.899714,7.899718,7.899723,7.899727,7.899732,7.899737,7.89974,7.899745,7.899749
18,0.346,0.2584,0.5579,81,81,81,81,81,81,81,81,81,81,81,81,81,81,81,81,81,81,7.966555,7.966559,7.966563,7.966567,7.966571,7.966575,7.966579,7.966582,7.966586,7.96659,7.966595,7.966599,7.966603,7.966607,7.966609,7.966613,7.966617,7.966621
19,0.3508,0.2572,0.5579,81,81,81,81,81,81,81,81,81,81,81,81,81,81,81,81,81,81,81,7.899836,7.89984,7.899844,7.899848,7.899857,7.899861,7.899865,7.899869,7.899874,7.899878,7.899882,7.899887,7.899891,7.899895,7.899897,7.899901,7.899905,7.899909,7.899913
20,0.3508,0.2572,0.5579,81,81,81,81,81,81,81,81,81,81,81,81,81,81,81,81,81,81,81,81,7.899835,7.89984,7.899843,7.899848,7.899851,7.899855,7.899859,7.899863,7.899867,7.899871,7.899875,7.899879,7.899883,7.899887,7.89989,7.899894,7.899898,7.899902,7.899909,7.899913
21,0.3531,0.2567,0.5579,81,81,81,81,81,81,81,81,81,81,81,81,81,81,81,81,81,81,81,81,81,7.866497,7.866501,7.866504,7.866508,7.866512,7.866516,7.86652,7.866524,7.866528,7.866533,7.866537,7.866541,7.866544,7.866548,7.866552,7.866556,7.86656,7.866564,7.866568,7.866572,7.866576
22,0.346,0.2584,0.5579,81,81,81,81,81,81,81,81,81,81,81,81,81,81,81,81,81,81,81,81,81,81,7.966516,7.96652,7.966524,7.966528,7.966533,7.966537,7.966542,7.966546,7.966551,7.966557,7.966562,7.966567,7.966571,7.966576,7.966579,7.966583,7.966588,7.966592,7.966596,7.966601,7.966606,7.96661
23,0.3508,0.2572,0.5579,81,81,81,81,81,81,81,81,81,81,81,81,81,81,81,81,81,81,81,81,81,81,81,7.899856,7.89986,7.899863,7.899867,7.899871,7.899875,7.899879,7.899883,7.899887,7.899891,7.899895,7.899899,7.899903,7.899907,7.89991,7.899918,7.899923,7.899927,7.89993,7.899935,7.899939,7.899943,7.899947
24,0.3529,0.2567,0.5579,81,81,81,81,81,81,81,81,81,81,81,81,81,81,81,81,81,81,81,81,81,81,81,81,7.899796,7.8998,7.866472,7.866477,7.866482,7.866486,7.866491,7.866496,7.8665,7.866504,7.866513,7.866519,7.866525,7.866531,7.866535,7.866539,7.866544,7.866549,7.866555,7.866561,7.866567,7.866573,7.866579,7.866584
25,0.3436,0.2589,0.5579,81,81,81,81,81,81,81,81,81,81,81,81,81,81,81,81,81,81,81,81,81,81,81,81,81,7.99976,7.999766,7.999771,7.999778,7.999784,7.99979,7.999796,7.999802,7.999809,7.999814,7.999818,7.999824,7.999831,7.999837,7.999845,7.999851,7.999857,7.999863,7.999869,7.999875,7.999882,7.999888,7.999894,7.999901,7.999907
26,0.3579,0.2555,0.5579,81,81,81,81,81,81,81,81,81,81,81,81,81,81,81,81,81,81,81,81,81,81,81,81,81,81,7.799773,7.799777,7.799782,7.799787,7.799792,7.799796,7.799801,7.799806,7.79981,7.799815,7.79982,7.799824,7.799829,7.799834,7.799841,7.799846,7.799851,7.799855,7.79986,7.799864,7.799869,7.799874,7.79988,7.799885,7.79989,7.799894
27,0.3602,0.2549,0.5579,81,81,81,81,81,81,81,81,81,81,81,81,81,81,81,81,81,81,81,81,81,81,81,81,81,81,81,7.766393,7.766398,7.766404,7.76641,7.766419,7.766426,7.766432,7.766437,7.766443,7.766449,7.766455,7.766461,7.766467,7.766473,7.766477,7.766483,7.766489,7.766495,7.7665,7.766506,7.766518,7.766523,7.766529,7.766535,7.766541,7.766547,7.766553
28,0.3705,0.2538,0.5579,81,81,81,81,81,81,81,81,81,81,81,81,81,81,81,81,81,81,81,81,81,81,81,81,81,81,81,81,7.666432,7.666438,7.666444,7.66645,7.666456,7.666461,7.666466,7.666472,7.666478,7.666483,7.666489,7.666495,7.666501,7.666507,7.666513,7.666519,7.666525,7.666531,7.666537,7.666543,7.666549,7.666554,7.666561,7.666566,7.666572,7.666578,7.666584,7.66659
29,0.3579,0.2555,0.5579,81,81,81,81,81,81,81,81,81,81,81,81,81,81,81,81,81,81,81,81,81,81,81,81,81,81,81,81,81,7.799756,7.799762,7.799768,7.799774,7.79978,7.799786,7.799791,7.799799,7.799805,7.799811,7.799816,7.799822,7.799828,7.799834,7.799838,7.799844,7.79985,7.799856,7.799862,7.799868,7.799874,7.79988,7.799886,7.799893,7.799898,7.799904,7.79991,7.799917,7.799923
30,0.3555,0.2561,0.5579,81,81,81,81,81,81,81,81,81,81,81,81,81,81,81,81,81,81,81,81,81,81,81,81,81,81,81,81,81,81,7.833098,7.833102,7.833106,7.83311,7.833114,7.833118,7.833122,7.833126,7.83313,7.833134,7.833139,7.833143,7.833147,7.833151,7.833153,7.833157,7.833161,7.833165,7.833169,7.833173,7.833177,7.833183,7.833187,7.833191,7.833195,7.833199,7.833204,7.833207,7.833211,7.833215
