1,0.0064,0.0215,0.0,39,8
2,0.0064,0.0215,0.0,39,39,8,8
3,0.0064,0.0215,0.0,33,39,39,8,8,8
4,0.0064,0.0215,0.0,33,39,39,39,8,8,8,8
5,0.0064,0.0215,0.0,33,39,39,39,39,8,8,8,8,8
6,0.0064,0.0215,0.0,33,39,39,39,39,39,8,8,8,8,8,8
1,0.0064,0.0215,0.0,39,8
2,0.0064,0.0215,0.0,39,39,8,8
3,0.0064,0.0215,0.0,33,39,39,8,8,8
4,0.0064,0.0215,0.0,33,39,39,39,8,8,8,8
5,0.0064,0.0215,0.0,33,39,39,39,39,8,8,8,8,8
6,0.0064,0.0215,0.0,33,39,39,39,39,39,8,8,8,8,8,8
7,0.0064,0.0215,0.0,33,39,39,39,39,39,39,8,8,8,8,8,8,8
8,0.0064,0.0215,0.0,33,39,39,39,39,39,39,39,8,8,8,8,8,8,8,8
9,0.0064,0.0215,0.0,33,39,39,39,39,39,39,39,39,8,8,8,8,8,8,8,8,8
10,0.0064,0.0215,0.0,33,33,33,33,33,33,33,33,33,39,8,8,8,8,8,8,8,8,8,8
11,0.0069,0.022,0.0026,33,33,33,33,33,33,33,51,51,51,51,8,8,8,8,8,8,8,8,8,8,8
12,0.0072,0.0225,0.0048,33,33,33,33,51,51,51,51,51,51,51,51,8,8,8,8,8,8,8,8,8,8,8,8
13,0.0076,0.0229,0.0067,33,51,51,51,51,51,51,51,51,51,51,51,51,8,8,8,8,8,8,8,8,8,8,8,8,8
14,0.0081,0.0254,0.0094,33,51,51,51,51,51,51,51,51,57,57,57,57,57,8,8,8,8,8,8,8,8,8,8,8,8,8,8
15,0.0085,0.0275,0.0118,33,51,51,51,51,57,57,57,57,57,57,57,57,57,57,8,8,8,8,8,8,8,8,8,8,8,8,8,8,8
16,0.0219,0.0234,0.0163,51,51,51,51,51,51,51,51,51,51,51,51,63,63,63,63,8,7,7,7,7,7,7,7,7,7,7,7,8,8,8,8
17,0.0349,0.0191,0.0132,75,51,51,51,51,51,51,51,51,51,51,51,51,51,51,51,75,8,7,7,7,7,7,7,7,7,6,6,6,6,6,6,6,8
18,0.0363,0.02,0.0157,75,51,51,51,51,51,51,51,51,51,51,51,51,51,51,51,75,75,8,7,7,7,7,7,7,6,6,6,6,6,6,6,6,6,8,8
19,0.025,0.0269,0.0194,57,57,57,57,57,57,57,57,57,57,57,57,57,57,57,57,57,75,75,8,8,8,7,7,7,7,7,7,7,7,7,7,7,7,7,7,8,8
20,0.0341,0.0235,0.0224,75,51,51,51,51,51,51,51,51,51,51,51,51,51,51,75,75,75,75,75,8,7,7,7,7,7,6,6,6,6,6,6,6,6,6,8,8,8,8,8
21,0.0311,0.0259,0.0265,75,51,51,51,51,51,51,51,51,51,51,51,51,51,75,75,75,75,75,75,75,8,7,7,7,7,7,7,6,6,6,6,6,6,6,8,8,8,8,8,8,8
22,0.0231,0.0307,0.0285,57,57,57,57,57,57,57,57,57,57,57,57,57,57,57,75,75,75,75,75,75,75,8,8,8,7,7,7,7,7,7,7,7,7,7,7,7,8,8,8,8,8,8,8
23,0.0255,0.0305,0.0298,57,57,57,57,57,57,57,57,57,57,57,57,57,57,57,75,75,75,75,75,75,75,75,7,7,7,7,7,7,7,7,7,7,7,7,7,7,7,8,8,8,8,8,8,8,8
24,0.0309,0.0287,0.0326,75,51,51,51,51,51,51,51,51,51,51,51,51,75,75,75,75,75,75,75,75,75,75,75,8,7,7,7,6,6,6,6,6,6,6,6,6,8,8,8,8,8,8,8,8,8,8,8
25,0.0328,0.0287,0.0336,75,51,51,51,51,51,51,51,51,51,51,51,51,75,75,75,75,75,75,75,75,75,75,75,75,8,6,6,6,6,6,6,6,6,6,6,6,6,8,8,8,8,8,8,8,8,8,8,8,8
26,0.0296,0.0307,0.0365,75,51,51,51,51,51,51,51,51,51,51,51,75,75,75,75,75,75,75,75,75,75,75,75,75,75,8,7,7,6,6,6,6,6,6,6,6,6,8,8,8,8,8,8,8,8,8,8,8,8,8,8
27,0.0275,0.0323,0.0391,75,51,51,51,51,51,51,51,51,51,51,75,75,75,75,75,75,75,75,75,75,75,75,75,75,75,75,8,7,7,7,6,6,6,6,6,6,6,8,8,8,8,8,8,8,8,8,8,8,8,8,8,8,8
28,0.0286,0.0324,0.0398,75,51,51,51,51,51,51,51,51,51,51,75,75,75,75,75,75,75,75,75,75,75,75,75,75,75,75,75,8,7,6,6,6,6,6,6,6,6,6,8,8,8,8,8,8,8,8,8,8,8,8,8,8,8,8,8
29,0.0266,0.0339,0.0422,75,51,51,51,51,51,51,51,51,51,75,75,75,75,75,75,75,75,75,75,75,75,75,75,75,75,75,75,75,8,7,7,6,6,6,6,6,6,6,8,8,8,8,8,8,8,8,8,8,8,8,8,8,8,8,8,8,8
30,0.0277,0.0339,0.0427,75,51,51,51,51,51,51,51,51,51,75,75,75,75,75,75,75,75,75,75,75,75,75,75,75,75,75,75,75,75,8,6,6,6,6,6,6,6,6,6,8,8,8,8,8,8,8,8,8,8,8,8,8,8,8,8,8,8,8,8
