1,0.6905,0.8416,0.8222,81,8.699914
2,0.6961,0.8418,0.8222,81,81,8.599931,8.599942
3,0.7035,0.8421,0.8222,81,81,81,8.466642,8.466647,8.466651
4,0.7053,0.8421,0.8222,81,81,81,81,8.433273,8.433279,8.433283,8.433288
5,0.7108,0.8423,0.8222,81,81,81,81,81,8.333279,8.333288,8.333293,8.333296,8.333301
6,0.7161,0.8426,0.8222,81,81,81,81,81,81,8.233234,8.233238,8.233244,8.23325,8.233262,8.233266
7,0.7143,0.8425,0.8222,81,81,81,81,81,81,81,8.266611,8.266615,8.266619,8.266623,8.266628,8.266633,8.266638
8,0.709,0.8423,0.8222,81,81,81,81,81,81,81,81,8.366599,8.366603,8.366607,8.366611,8.366615,8.366619,8.366623,8.366627
9,0.7161,0.8426,0.8222,81,81,81,81,81,81,81,81,81,8.233252,8.233255,8.233265,8.233271,8.233277,8.233283,8.233289,8.233295,8.233302
10,0.7284,0.8431,0.8222,81,81,81,81,81,81,81,81,81,81,7.999932,7.999936,7.99994,7.999944,7.999948,7.999952,7.999957,7.99996,7.999965,7.999969
11,0.7214,0.8428,0.8222,81,81,81,81,81,81,81,81,81,81,81,8.133239,8.133243,8.133246,8.13325,8.133254,8.133257,8.133261,8.133266,8.133269,8.133273,8.133277
12,0.7197,0.8427,0.8222,81,81,81,81,81,81,81,81,81,81,81,81,8.166587,8.166591,8.166596,8.1666,8.166605,8.166609,8.166614,8.166618,8.166623,8.166627,8.166632,8.166637
13,0.7214,0.8428,0.8222,81,81,81,81,81,81,81,81,81,81,81,81,81,8.13322,8.133224,8.133228,8.133233,8.133237,8.133241,8.133245,8.13325,8.133254,8.133258,8.133263,8.133267,8.133271
14,0.7214,0.8428,0.8222,81,81,81,81,81,81,81,81,81,81,81,81,81,81,8.133212,8.133216,8.13322,8.133224,8.133227,8.133231,8.133235,8.133239,8.133248,8.133252,8.133256,8.13326,8.133264,8.133267
15,0.7318,0.8432,0.8222,81,81,81,81,81,81,81,81,81,81,81,81,81,81,81,7.933198,7.933202,7.933207,7.933212,7.933216,7.93322,7.933224,7.933229,7.933233,7.933238,7.933242,7.933246,7.933251,7.933256,7.933258
16,0.7267,0.843,0.8222,81,81,81,81,81,81,81,81,81,81,81,81,81,81,81,81,8.033205,8.033209,8.033213,8.033217,8.033222,8.033226,8.033231,8.033235,8.03324,8.033244,8.033248,8.033252,8.033257,8.033261,8.033264,8.033269
17,0.7284,0.8431,0.8222,81,81,81,81,81,81,81,81,81,81,81,81,81,81,81,81,81,7.999861,7.999867,7.999871,7.999875,7.999879,7.999883,7.999889,7.999894,7.999899,7.999903,7.999909,7.999915,7.999921,7.999927,7.999932,7.999938,7.999944
18,0.7271,0.843,0.8222,81,81,81,81,81,81,81,81,81,81,81,81,81,81,81,81,81,81,8.033186,8.033192,8.033197,8.033203,8.033209,8.033215,8.033221,8.033227,7.999899,8.033238,8.033244,8.033251,7.999924,8.033263,7.999935,8.033274,8.03328,7.999953
19,0.7353,0.8434,0.8222,81,81,81,81,81,81,81,81,81,81,81,81,81,81,81,81,81,81,81,7.866474,7.866478,7.866482,7.866486,7.86649,7.866495,7.8665,7.866504,7.866509,7.866513,7.866517,7.866522,7.866527,7.866531,7.866535,7.866539,7.866544,7.866549,7.866553
20,0.7369,0.8435,0.8222,81,81,81,81,81,81,81,81,81,81,81,81,81,81,81,81,81,81,81,81,7.833198,7.833201,7.833205,7.833209,7.833212,7.833216,7.83322,7.833224,7.833228,7.833232,7.833235,7.83324,7.833244,7.833248,7.833253,7.833257,7.833262,7.833265,7.833269,7.833273
21,0.7301,0.8432,0.8222,81,81,81,81,81,81,81,81,81,81,81,81,81,81,81,81,81,81,81,81,81,7.966546,7.96655,7.966553,7.966557,7.966561,7.966565,7.966569,7.966573,7.966576,7.966581,7.966585,7.966589,7.966593,7.966597,7.966601,7.966605,7.966609,7.966612,7.966616,7.966621,7.966625
22,0.7336,0.8433,0.8222,81,81,81,81,81,81,81,81,81,81,81,81,81,81,81,81,81,81,81,81,81,81,7.899819,7.899823,7.899827,7.899835,7.899839,7.899842,7.899846,7.89985,7.899855,7.899858,7.899866,7.89987,7.899873,7.899877,7.89988,7.899884,7.899888,7.899892,7.899895,7.899899,7.899903,7.899907
23,0.7353,0.8434,0.8222,81,81,81,81,81,81,81,81,81,81,81,81,81,81,81,81,81,81,81,81,81,81,81,7.86648,7.866483,7.866486,7.86649,7.866494,7.866498,7.866502,7.866505,7.866509,7.866513,7.866517,7.86652,7.866524,7.866528,7.866531,7.866535,7.866538,7.866542,7.866551,7.866555,7.866558,7.866562,7.866565
24,0.7284,0.8431,0.8222,81,81,81,81,81,81,81,81,81,81,81,81,81,81,81,81,81,81,81,81,81,81,81,81,7.999764,7.999768,7.999773,7.999777,7.999781,7.999787,7.999793,7.999799,7.999804,7.99981,7.999816,7.999821,7.999827,7.999833,7.999837,7.999843,7.999849,7.999854,7.99986,7.999866,7.999872,7.999878,7.999888,7.999894
25,0.7336,0.8433,0.8222,81,81,81,81,81,81,81,81,81,81,81,81,81,81,81,81,81,81,81,81,81,81,81,81,81,7.899432,7.899436,7.89944,7.899445,7.89945,7.899454,7.899459,7.899464,7.899469,7.899473,7.899478,7.899482,7.899487,7.899492,7.899494,7.899499,7.899503,7.899508,7.899512,7.899517,7.899522,7.899526,7.899531,7.899536,7.89954
26,0.7386,0.8436,0.8222,81,81,81,81,81,81,81,81,81,81,81,81,81,81,81,81,81,81,81,81,81,81,81,81,81,81,7.799834,7.799838,7.799842,7.799846,7.799851,7.799855,7.799859,7.799864,7.799868,7.799876,7.799881,7.799886,7.79989,7.799895,7.799898,7.799902,7.799906,7.79991,7.799914,7.799919,7.799923,7.799928,7.799932,7.799936,7.79994,7.799945
27,0.7459,0.8438,0.8222,81,81,81,81,81,81,81,81,81,81,81,81,81,81,81,81,81,81,81,81,81,81,81,81,81,81,81,7.666487,7.666491,7.666495,7.6665,7.666504,7.666508,7.666513,7.666517,7.666521,7.666526,7.66653,7.666535,7.666539,7.666543,7.666545,7.66655,7.666554,7.666559,7.666563,7.666567,7.666572,7.666576,7.66658,7.666585,7.666589,7.666593,7.666597
28,0.7403,0.8436,0.8222,81,81,81,81,81,81,81,81,81,81,81,81,81,81,81,81,81,81,81,81,81,81,81,81,81,81,81,81,7.766482,7.766487,7.766491,7.766496,7.7665,7.766506,7.76651,7.766514,7.766519,7.766523,7.766528,7.766532,7.766537,7.766545,7.766549,7.766554,7.766559,7.766563,7.766568,7.766572,7.766576,7.76658,7.766585,7.766589,7.766593,7.766598,7.766602,7.766607
29,0.7386,0.8436,0.8222,81,81,81,81,81,81,81,81,81,81,81,81,81,81,81,81,81,81,81,81,81,81,81,81,81,81,81,81,81,7.799761,7.799767,7.799773,7.799778,7.799784,7.79979,7.799796,7.799802,7.799808,7.799814,7.79982,7.799825,7.799831,7.799837,7.79984,7.799846,7.799851,7.799857,7.799863,7.799873,7.799879,7.799885,7.799891,7.799897,7.799903,7.799908,7.799914,7.79992,7.799926
30,0.7403,0.8436,0.8222,81,81,81,81,81,81,81,81,81,81,81,81,81,81,81,81,81,81,81,81,81,81,81,81,81,81,81,81,81,81,7.766164,7.766169,7.766173,7.766178,7.766182,7.766186,7.76619,7.766195,7.766199,7.766204,7.766208,7.766212,7.766216,7.766221,7.766228,7.766232,7.766237,7.766241,7.766245,7.766249,7.766254,7.766258,7.766263,7.766267,7.766271,7.766276,7.76628,7.766283,7.766288,7.766292
