1,0.3448,0.0049,0.0,69,15
2,0.3448,0.0049,0.0,57,69,15,15
3,0.3673,0.0068,0.0116,57,75,75,15,15,15
4,0.3701,0.007,0.013,57,75,75,75,15,15,15,15
5,0.3785,0.0077,0.0173,75,75,75,75,75,15,15,15,15,15
6,0.6516,0.1374,0.0948,57,75,75,75,81,81,12,13,12,12,15,15
7,0.6862,0.1755,0.1182,57,75,75,75,81,81,81,12,12,12,12,15,15,15
8,0.6264,0.2556,0.1658,57,75,75,81,81,81,81,81,13,15,15,15,15,15,15,15
9,0.641,0.2722,0.1761,57,75,75,81,81,81,81,81,81,13,15,15,15,15,15,15,15,15
10,0.6526,0.2855,0.1844,57,75,75,81,81,81,81,81,81,81,13,15,15,15,15,15,15,15,15,15
11,0.6751,0.2963,0.1911,57,75,75,81,81,81,81,81,81,81,81,12,15,15,15,15,15,15,15,15,15,15
12,0.6819,0.3054,0.1967,57,75,75,81,81,81,81,81,81,81,81,81,12,15,15,15,15,15,15,15,15,15,15,15
13,0.6877,0.3131,0.2014,57,75,75,81,81,81,81,81,81,81,81,81,81,12,15,15,15,15,15,15,15,15,15,15,15,15
14,0.6972,0.3196,0.2055,57,75,75,81,81,81,81,81,81,81,81,81,81,81,12,15,14,15,15,15,15,15,15,15,15,15,15,15
15,0.7055,0.3252,0.209,57,75,75,81,81,81,81,81,81,81,81,81,81,81,81,12,14,14,15,15,15,15,15,15,15,15,15,15,15,15
16,0.7126,0.3301,0.2121,57,75,75,81,81,81,81,81,81,81,81,81,81,81,81,81,12,14,13,15,15,15,15,15,15,15,15,15,15,15,15,15
17,0.7189,0.3344,0.2148,57,75,75,81,81,81,81,81,81,81,81,81,81,81,81,81,81,12,13,13,15,15,15,15,15,15,15,15,15,15,15,15,15,15
18,0.7285,0.3383,0.2173,57,75,75,81,81,81,81,81,81,81,81,81,81,81,81,81,81,81,12,13,12,15,15,15,15,15,15,15,15,15,15,15,15,15,15,15
19,0.7372,0.3417,0.2194,57,75,75,81,81,81,81,81,81,81,81,81,81,81,81,81,81,81,81,12,12,12,15,15,15,15,15,15,15,15,15,15,15,15,15,15,15,15
20,0.7208,0.3653,0.2334,57,75,81,81,81,81,81,81,81,81,81,81,81,81,81,81,81,81,81,81,14,15,15,15,15,15,15,15,15,15,15,15,15,15,15,15,15,15,15,15
21,0.7225,0.3672,0.2346,57,75,81,81,81,81,81,81,81,81,81,81,81,81,81,81,81,81,81,81,81,14,15,15,15,15,15,15,15,15,15,15,15,15,15,15,15,15,15,15,15,15
22,0.7241,0.3689,0.2357,57,75,81,81,81,81,81,81,81,81,81,81,81,81,81,81,81,81,81,81,81,81,14,15,15,15,15,15,15,15,15,15,15,15,15,15,15,15,15,15,15,15,15,15
23,0.7282,0.3705,0.2367,57,75,81,81,81,81,81,81,81,81,81,81,81,81,81,81,81,81,81,81,81,81,81,13,15,15,15,15,15,15,15,15,15,15,15,15,15,15,15,15,15,15,15,15,15,15
24,0.7294,0.3719,0.2376,57,75,81,81,81,81,81,81,81,81,81,81,81,81,81,81,81,81,81,81,81,81,81,81,13,15,15,15,15,15,15,15,15,15,15,15,15,15,15,15,15,15,15,15,15,15,15,15
25,0.7305,0.3733,0.2384,57,75,81,81,81,81,81,81,81,81,81,81,81,81,81,81,81,81,81,81,81,81,81,81,81,13,15,15,15,15,15,15,15,15,15,15,15,15,15,15,15,15,15,15,15,15,15,15,15,15
26,0.737,0.3745,0.2392,57,75,81,81,81,81,81,81,81,81,81,81,81,81,81,81,81,81,81,81,81,81,81,81,81,81,12,15,15,15,15,15,15,15,15,15,15,15,15,15,15,15,15,15,15,15,15,15,15,15,15,15
27,0.7378,0.3756,0.2399,57,75,81,81,81,81,81,81,81,81,81,81,81,81,81,81,81,81,81,81,81,81,81,81,81,81,81,12,15,15,15,15,15,15,15,15,15,15,15,15,15,15,15,15,15,15,15,15,15,15,15,15,15,15
28,0.7385,0.3767,0.2406,57,75,81,81,81,81,81,81,81,81,81,81,81,81,81,81,81,81,81,81,81,81,81,81,81,81,81,81,12,15,15,15,15,15,15,15,15,15,15,15,15,15,15,15,15,15,15,15,15,15,15,15,15,15,15,15
29,0.7413,0.3776,0.2412,57,75,81,81,81,81,81,81,81,81,81,81,81,81,81,81,81,81,81,81,81,81,81,81,81,81,81,81,81,12,14,15,15,15,15,15,15,15,15,15,15,15,15,15,15,15,15,15,15,15,15,15,15,15,15,15,15,15
30,0.7439,0.3785,0.2418,57,75,81,81,81,81,81,81,81,81,81,81,81,81,81,81,81,81,81,81,81,81,81,81,81,81,81,81,81,81,12,13,15,15,15,15,15,15,15,15,15,15,15,15,15,15,15,15,15,15,15,15,15,15,15,15,15,15,15,15
