1,0.1715,0.0207,0.0,69,15
2,0.1715,0.0207,0.0,57,69,15,15
3,0.1883,0.0264,0.0116,57,75,75,15,15,15
4,0.1904,0.0271,0.013,57,75,75,75,15,15,15,15
5,0.1967,0.0292,0.0173,75,75,75,75,75,15,15,15,15,15
6,0.4227,0.1735,0.0948,57,75,75,75,81,81,11,14,13,13,15,15
7,0.4541,0.217,0.1182,57,75,75,75,81,81,81,11,13,13,13,15,15,15
8,0.4773,0.2496,0.1357,57,75,75,75,81,81,81,81,11,13,13,12,15,15,15,15
9,0.4952,0.2749,0.1493,57,75,75,75,81,81,81,81,81,11,13,12,12,15,15,15,15,15
10,0.5096,0.2952,0.1602,57,75,75,75,81,81,81,81,81,81,11,12,12,12,15,15,15,15,15,15
11,0.5213,0.3117,0.1692,57,75,75,75,81,81,81,81,81,81,81,11,12,12,11,15,15,15,15,15,15,15
12,0.5311,0.3254,0.1766,57,75,75,75,81,81,81,81,81,81,81,81,11,12,11,11,15,15,15,15,15,15,15,15
13,0.5393,0.3371,0.1829,57,75,75,75,81,81,81,81,81,81,81,81,81,11,11,11,11,15,15,15,15,15,15,15,15,15
14,0.5097,0.3835,0.2055,57,75,75,81,81,81,81,81,81,81,81,81,81,81,11,15,15,15,15,15,15,15,15,15,15,15,15,15
15,0.5139,0.39,0.209,57,75,75,81,81,81,81,81,81,81,81,81,81,81,81,11,15,15,15,15,15,15,15,15,15,15,15,15,15,15
16,0.5177,0.3958,0.2121,57,75,75,81,81,81,81,81,81,81,81,81,81,81,81,81,11,15,15,15,15,15,15,15,15,15,15,15,15,15,15,15
17,0.5253,0.4007,0.2148,57,75,75,81,81,81,81,81,81,81,81,81,81,81,81,81,81,11,15,14,15,15,15,15,15,15,15,15,15,15,15,15,15,15
18,0.5321,0.405,0.2173,57,75,75,81,81,81,81,81,81,81,81,81,81,81,81,81,81,81,11,14,14,15,15,15,15,15,15,15,15,15,15,15,15,15,15,15
19,0.5379,0.4088,0.2194,57,75,75,81,81,81,81,81,81,81,81,81,81,81,81,81,81,81,81,11,14,13,15,15,15,15,15,15,15,15,15,15,15,15,15,15,15,15
20,0.5432,0.4123,0.2214,57,75,75,81,81,81,81,81,81,81,81,81,81,81,81,81,81,81,81,81,11,13,13,15,15,15,15,15,15,15,15,15,15,15,15,15,15,15,15,15
21,0.5477,0.4154,0.2231,57,75,75,81,81,81,81,81,81,81,81,81,81,81,81,81,81,81,81,81,81,11,13,12,15,15,15,15,15,15,15,15,15,15,15,15,15,15,15,15,15,15
22,0.5519,0.4182,0.2247,57,75,75,81,81,81,81,81,81,81,81,81,81,81,81,81,81,81,81,81,81,81,11,12,12,15,15,15,15,15,15,15,15,15,15,15,15,15,15,15,15,15,15,15
23,0.5556,0.4208,0.2262,57,75,75,81,81,81,81,81,81,81,81,81,81,81,81,81,81,81,81,81,81,81,81,11,12,11,15,15,15,15,15,15,15,15,15,15,15,15,15,15,15,15,15,15,15,15
24,0.5591,0.4231,0.2276,57,75,75,81,81,81,81,81,81,81,81,81,81,81,81,81,81,81,81,81,81,81,81,81,11,11,11,15,15,15,15,15,15,15,15,15,15,15,15,15,15,15,15,15,15,15,15,15
25,0.5477,0.4452,0.2384,57,75,81,81,81,81,81,81,81,81,81,81,81,81,81,81,81,81,81,81,81,81,81,81,81,13,15,15,15,15,15,15,15,15,15,15,15,15,15,15,15,15,15,15,15,15,15,15,15,15
26,0.5511,0.4465,0.2392,57,75,81,81,81,81,81,81,81,81,81,81,81,81,81,81,81,81,81,81,81,81,81,81,81,81,12,15,15,15,15,15,15,15,15,15,15,15,15,15,15,15,15,15,15,15,15,15,15,15,15,15
27,0.5519,0.4478,0.2399,57,75,81,81,81,81,81,81,81,81,81,81,81,81,81,81,81,81,81,81,81,81,81,81,81,81,81,12,15,15,15,15,15,15,15,15,15,15,15,15,15,15,15,15,15,15,15,15,15,15,15,15,15,15
28,0.5527,0.449,0.2406,57,75,81,81,81,81,81,81,81,81,81,81,81,81,81,81,81,81,81,81,81,81,81,81,81,81,81,81,12,15,15,15,15,15,15,15,15,15,15,15,15,15,15,15,15,15,15,15,15,15,15,15,15,15,15,15
29,0.5555,0.4501,0.2412,57,75,81,81,81,81,81,81,81,81,81,81,81,81,81,81,81,81,81,81,81,81,81,81,81,81,81,81,81,11,15,15,15,15,15,15,15,15,15,15,15,15,15,15,15,15,15,15,15,15,15,15,15,15,15,15,15,15
30,0.5561,0.4511,0.2418,57,75,81,81,81,81,81,81,81,81,81,81,81,81,81,81,81,81,81,81,81,81,81,81,81,81,81,81,81,81,11,15,15,15,15,15,15,15,15,15,15,15,15,15,15,15,15,15,15,15,15,15,15,15,15,15,15,15,15,15
