1,0.0003,0.5528,0.0,3,12.666588
2,0.0314,0.3919,0.0,3,3,7.999771,7.99981
3,0.15,0.2831,0.0,3,3,3,5.466508,5.466518,5.466542
4,0.4741,0.2831,0.0,3,3,3,3,4.266582,4.333269,4.333274,4.266614
5,0.612,0.2831,0.0,3,3,3,3,3,3.733251,3.666604,3.666617,3.733291,3.666629
6,0.7267,0.2831,0.0,3,3,3,3,3,3,3.133177,3.133187,3.066526,3.066533,3.133199,3.066541
7,0.7952,0.2831,0.0,3,3,3,3,3,3,3,2.664121,2.664124,2.664127,2.664131,2.730737,2.664141,2.730751
8,0.8407,0.2831,0.0,3,3,3,3,3,3,3,3,2.399872,2.333211,2.399876,2.333216,2.399881,2.33322,2.399886,2.333225
9,0.8785,0.2831,0.0,3,3,3,3,3,3,3,3,3,2.066521,2.133191,2.133199,2.066538,2.06654,2.066541,1.99988,2.06655,1.999889
10,0.9014,0.2831,0.0,3,3,3,3,3,3,3,3,3,3,1.933183,1.866526,1.933194,1.799872,1.933197,1.999865,1.799882,1.799888,1.733231,1.799898
11,0.9189,0.2831,0.0,3,3,3,3,3,3,3,3,3,3,3,1.733193,1.866519,1.533213,1.866523,1.666542,1.53322,1.666549,1.533226,1.733214,1.666559,1.733225
12,0.9347,0.2831,0.0,3,3,3,3,3,3,3,3,3,3,3,3,1.532893,1.332954,1.332957,1.6662,1.599558,1.532915,1.666214,1.399621,1.466275,1.666226,1.532932,1.399638
13,0.9412,0.2831,0.0,3,3,3,3,3,3,3,3,3,3,3,3,3,1.599842,1.533187,1.133227,1.466533,1.59986,1.399881,1.599869,1.199904,1.399889,1.533214,1.066585,1.333234,1.666545
14,0.9498,0.2831,0.0,3,3,3,3,3,3,3,3,3,3,3,3,3,3,0.932394,1.065595,1.465197,1.332,1.265401,1.798204,1.465208,1.198809,0.932409,1.531817,1.53182,1.26542,1.198821,1.332028
15,0.9587,0.2831,0.0,3,3,3,3,3,3,3,3,3,3,3,3,3,3,3,0.999884,1.133203,0.93323,1.133211,1.46651,1.466512,1.133215,1.066558,0.933241,1.133224,1.466527,1.199887,1.26655,1.133231,1.399875
16,0.9624,0.2831,0.0,3,3,3,3,3,3,3,3,3,3,3,3,3,3,3,3,1.132742,0.866217,1.399276,1.332647,1.199385,0.99949,1.332657,1.266025,1.266027,0.932863,1.332664,1.132765,0.932868,0.999502,1.199404,0.866237
17,0.9682,0.2831,0.0,3,3,3,3,3,3,3,3,3,3,3,3,3,3,3,3,3,0.866617,0.999947,1.333267,1.133281,1.599928,1.133285,0.999959,0.799969,0.866637,0.933302,0.933303,1.133299,1.333296,0.866645,0.866646,1.066642,0.733317
18,0.9694,0.2831,0.0,3,3,3,3,3,3,3,3,3,3,3,3,3,3,3,3,3,3,1.466519,1.133222,1.133224,1.199889,0.866589,0.933252,1.399881,0.933255,0.799934,0.866597,0.599953,0.733279,0.599956,1.133252,0.733282,0.933268,1.59989,0.93327
19,0.973,0.2831,0.0,3,3,3,3,3,3,3,3,3,3,3,3,3,3,3,3,3,3,3,0.666567,1.133168,1.199829,1.133174,0.933206,0.86655,0.533263,1.266503,0.533265,0.599925,0.599926,1.33317,0.799903,0.666587,1.066541,1.066542,1.199861,0.73325,1.399842
20,0.9755,0.2831,0.0,3,3,3,3,3,3,3,3,3,3,3,3,3,3,3,3,3,3,3,3,0.666557,1.066494,0.933185,1.26647,0.999845,0.733222,1.199821,0.599912,0.599913,0.799885,1.3998,0.666573,0.999861,0.799889,1.133177,0.733233,0.599919,0.733235,1.266499,0.666579
21,0.9785,0.2831,0.0,3,3,3,3,3,3,3,3,3,3,3,3,3,3,3,3,3,3,3,3,3,0.599966,0.933282,0.999947,1.133275,0.933287,0.599971,0.666636,0.999956,0.599974,0.933294,0.866632,0.733305,0.999963,0.866635,0.599979,1.266624,1.066632,0.733311,0.599982,0.866642,0.799979
1,0.0004,0.5444,0.0,3,12.333285
2,0.0304,0.3947,0.0,3,3,8.066602,8.066628
3,0.1481,0.284,0.0,3,3,3,5.466605,5.466611,5.533299
4,0.47,0.2831,0.0,3,3,3,3,4.266509,4.333191,4.333209,4.33322
1,0.0004,0.5495,0.0,3,12.5332
2,0.0304,0.3947,0.0,3,3,8.066604,8.06662
3,0.1637,0.2831,0.0,3,3,3,5.466603,5.399952,5.399962
4,0.4741,0.2831,0.0,3,3,3,3,4.333259,4.266605,4.333286,4.266624
5,0.6176,0.2831,0.0,3,3,3,3,3,3.666524,3.599864,3.733201,3.666546,3.666551
6,0.7207,0.2831,0.0,3,3,3,3,3,3,3.133179,3.133185,3.133192,3.133195,3.066534,3.199873
7,0.7948,0.2831,0.0,3,3,3,3,3,3,3,2.666482,2.666484,2.666491,2.666497,2.733165,2.666505,2.733177
8,0.844,0.2831,0.0,3,3,3,3,3,3,3,3,2.333186,2.333188,2.399853,2.333193,2.333196,2.333201,2.333204,2.333207
9,0.8758,0.2831,0.0,3,3,3,3,3,3,3,3,3,2.066387,2.133048,2.066393,2.133053,2.199713,1.999741,2.066405,2.066413,2.066419
10,0.905,0.2831,0.0,3,3,3,3,3,3,3,3,3,3,1.866509,1.799852,1.799854,1.733198,1.799863,1.866529,1.799871,1.799872,1.99986,1.799875
11,0.9186,0.2831,0.0,3,3,3,3,3,3,3,3,3,3,3,1.733186,1.666526,1.666527,1.533207,1.733197,1.733201,1.733204,1.79987,1.666549,1.666553,1.666554
12,0.9355,0.2831,0.0,3,3,3,3,3,3,3,3,3,3,3,3,1.399853,1.333196,1.59984,1.466523,1.733169,1.39987,1.533195,1.59986,1.266559,1.666531,1.533214,1.466558
13,0.9423,0.2831,0.0,3,3,3,3,3,3,3,3,3,3,3,3,3,1.533282,1.133297,1.466621,1.333296,1.666623,1.19997,1.333303,1.733298,1.666635,1.399976,1.133316,1.199985,1.533318
14,0.9503,0.2831,0.0,3,3,3,3,3,3,3,3,3,3,3,3,3,3,1.332794,1.466075,1.466077,1.332798,1.26616,1.466082,1.532728,1.199532,1.39946,1.066257,1.1329,1.399468,1.132904,1.199547
15,0.9569,0.2831,0.0,3,3,3,3,3,3,3,3,3,3,3,3,3,3,3,1.399841,1.466501,1.199865,1.066548,1.266528,1.466509,0.999893,0.933235,1.666494,0.866579,0.933241,1.266542,1.533188,1.199889,0.799926
16,0.9639,0.2831,0.0,3,3,3,3,3,3,3,3,3,3,3,3,3,3,3,3,1.333167,1.266512,1.333174,0.999881,0.999883,0.999885,1.133206,1.06655,1.46651,0.999895,1.199875,1.133217,0.933238,1.066559,0.9999,0.933242
17,0.9675,0.2831,0.0,3,3,3,3,3,3,3,3,3,3,3,3,3,3,3,3,3,1.199848,0.999877,0.933219,0.93322,1.333173,0.933222,1.1332,1.19986,1.26652,1.133203,0.999886,1.133205,1.066547,0.733252,0.99989,1.133209,0.866573
18,0.9712,0.2831,0.0,3,3,3,3,3,3,3,3,3,3,3,3,3,3,3,3,3,3,0.799949,0.733289,1.199932,1.199935,1.199938,0.999953,0.733301,0.866632,1.333285,0.933302,1.466619,0.933304,0.733312,0.733313,0.866644,1.133307,1.066643,0.733318
19,0.9747,0.2831,0.0,3,3,3,3,3,3,3,3,3,3,3,3,3,3,3,3,3,3,3,0.999858,0.933202,0.933202,1.133175,0.933204,0.866547,1.066521,0.799891,0.799894,0.933211,0.866555,0.933214,1.13319,0.999874,1.066534,1.133193,0.799902,0.799902,0.599927
20,0.9772,0.2831,0.0,3,3,3,3,3,3,3,3,3,3,3,3,3,3,3,3,3,3,3,3,0.733221,0.933192,0.599911,0.866541,0.799886,0.999861,1.266493,0.933207,0.59992,0.933212,0.599923,0.73324,0.799899,0.933216,1.066534,1.133194,0.733244,1.266513,0.599929,0.933223
21,0.9787,0.2831,0.0,3,3,3,3,3,3,3,3,3,3,3,3,3,3,3,3,3,3,3,3,3,0.599902,0.999838,0.866528,0.599905,0.799875,0.933189,1.13316,1.133164,0.466598,1.133167,0.933198,1.133171,0.933202,0.666573,0.599917,0.933205,1.266493,0.666576,0.533263,0.533264,0.599923
22,0.9796,0.2831,0.0,3,3,3,3,3,3,3,3,3,3,3,3,3,3,3,3,3,3,3,3,3,3,0.666568,0.466599,1.133172,0.666573,1.266492,1.133179,0.466604,0.466605,0.799895,1.266503,0.466607,0.999873,0.933215,0.533266,1.133192,0.866559,0.599926,0.46661,0.93322,0.599928,0.666587,1.066541
23,0.9812,0.2831,0.0,3,3,3,3,3,3,3,3,3,3,3,3,3,3,3,3,3,3,3,3,3,3,3,0.533239,1.066481,0.599897,0.933174,0.933177,0.399933,1.399768,0.466591,0.599904,0.799873,0.933187,0.666563,0.73322,0.599908,0.799878,0.466596,0.666567,0.533254,1.133166,0.933196,0.733227,0.733227,1.133171
24,0.9832,0.2831,0.0,3,3,3,3,3,3,3,3,3,3,3,3,3,3,3,3,3,3,3,3,3,3,3,3,0.599894,0.533241,0.933173,1.13314,0.666555,1.133144,0.933181,0.666559,0.399936,0.933186,0.666562,1.199813,0.73322,0.93319,0.533252,0.533252,0.466596,0.799881,0.799882,0.533255,0.399942,1.066513,0.4666,0.333286
25,0.9848,0.2831,0.0,3,3,3,3,3,3,3,3,3,3,3,3,3,3,3,3,3,3,3,3,3,3,3,3,3,0.466606,0.799896,0.733239,0.599924,0.7999,0.533267,0.733244,0.93322,0.933221,0.333294,1.133199,0.59993,0.59993,0.866566,1.133204,0.333296,0.999888,0.399956,0.533275,0.333297,0.466616,0.533276,0.999894,0.866575,0.599937
26,0.9855,0.2831,0.0,3,3,3,3,3,3,3,3,3,3,3,3,3,3,3,3,3,3,3,3,3,3,3,3,3,3,1.133273,0.399979,0.599969,0.333317,0.333317,0.799962,0.999954,0.933291,0.866628,0.399983,1.066621,0.399983,0.599976,0.599977,0.933298,0.999963,0.799971,0.533315,0.333322,0.533316,0.399987,0.533317,0.333323,1.199964,0.533318,0.533319
27,0.9864,0.2831,0.0,3,3,3,3,3,3,3,3,3,3,3,3,3,3,3,3,3,3,3,3,3,3,3,3,3,3,3,0.532901,0.599515,0.999194,0.532904,1.26565,0.999199,0.532907,1.065815,0.999203,0.53291,0.399684,0.599527,0.932601,0.333073,0.399688,0.466304,0.93261,0.732766,0.333076,0.732768,0.399692,0.466308,0.532925,0.532925,0.599542,0.399696,0.532928
28,0.9872,0.2831,0.0,3,3,3,3,3,3,3,3,3,3,3,3,3,3,3,3,3,3,3,3,3,3,3,3,3,3,3,3,0.799957,0.533306,0.533306,0.533307,0.533308,0.599972,0.399982,0.53331,0.999957,0.533311,0.466648,1.266617,0.399985,0.533313,0.999963,0.533314,0.533315,0.333322,0.333323,0.333323,0.399988,0.99997,0.533318,0.333324,0.666649,0.39999,1.133305,1.066641
29,0.9889,0.2831,0.0,3,3,3,3,3,3,3,3,3,3,3,3,3,3,3,3,3,3,3,3,3,3,3,3,3,3,3,3,3,0.666525,0.266611,0.533223,0.599877,0.533226,0.799841,0.333267,0.999803,0.466575,0.399922,0.999807,0.533231,0.533232,0.599887,0.933158,0.266617,0.666545,0.533237,0.733202,0.533239,0.533239,0.866515,0.399931,0.399931,0.533242,0.533243,0.399932,0.466588,0.999833
30,0.9886,0.2831,0.0,3,3,3,3,3,3,3,3,3,3,3,3,3,3,3,3,3,3,3,3,3,3,3,3,3,3,3,3,3,3,0.399905,1.133068,0.466558,1.133071,0.399909,0.333258,0.333258,0.933124,0.799822,0.33326,0.533219,0.333263,0.599874,0.46657,0.333265,0.66653,0.333266,0.333267,0.733189,0.333268,0.399923,0.99981,0.999813,0.866506,0.733199,0.399927,0.333273,0.466584,0.733204,0.39993
