1,0.0,0.9662,0.0,51,10
2,0.0,0.9662,0.0,51,51,10,10
3,0.0,0.9662,0.0,51,51,51,10,10,10
4,0.0,0.9662,0.0,51,51,51,51,10,10,10,10
5,0.0,0.9662,0.0,51,51,51,51,51,10,10,10,10,10
6,0.0,0.9662,0.0,51,51,51,51,51,51,10,10,10,10,10,10
7,0.0,0.9662,0.0,51,51,51,51,51,51,51,10,10,10,10,10,10,10
8,0.0,0.9662,0.0,51,51,51,51,51,51,51,51,10,10,10,10,10,10,10,10
9,0.0023,0.9673,0.1019,57,75,75,75,75,75,75,81,81,8,8,8,8,8,8,8,15,15
10,0.0025,0.9748,0.1767,57,75,75,75,75,75,81,81,81,81,8,10,9,9,9,9,15,15,15,15
11,0.0028,0.9755,0.1996,57,75,75,75,75,75,81,81,81,81,81,8,9,9,9,9,9,15,15,15,15,15
12,0.0031,0.9759,0.2188,57,75,75,75,75,75,81,81,81,81,81,81,8,9,9,9,9,8,15,15,15,15,15,15
13,0.0033,0.9763,0.235,57,75,75,75,75,75,81,81,81,81,81,81,81,8,9,9,9,8,8,15,15,15,15,15,15,15
14,0.0034,0.977,0.2489,57,75,75,75,75,75,81,81,81,81,81,81,81,81,8,9,9,9,8,8,15,15,15,15,15,15,15,15
15,0.0036,0.9772,0.261,57,75,75,75,75,75,81,81,81,81,81,81,81,81,81,8,9,9,8,8,8,15,15,15,15,15,15,15,15,15
16,0.0038,0.9774,0.2715,57,75,75,75,75,75,81,81,81,81,81,81,81,81,81,81,8,9,8,8,8,8,15,15,15,15,15,15,15,15,15,15
17,0.0039,0.9776,0.2808,57,75,75,75,75,75,81,81,81,81,81,81,81,81,81,81,81,8,8,8,8,8,8,15,15,15,15,15,15,15,15,15,15,15
18,0.0039,0.9812,0.3124,57,75,75,75,75,81,81,81,81,81,81,81,81,81,81,81,81,81,8,10,10,9,9,15,15,15,15,15,15,15,15,15,15,15,15,15
19,0.004,0.9812,0.3186,57,75,75,75,75,81,81,81,81,81,81,81,81,81,81,81,81,81,81,8,10,9,9,9,15,15,15,15,15,15,15,15,15,15,15,15,15,15
20,0.0041,0.9813,0.3241,57,75,75,75,75,81,81,81,81,81,81,81,81,81,81,81,81,81,81,81,8,9,9,9,9,15,15,15,15,15,15,15,15,15,15,15,15,15,15,15
