1,0.0043,0.9862,0.4296,81,17.633286
2,0.0045,0.9862,0.4296,81,81,17.566581,17.566623
3,0.0042,0.9862,0.4296,81,81,81,17.666588,17.666598,17.666608
4,0.0052,0.9862,0.4296,81,81,81,81,17.333132,17.333163,17.333193,17.333225
5,0.0054,0.9862,0.4296,81,81,81,81,81,17.266497,17.266515,17.266534,17.266592,17.266599
6,0.0054,0.9862,0.4296,81,81,81,81,81,81,17.266504,17.266523,17.266543,17.266552,17.26656,17.266586
7,0.0057,0.9862,0.4296,81,81,81,81,81,81,81,17.166468,17.166484,17.166491,17.16652,17.16654,17.166556,17.166563
8,0.0058,0.9862,0.4296,81,81,81,81,81,81,81,81,17.132931,17.132959,17.132967,17.132985,17.132992,17.132999,17.133006,17.133034
9,0.0062,0.9863,0.4296,81,81,81,81,81,81,81,81,81,16.999779,16.999786,16.999793,16.999816,16.999835,16.999843,16.999852,16.999871,16.99988
10,0.0063,0.9863,0.4296,81,81,81,81,81,81,81,81,81,81,16.966254,16.966263,16.966271,16.966297,16.966324,16.966352,16.966361,16.966378,16.966387,16.966395
11,0.0064,0.9863,0.4296,81,81,81,81,81,81,81,81,81,81,81,16.932644,16.932651,16.932669,16.932698,16.932715,16.932733,16.932761,16.932782,16.932799,16.932815,16.932834
12,0.0065,0.9863,0.4296,81,81,81,81,81,81,81,81,81,81,81,81,16.899608,16.899627,16.899657,16.899687,16.899717,16.899747,16.899778,16.899785,16.899814,16.899842,16.899861,16.899872
13,0.0076,0.9863,0.4296,81,81,81,81,81,81,81,81,81,81,81,81,81,16.632923,16.632931,16.632941,16.632951,16.632963,16.632975,16.632987,16.632999,16.63301,16.633021,16.633054,16.633083,16.633111
14,0.0074,0.9863,0.4296,81,81,81,81,81,81,81,81,81,81,81,81,81,81,16.666334,16.666342,16.666372,16.666392,16.66641,16.666426,16.666438,16.666448,16.666459,16.666472,16.666489,16.666501,16.666512,16.666517
15,0.0087,0.9863,0.4296,81,81,81,81,81,81,81,81,81,81,81,81,81,81,81,16.433097,16.433111,16.433118,16.433125,16.433132,16.433138,16.433145,16.433153,16.43316,16.433167,16.433173,16.4332,16.433207,16.43321,16.433217
16,0.0093,0.9863,0.4296,81,81,81,81,81,81,81,81,81,81,81,81,81,81,81,81,16.332693,16.332711,16.332721,16.332732,16.332757,16.332776,16.332787,16.332798,16.33281,16.332818,16.332828,16.332838,16.332849,16.332856,16.33287,16.332881
17,0.0095,0.9863,0.4296,81,81,81,81,81,81,81,81,81,81,81,81,81,81,81,81,81,16.29959,16.299618,16.299642,16.29967,16.299687,16.299712,16.29972,16.299729,16.299746,16.299772,16.299781,16.29979,16.299806,16.299829,16.299846,16.299854,16.29987
18,0.0108,0.9863,0.4296,81,81,81,81,81,81,81,81,81,81,81,81,81,81,81,81,81,81,16.066273,16.066292,16.066311,16.066339,16.066377,16.066397,16.066415,16.066427,16.066447,16.066458,16.066468,16.066479,16.06649,16.066507,16.066527,16.066546,16.066556,16.066567
19,0.0108,0.9863,0.4296,81,81,81,81,81,81,81,81,81,81,81,81,81,81,81,81,81,81,81,16.066256,16.066278,16.066294,16.066302,16.06632,16.066337,16.066346,16.066354,16.066362,16.066377,16.066387,16.066395,16.066404,16.066409,16.066417,16.066425,16.066433,16.066449,16.066457
20,0.0113,0.9863,0.4296,81,81,81,81,81,81,81,81,81,81,81,81,81,81,81,81,81,81,81,81,15.966388,15.966394,15.966402,15.966409,15.966415,15.966423,15.96643,15.966437,15.966444,15.966451,15.966461,15.966477,15.966487,15.966491,15.966497,15.966504,15.966511,15.966519,15.966527,15.966533
21,0.0119,0.9863,0.4296,81,81,81,81,81,81,81,81,81,81,81,81,81,81,81,81,81,81,81,81,81,15.866346,15.866353,15.866358,15.866377,15.866384,15.866392,15.866406,15.866413,15.86642,15.866427,15.866434,15.866441,15.866447,15.866454,15.866461,15.866469,15.866476,15.866484,15.866492,15.866498,15.866505
1,0.0044,0.9862,0.4296,81,17.599974
2,0.0045,0.9862,0.4296,81,81,17.566614,17.56663
3,0.0044,0.9862,0.4296,81,81,81,17.599793,17.599803,17.599811
