1,0.0073,0.7662,0.0,51,8
2,0.0073,0.7662,0.0,51,51,8,8
3,0.0073,0.7662,0.0,51,51,51,8,8,8
4,0.0073,0.7662,0.0,51,51,51,51,8,8,8,8
5,0.0073,0.7662,0.0,51,51,51,51,51,8,8,8,8,8
6,0.0073,0.7662,0.0,51,51,51,51,51,51,8,8,8,8,8,8
7,0.0073,0.7662,0.0,51,51,51,51,51,51,51,8,8,8,8,8,8,8
8,0.0073,0.7662,0.0,51,51,51,51,51,51,51,51,8,8,8,8,8,8,8,8
9,0.0073,0.7662,0.0,51,51,51,51,51,51,51,51,51,8,8,8,8,8,8,8,8,8
10,0.0073,0.7662,0.0,51,51,51,51,51,51,51,51,51,51,8,8,8,8,8,8,8,8,8,8
11,0.0073,0.7662,0.0,51,51,51,51,51,51,51,51,51,51,51,8,8,8,8,8,8,8,8,8,8,8
12,0.6902,0.8419,0.0788,57,75,75,75,75,75,75,75,75,75,81,81,6,6,6,6,6,6,6,6,6,6,15,15
13,0.4634,0.8663,0.1381,57,75,75,75,75,75,75,75,75,81,81,81,81,6,7,7,7,7,6,6,6,6,15,15,15,15
14,0.4689,0.875,0.1589,57,75,75,75,75,75,75,75,75,81,81,81,81,81,6,7,7,7,6,6,6,6,6,15,15,15,15,15
15,0.4736,0.8824,0.1769,57,75,75,75,75,75,75,75,75,81,81,81,81,81,81,6,7,7,6,6,6,6,6,6,15,15,15,15,15,15
16,0.4778,0.889,0.1927,57,75,75,75,75,75,75,75,75,81,81,81,81,81,81,81,6,7,6,6,6,6,6,6,6,15,15,15,15,15,15,15
17,0.4814,0.8947,0.2067,57,75,75,75,75,75,75,75,75,81,81,81,81,81,81,81,81,6,6,6,6,6,6,6,6,6,15,15,15,15,15,15,15,15
18,0.3292,0.9094,0.2424,57,75,75,75,75,75,75,75,81,81,81,81,81,81,81,81,81,81,6,7,7,7,7,6,6,6,15,15,15,15,15,15,15,15,15,15
19,0.3403,0.9135,0.2522,57,75,75,75,75,75,75,75,81,81,81,81,81,81,81,81,81,81,81,6,7,7,7,6,6,6,6,15,15,15,15,15,15,15,15,15,15,15
20,0.3503,0.9172,0.2611,57,75,75,75,75,75,75,75,81,81,81,81,81,81,81,81,81,81,81,81,6,7,7,6,6,6,6,6,15,15,15,15,15,15,15,15,15,15,15,15
21,0.3593,0.9205,0.2691,57,75,75,75,75,75,75,75,81,81,81,81,81,81,81,81,81,81,81,81,81,6,7,6,6,6,6,6,6,15,15,15,15,15,15,15,15,15,15,15,15,15
22,0.3675,0.9235,0.2764,57,75,75,75,75,75,75,75,81,81,81,81,81,81,81,81,81,81,81,81,81,81,6,6,6,6,6,6,6,6,15,15,15,15,15,15,15,15,15,15,15,15,15,15
23,0.3567,0.9263,0.2831,57,75,75,75,75,75,75,75,81,81,81,81,81,81,81,81,81,81,81,81,81,81,81,6,6,6,6,6,6,6,6,15,15,15,15,15,15,15,15,15,15,15,15,15,15,15
24,0.2477,0.936,0.3067,57,75,75,75,75,75,75,81,81,81,81,81,81,81,81,81,81,81,81,81,81,81,81,81,6,7,7,7,7,6,6,15,15,15,15,15,15,15,15,15,15,15,15,15,15,15,15,15
25,0.2594,0.938,0.3116,57,75,75,75,75,75,75,81,81,81,81,81,81,81,81,81,81,81,81,81,81,81,81,81,81,6,7,7,7,6,6,6,15,15,15,15,15,15,15,15,15,15,15,15,15,15,15,15,15,15
26,0.2702,0.9399,0.3162,57,75,75,75,75,75,75,81,81,81,81,81,81,81,81,81,81,81,81,81,81,81,81,81,81,81,6,7,7,6,6,6,6,15,15,15,15,15,15,15,15,15,15,15,15,15,15,15,15,15,15,15
27,0.2802,0.9416,0.3204,57,75,75,75,75,75,75,81,81,81,81,81,81,81,81,81,81,81,81,81,81,81,81,81,81,81,81,6,7,6,6,6,6,6,15,15,15,15,15,15,15,15,15,15,15,15,15,15,15,15,15,15,15,15
28,0.2894,0.9433,0.3243,57,75,75,75,75,75,75,81,81,81,81,81,81,81,81,81,81,81,81,81,81,81,81,81,81,81,81,81,6,6,6,6,6,6,6,15,15,15,15,15,15,15,15,15,15,15,15,15,15,15,15,15,15,15,15,15
29,0.2016,0.9507,0.3424,57,75,75,75,75,75,81,81,81,81,81,81,81,81,81,81,81,81,81,81,81,81,81,81,81,81,81,81,81,6,7,7,7,7,6,15,15,15,15,15,15,15,15,15,15,15,15,15,15,15,15,15,15,15,15,15,15,15
30,0.2128,0.9519,0.3453,57,75,75,75,75,75,81,81,81,81,81,81,81,81,81,81,81,81,81,81,81,81,81,81,81,81,81,81,81,81,6,7,7,7,6,6,15,15,15,15,15,15,15,15,15,15,15,15,15,15,15,15,15,15,15,15,15,15,15,15
