1,0.015,0.1729,0.0,51,11
2,0.015,0.1729,0.0,51,51,11,11
3,0.015,0.1729,0.0,51,51,51,11,11,11
4,0.015,0.1729,0.0,51,51,51,51,11,11,11,11
5,0.015,0.1729,0.0,51,51,51,51,51,11,11,11,11,11
6,0.015,0.1729,0.0,33,51,51,51,51,51,11,11,11,11,11,11
7,0.4049,0.4853,0.1283,57,75,75,75,75,81,81,10,11,11,11,10,15,15
8,0.5171,0.5477,0.1659,57,75,75,75,75,81,81,81,10,11,11,10,10,15,15,15
9,0.6043,0.5962,0.1952,57,75,75,75,75,81,81,81,81,10,11,10,10,10,15,15,15,15
10,0.6741,0.635,0.2187,57,75,75,75,75,81,81,81,81,81,10,10,10,10,10,15,15,15,15,15
11,0.4395,0.7329,0.276,57,75,75,75,81,81,81,81,81,81,81,11,11,11,11,15,15,15,15,15,15,15
12,0.4585,0.7543,0.2888,57,75,75,75,81,81,81,81,81,81,81,81,11,11,11,11,15,15,15,15,15,15,15,15
13,0.4746,0.7724,0.2997,57,75,75,75,81,81,81,81,81,81,81,81,81,11,11,11,11,15,15,15,15,15,15,15,15,15
14,0.5351,0.7876,0.3089,57,75,75,75,81,81,81,81,81,81,81,81,81,81,10,11,11,11,15,15,15,15,15,15,15,15,15,15
15,0.5439,0.801,0.317,57,75,75,75,81,81,81,81,81,81,81,81,81,81,81,10,11,11,11,15,15,15,15,15,15,15,15,15,15,15
16,0.5516,0.8128,0.324,57,75,75,75,81,81,81,81,81,81,81,81,81,81,81,81,10,11,11,11,15,15,15,15,15,15,15,15,15,15,15,15
17,0.5958,0.8229,0.3302,57,75,75,75,81,81,81,81,81,81,81,81,81,81,81,81,81,10,11,11,10,15,15,15,15,15,15,15,15,15,15,15,15,15
18,0.6351,0.8319,0.3358,57,75,75,75,81,81,81,81,81,81,81,81,81,81,81,81,81,81,10,11,10,10,15,15,15,15,15,15,15,15,15,15,15,15,15,15
19,0.6368,0.8402,0.3407,57,75,75,75,81,81,81,81,81,81,81,81,81,81,81,81,81,81,81,10,11,10,10,15,15,15,15,15,15,15,15,15,15,15,15,15,15,15
20,0.67,0.8474,0.3451,57,75,75,75,81,81,81,81,81,81,81,81,81,81,81,81,81,81,81,81,10,10,10,10,15,15,15,15,15,15,15,15,15,15,15,15,15,15,15,15
21,0.5776,0.8883,0.3692,57,75,75,81,81,81,81,81,81,81,81,81,81,81,81,81,81,81,81,81,81,11,11,11,15,15,15,15,15,15,15,15,15,15,15,15,15,15,15,15,15,15
22,0.5816,0.8929,0.3719,57,75,75,81,81,81,81,81,81,81,81,81,81,81,81,81,81,81,81,81,81,81,11,11,11,15,15,15,15,15,15,15,15,15,15,15,15,15,15,15,15,15,15,15
23,0.5854,0.8971,0.3744,57,75,75,81,81,81,81,81,81,81,81,81,81,81,81,81,81,81,81,81,81,81,81,11,11,11,15,15,15,15,15,15,15,15,15,15,15,15,15,15,15,15,15,15,15,15
24,0.5888,0.9009,0.3767,57,75,75,81,81,81,81,81,81,81,81,81,81,81,81,81,81,81,81,81,81,81,81,81,11,11,11,15,15,15,15,15,15,15,15,15,15,15,15,15,15,15,15,15,15,15,15,15
25,0.6181,0.9043,0.3788,57,75,75,81,81,81,81,81,81,81,81,81,81,81,81,81,81,81,81,81,81,81,81,81,81,10,11,11,15,15,15,15,15,15,15,15,15,15,15,15,15,15,15,15,15,15,15,15,15,15
26,0.62,0.9076,0.3808,57,75,75,81,81,81,81,81,81,81,81,81,81,81,81,81,81,81,81,81,81,81,81,81,81,81,10,11,11,15,15,15,15,15,15,15,15,15,15,15,15,15,15,15,15,15,15,15,15,15,15,15
27,0.6218,0.9106,0.3826,57,75,75,81,81,81,81,81,81,81,81,81,81,81,81,81,81,81,81,81,81,81,81,81,81,81,81,10,11,11,15,15,15,15,15,15,15,15,15,15,15,15,15,15,15,15,15,15,15,15,15,15,15,15
28,0.6461,0.9132,0.3843,57,75,75,81,81,81,81,81,81,81,81,81,81,81,81,81,81,81,81,81,81,81,81,81,81,81,81,81,10,11,10,15,15,15,15,15,15,15,15,15,15,15,15,15,15,15,15,15,15,15,15,15,15,15,15,15
29,0.6687,0.9157,0.3858,57,75,75,81,81,81,81,81,81,81,81,81,81,81,81,81,81,81,81,81,81,81,81,81,81,81,81,81,81,10,10,10,15,15,15,15,15,15,15,15,15,15,15,15,15,15,15,15,15,15,15,15,15,15,15,15,15,15
30,0.6462,0.9415,0.4011,57,69,81,81,81,81,81,81,81,81,81,81,81,81,81,81,81,81,81,81,81,81,81,81,81,81,81,81,81,81,10,11,15,15,15,15,15,15,15,15,15,15,15,15,15,15,15,15,15,15,15,15,15,15,15,15,15,15,15,15
