1,0.0005,0.9532,0.0,51,8
2,0.0005,0.9532,0.0,51,51,8,8
3,0.0005,0.9532,0.0,51,51,51,8,8,8
4,0.0005,0.9532,0.0,51,51,51,51,8,8,8,8
5,0.0005,0.9532,0.0,51,51,51,51,51,8,8,8,8,8
6,0.0005,0.9532,0.0,51,51,51,51,51,51,8,8,8,8,8,8
7,0.0005,0.9532,0.0,51,51,51,51,51,51,51,8,8,8,8,8,8,8
8,0.0005,0.9532,0.0,51,51,51,51,51,51,51,51,8,8,8,8,8,8,8,8
9,0.0005,0.9532,0.0,51,51,51,51,51,51,51,51,51,8,8,8,8,8,8,8,8,8
10,0.0005,0.9532,0.0,51,51,51,51,51,51,51,51,51,51,8,8,8,8,8,8,8,8,8,8
11,0.0005,0.9532,0.0,51,51,51,51,51,51,51,51,51,51,51,8,8,8,8,8,8,8,8,8,8,8
12,0.0097,0.9497,0.0788,57,75,75,75,75,75,75,75,75,75,81,81,6,6,6,6,6,6,6,6,6,6,15,15
13,0.0073,0.9593,0.1381,57,75,75,75,75,75,75,75,75,81,81,81,81,6,7,7,7,7,6,6,6,6,15,15,15,15
14,0.0075,0.9604,0.1589,57,75,75,75,75,75,75,75,75,81,81,81,81,81,6,7,7,7,6,6,6,6,6,15,15,15,15,15
15,0.0077,0.9614,0.1769,57,75,75,75,75,75,75,75,75,81,81,81,81,81,81,6,7,7,6,6,6,6,6,6,15,15,15,15,15,15
16,0.0079,0.9623,0.1927,57,75,75,75,75,75,75,75,75,81,81,81,81,81,81,81,6,7,6,6,6,6,6,6,6,15,15,15,15,15,15,15
17,0.008,0.963,0.2067,57,75,75,75,75,75,75,75,75,81,81,81,81,81,81,81,81,6,6,6,6,6,6,6,6,6,15,15,15,15,15,15,15,15
18,0.0064,0.9692,0.2424,57,75,75,75,75,75,75,75,81,81,81,81,81,81,81,81,81,81,6,7,7,7,7,6,6,6,15,15,15,15,15,15,15,15,15,15
19,0.0066,0.9695,0.2522,57,75,75,75,75,75,75,75,81,81,81,81,81,81,81,81,81,81,81,6,7,7,7,6,6,6,6,15,15,15,15,15,15,15,15,15,15,15
20,0.0068,0.9698,0.2611,57,75,75,75,75,75,75,75,81,81,81,81,81,81,81,81,81,81,81,81,6,7,7,6,6,6,6,6,15,15,15,15,15,15,15,15,15,15,15,15
