1,0.237,0.595,0.2584,81,8.799982
2,0.2403,0.5947,0.2584,81,81,8.566615,8.566634
3,0.2418,0.5946,0.2584,81,81,81,8.466637,8.466642,8.466647
4,0.2418,0.5946,0.2584,81,81,81,81,8.466535,8.46654,8.466545,8.466549
5,0.2434,0.5945,0.2584,81,81,81,81,81,8.366615,8.36662,8.366624,8.366628,8.366632
6,0.2439,0.5945,0.2584,81,81,81,81,81,81,8.333151,8.333156,8.33316,8.333165,8.333169,8.333175
7,0.2434,0.5945,0.2584,81,81,81,81,81,81,81,8.366592,8.366597,8.366602,8.366608,8.366612,8.366617,8.366622
8,0.245,0.5944,0.2584,81,81,81,81,81,81,81,81,8.266557,8.266561,8.266565,8.266569,8.266573,8.266577,8.266581,8.266585
9,0.2473,0.5942,0.2584,81,81,81,81,81,81,81,81,81,8.133243,8.133247,8.133252,8.133257,8.133262,8.133266,8.133271,8.133276,8.13328
10,0.2479,0.5942,0.2584,81,81,81,81,81,81,81,81,81,81,8.099926,8.099931,8.099937,8.099941,8.099946,8.09995,8.099954,8.066626,8.099965,8.099971
11,0.2467,0.5943,0.2584,81,81,81,81,81,81,81,81,81,81,81,8.166541,8.166547,8.166552,8.166556,8.166562,8.166568,8.166574,8.16658,8.166585,8.166589,8.166593
12,0.2491,0.5941,0.2584,81,81,81,81,81,81,81,81,81,81,81,81,8.033224,8.033228,8.033232,8.033237,8.033242,8.033247,8.033251,8.033255,8.033259,8.033264,8.033268,8.033273
13,0.2503,0.594,0.2584,81,81,81,81,81,81,81,81,81,81,81,81,81,7.966322,7.966325,7.966328,7.966332,7.966337,7.966341,7.966344,7.966348,7.966352,7.966356,7.96636,7.966364,7.966367
14,0.2497,0.5941,0.2584,81,81,81,81,81,81,81,81,81,81,81,81,81,81,7.999899,7.999902,7.999906,7.99991,7.999914,7.999918,7.999922,7.999926,7.99993,7.999935,7.999938,7.999942,7.999946,7.99995
15,0.2503,0.594,0.2584,81,81,81,81,81,81,81,81,81,81,81,81,81,81,81,7.966512,7.966515,7.966519,7.966523,7.966527,7.966531,7.966534,7.966538,7.966543,7.966546,7.96655,7.966558,7.966563,7.966567,7.96657
16,0.2491,0.5941,0.2584,81,81,81,81,81,81,81,81,81,81,81,81,81,81,81,81,8.033209,8.033214,8.033219,8.033224,8.033228,8.033232,8.033237,8.033241,8.033246,8.033251,8.033255,8.03326,8.033264,8.033269,8.033272,8.033276
17,0.2522,0.5939,0.2584,81,81,81,81,81,81,81,81,81,81,81,81,81,81,81,81,81,7.866515,7.866521,7.866527,7.866533,7.866538,7.866544,7.86655,7.866556,7.866562,7.866568,7.866574,7.86658,7.866586,7.866592,7.866597,7.866602,7.866608
18,0.2503,0.594,0.2584,81,81,81,81,81,81,81,81,81,81,81,81,81,81,81,81,81,81,7.966293,7.966297,7.966301,7.966306,7.96631,7.966314,7.966319,7.966324,7.966328,7.966333,7.966338,7.966342,7.966347,7.966352,7.966355,7.966359,7.966363,7.966368
19,0.2491,0.5941,0.2584,81,81,81,81,81,81,81,81,81,81,81,81,81,81,81,81,81,81,81,8.033187,8.033191,8.033195,8.033199,8.033203,8.033209,8.033213,8.033218,8.033223,8.033227,8.033232,8.033236,8.033242,8.033246,8.033249,8.033254,8.033259,8.033264,8.033269
20,0.2535,0.5938,0.2584,81,81,81,81,81,81,81,81,81,81,81,81,81,81,81,81,81,81,81,81,7.79982,7.799824,7.799828,7.799833,7.799837,7.799842,7.799846,7.79985,7.799855,7.799859,7.799867,7.799872,7.799877,7.799882,7.799885,7.799889,7.799893,7.799898,7.799903,7.799907
21,0.2535,0.5938,0.2584,81,81,81,81,81,81,81,81,81,81,81,81,81,81,81,81,81,81,81,81,81,7.799875,7.799879,7.799882,7.799886,7.79989,7.799894,7.799898,7.799902,7.799906,7.799911,7.799915,7.799919,7.799923,7.799927,7.799931,7.799935,7.799939,7.799943,7.799947,7.799951,7.799955
1,0.2408,0.5947,0.2584,81,8.533307
