1,0.0016,0.2301,0.0,69,15
2,0.0016,0.2301,0.0,69,69,15,15
3,0.0016,0.2301,0.0,69,69,69,15,15,15
4,0.0166,0.2441,0.0087,57,57,75,75,10,10,15,15
5,0.0021,0.2533,0.0173,75,75,75,75,75,15,15,15,15,15
6,0.0035,0.2535,0.0173,75,75,75,75,75,75,15,15,14,14,14,14
7,0.0041,0.2503,0.0149,57,75,75,75,75,75,75,14,14,14,14,14,14,14
8,0.0043,0.2536,0.0173,75,75,75,75,75,75,75,75,14,14,14,14,14,14,14,14
9,0.0052,0.2537,0.0173,75,75,75,75,75,75,75,75,75,14,14,14,14,14,14,14,13,13
10,0.0115,0.2501,0.0139,57,57,75,75,75,75,75,75,75,75,11,10,13,13,13,13,13,13,13,13
11,0.0092,0.2523,0.0158,57,75,75,75,75,75,75,75,75,75,75,11,13,13,13,13,13,13,13,13,13,13
12,0.0086,0.2543,0.0173,75,75,75,75,75,75,75,75,75,75,75,75,13,13,13,13,13,13,13,13,13,13,13,13
13,0.0132,0.2551,0.0173,75,75,75,75,75,75,75,75,75,75,75,75,75,13,13,13,13,13,13,12,12,12,12,12,12,12
