1,0.887443988493
2,0.887443988493
3,0.887443988493
4,0.887443988493
5,0.887443988493
6,0.887443988493
7,0.887443988493
8,0.887443988493
9,0.887443988493
10,0.887443988493
11,0.887443988493
12,0.887443988493
13,0.887443988493
14,0.887443988493
15,0.887443988493
16,0.887443988493
17,0.887443988493
18,0.887443988493
19,0.887443988493
20,0.887443988493
21,0.887443988493
22,0.887443988493
23,0.887443988493
24,0.887443988493
25,0.887443988493
26,0.887443988493
27,0.887443988493
28,0.887443988493
29,0.887443988493
30,0.887443988493
31,0.887443988493
32,0.887443988493
33,0.887443988493
34,0.887443988493
35,0.887443988493
36,0.887443988493
37,0.887443988493
38,0.887443988493
39,0.887443988493
40,0.887443988493
41,0.887443988493
42,0.887443988493
43,0.887443988493
44,0.887443988493
45,0.887443988493
46,0.887443988493
47,0.887443988493
48,0.887443988493
49,0.887443988493
50,0.887443988493
51,0.887443988493
52,0.887443988493
53,0.887443988493
54,0.887443988493
55,0.887443988493
56,0.887443988493
57,0.887443988493
58,0.887443988493
59,0.887443988493
60,0.887443988493
61,0.887443988493
62,0.887443988493
63,0.887443988493
64,0.887443988493
65,0.887443988493
66,0.887443988493
67,0.887443988493
68,0.887443988493
69,0.887443988493
70,0.887443988493
71,0.887443988493
72,0.887443988493
73,0.887443988493
74,0.887443988493
75,0.887443988493
76,0.887443988493
77,0.887443988493
78,0.88659067514
79,0.885758964656
80,0.884948046935
81,0.884157151873
82,0.883385546935
83,0.882632534887
84,0.881897451697
85,0.881179664582
86,0.880478570191
87,0.879793592912
88,0.879124183298
89,0.878469816598
90,0.877829991379
91,0.877204228253
92,0.876592068674
93,0.8749850093
94,0.873412142679
95,0.87187238904
96,0.870364713601
97,0.868888124254
98,0.867441669384
99,0.866024435824
100,0.864635546935
101,0.863274160796
102,0.861939468503
103,0.860630692566
104,0.859347085396
105,0.858087927887
106,0.856852528067
107,0.855640219832
108,0.85445036175
109,0.853282335926
110,0.852135546935
111,0.851009420809
112,0.849903404078
113,0.848816962864
114,0.847749582023
115,0.846700764326
116,0.845670029693
117,0.844656914456
118,0.843660970664
119,0.842681765422
120,0.841718880268
121,0.840771910571
122,0.839840464968
123,0.838924164821
124,0.838022643709
125,0.837135546935
126,0.836262531062
127,0.83540326347
128,0.834557421935
129,0.833724694222
130,0.832904777704
131,0.832097378996
132,0.831302213601
133,0.830519005581
134,0.829747487233
135,0.828987398787
136,0.828238488111
137,0.827500510438
138,0.826773228094
139,0.826056410244
140,0.825349832649
141,0.824653277431
142,0.82396653285
143,0.823289393089
144,0.822621658046
145,0.821963133142
146,0.821313629127
147,0.820672961901
148,0.82004095234
149,0.819417426129
150,0.818802213601
151,0.818195149584
152,0.817596073251
153,0.817004827981
154,0.815609572909
155,0.814232321128
156,0.812872726422
157,0.811530451393
158,0.810205167188
159,0.808896553224
160,0.807604296935
161,0.806328093519
162,0.8050676457
163,0.803822663499
164,0.802592864008
165,0.801377971177
166,0.80017771561
167,0.79899183436
168,0.797820070744
169,0.796662174154
170,0.795517899876
171,0.794387008923
172,0.793269267865
173,0.792164448669
174,0.791072328544
175,0.789992689792
176,0.788925319662
177,0.787870010212
178,0.786826558171
179,0.785794764812
180,0.784774435824
181,0.783765381189
182,0.782767415067
183,0.781780355678
184,0.780804025196
185,0.779838249638
186,0.778882858763
187,0.777937685972
188,0.777002568211
189,0.776077345877
190,0.775161862724
191,0.774255965783
192,0.773359505268
193,0.7724723345
194,0.771594309821
195,0.770725290525
196,0.769865138772
197,0.769013719524
198,0.76817090047
199,0.76733655196
200,0.766510546935
201,0.765692760865
202,0.764883071687
203,0.764081359743
204,0.763287507719
205,0.762501400593
206,0.761722925576
207,0.760951972056
208,0.76018843155
209,0.759432197653
210,0.758683165982
211,0.757941234139
212,0.757206301652
213,0.75647826994
214,0.755757042262
215,0.755042523679
216,0.754334621009
217,0.753633242787
218,0.752938299228
219,0.752249702186
220,0.751567365117
221,0.750891203043
222,0.75022113252
223,0.749557071598
224,0.748898939792
225,0.748246658046
226,0.747600148705
227,0.746959335481
228,0.746324143426
229,0.7456944989
230,0.745070329544
231,0.744451564251
232,0.743838133142
233,0.743229967536
234,0.742626999926
235,0.742029163956
236,0.741436394392
237,0.740848627104
238,0.740265799036
239,0.73968784819
240,0.739114713601
241,0.738546335317
242,0.737982654373
243,0.737423612778
244,0.736869153492
245,0.736319220404
246,0.735773758317
247,0.735232712927
248,0.734696030806
249,0.734163659385
250,0.733635546935
251,0.733111642552
252,0.732095864395
253,0.731088116105
254,0.73008830284
255,0.729096331249
256,0.727623828185
257,0.726162784289
258,0.724713066315
259,0.723274543074
260,0.721847085396
261,0.720430566092
262,0.719024859912
263,0.717629843513
264,0.71624539542
265,0.714871395991
266,0.713507727386
267,0.712154273527
268,0.710810920069
269,0.70947755437
270,0.708154065453
271,0.706840343983
272,0.705536282229
273,0.704241774041
274,0.702956714818
275,0.701276223776
276,0.699607910206
277,0.697951642221
278,0.696307289832
279,0.694674724917
280,0.693053821179
281,0.691444454122
282,0.689846501017
283,0.688259840866
284,0.686684354378
285,0.685119923936
286,0.683566433566
287,0.681620209059
288,0.6796875
289,0.67776816609
290,0.675862068966
291,0.673969072165
292,0.672089041096
293,0.670221843003
294,0.668367346939
295,0.666525423729
296,0.664695945946
297,0.662878787879
298,0.661073825503
299,0.659280936455
300,0.6575
