1,1.0
2,1.0
3,1.0
4,1.0
5,0.999999999999
6,0.99999999985
7,0.999999999035
8,0.999999967018
9,0.999999801733
10,0.999998835353
11,0.999998652984
12,0.999992332572
13,0.999960357541
14,0.999954891842
15,0.999952249766
16,0.999747276079
17,0.999734530372
18,0.999721784665
19,0.999610540049
20,0.998551300186
21,0.998493526434
22,0.998435752656
23,0.998377978716
24,0.997760929651
25,0.997684852736
26,0.992151782955
27,0.991917703475
28,0.991683618533
29,0.99144953546
30,0.991215456366
31,0.988067956759
32,0.987763140072
33,0.987458346931
34,0.987153553789
35,0.986848544973
36,0.986543603898
37,0.986238802527
38,0.985934001156
39,0.961059693912
40,0.960331494346
41,0.959603699661
42,0.958876727474
43,0.958149755288
44,0.957422783102
45,0.956695810916
46,0.955961507107
47,0.942020488048
48,0.941099553385
49,0.940183452253
50,0.939267351121
51,0.938351249988
52,0.937435148856
53,0.936519047724
54,0.935602946591
55,0.934644671741
56,0.933727962848
57,0.932811253954
58,0.931866031259
59,0.930948931884
60,0.930031832509
61,0.929114733135
62,0.92819763376
63,0.927280534385
64,0.926363435011
65,0.925446335636
66,0.924529236261
67,0.923612136886
68,0.922695037512
69,0.921539669957
70,0.920619879235
71,0.919700088513
72,0.918620546016
73,0.917699026127
74,0.916777506238
75,0.91585598635
76,0.914934466461
77,0.914012946572
78,0.912870800123
79,0.911750256545
80,0.910650505728
81,0.909570777571
82,0.908510339538
83,0.907468494395
84,0.90644457811
85,0.9054379579
86,0.904448030413
87,0.903474220039
88,0.902515977331
89,0.901572777535
90,0.900644119221
91,0.899729523001
92,0.897555986421
93,0.895932847787
94,0.894343901905
95,0.892788069005
96,0.890411104049
97,0.8889117546
98,0.887442539629
99,0.886002545968
100,0.884590896978
101,0.883206750738
102,0.881849298345
103,0.880517762306
104,0.879211395036
105,0.877929477426
106,0.876671317504
107,0.875436249169
108,0.874223630985
109,0.87303284506
110,0.871863295968
111,0.870714409741
112,0.869585632909
113,0.868476431595
114,0.867386290652
115,0.866314712855
116,0.865261218121
117,0.864225342783
118,0.86320663889
119,0.862204673547
120,0.861219028292
121,0.860249298494
122,0.85929509279
123,0.858356032542
124,0.857431751329
125,0.856521894454
126,0.85562611848
127,0.854744090788
128,0.853875489151
129,0.853020001337
130,0.852177324719
131,0.851347165909
132,0.850529240414
133,0.849723272293
134,0.848928993844
135,0.848146145296
136,0.84737447452
137,0.846613736746
138,0.840131533994
139,0.839364175298
140,0.838607056857
141,0.837859960794
142,0.837122675367
143,0.83639499476
144,0.831833345515
145,0.831106430884
146,0.830388537143
147,0.829679480191
148,0.828979080904
149,0.828287164966
150,0.827603562712
151,0.826928108968
152,0.826260642908
153,0.825601007912
154,0.824137363114
155,0.822691721607
156,0.821263737174
157,0.819853072419
158,0.818459398487
159,0.817082394797
160,0.815721748781
161,0.814377155638
162,0.813048318093
163,0.811734946166
164,0.810436756948
165,0.809153474391
166,0.807884829097
167,0.806630558121
168,0.805390404779
169,0.804164118462
170,0.802951454458
171,0.801752173778
172,0.800566042994
173,0.799392834071
174,0.79823232422
175,0.797084295742
176,0.795948535885
177,0.794824836708
178,0.793712994941
179,0.792612811856
180,0.791524093141
181,0.79044664878
182,0.789380292931
183,0.788324843816
184,0.787280123607
185,0.786245958323
186,0.785222177722
187,0.784208615205
188,0.783205107717
189,0.782211495656
190,0.781227622777
191,0.78025333611
192,0.779288485868
193,0.778332925373
194,0.777386510969
195,0.776449101946
196,0.775520560466
197,0.774600751492
198,0.773689542712
199,0.772786804475
200,0.771892409724
201,0.771006233928
202,0.770128155023
203,0.769258053352
204,0.768395811602
205,0.76754131475
206,0.766694450006
207,0.765855106759
208,0.765023176528
209,0.764198552903
210,0.763381131507
211,0.762570809937
212,0.761767487723
213,0.760971066285
214,0.760181448881
215,0.759398540571
216,0.758622248175
217,0.757852480227
218,0.757089146941
219,0.756332160173
220,0.755581433377
221,0.754836881577
222,0.754098421328
223,0.753365970679
224,0.752639449146
225,0.751918777674
226,0.751203878606
227,0.750494675656
228,0.749791093875
229,0.749093059622
230,0.748400500539
231,0.74771334552
232,0.747031524685
233,0.746354969352
234,0.745683612016
235,0.74501738632
236,0.74435622703
237,0.743700070014
238,0.74304885222
239,0.742402511648
240,0.741760987333
241,0.741124219322
242,0.740492148652
243,0.739864717331
244,0.739241868318
245,0.738623545504
246,0.73800969369
247,0.737400258573
248,0.736795186726
249,0.736194425578
250,0.735597923402
251,0.735005629293
252,0.73392146141
253,0.732845323393
254,0.731777120402
255,0.730716759084
256,0.729175866293
257,0.727646432671
258,0.72612832497
259,0.724621412003
260,0.723125564599
261,0.721640655568
262,0.720166559662
263,0.718703153536
264,0.717250315717
265,0.715807926562
266,0.71437586823
267,0.712954024645
268,0.711542281461
269,0.710140526035
270,0.708748647392
271,0.707366536195
272,0.705994084715
273,0.7046311868
274,0.703277737851
275,0.70157049489
276,0.6998754294
277,0.698192409495
278,0.696521305188
279,0.694861988353
280,0.693214332695
281,0.691578213719
282,0.689953508694
283,0.688340096624
284,0.686737858217
285,0.685146675855
286,0.683566433566
287,0.681620209059
288,0.6796875
289,0.67776816609
290,0.675862068966
291,0.673969072165
292,0.672089041096
293,0.670221843003
294,0.668367346939
295,0.666525423729
296,0.664695945946
297,0.662878787879
298,0.661073825503
299,0.659280936455
300,0.6575
