1,1.0
2,1.0
3,1.0
4,1.0
5,1.0
6,1.0
7,1.0
8,1.0
9,1.0
10,1.0
11,1.0
12,0.9898
13,1.0
14,1.0
15,1.0
16,1.0
17,1.0
18,1.0
19,0.99344375
20,0.9939
21,1.0
22,0.994375
23,0.9945875
24,0.97935
25,0.985125
26,0.98118125
27,0.9859625
28,0.986725
29,0.99545
30,0.9837
31,0.97980625
32,0.9760375
33,0.9885125
34,0.988775
35,0.98198125
36,0.97260625
37,0.973425
38,0.973325
39,0.97094375
40,0.97226875
41,0.97580625
42,0.97269375
43,0.9595875
44,0.95979375
45,0.96094375
46,0.9589375
47,0.95486875
48,0.958425
49,0.9588375
50,0.9577375
51,0.9488
52,0.95664375
53,0.95930625
54,0.95111875
55,0.94721875
56,0.95094375
57,0.9554625
58,0.95236875
59,0.94685
60,0.945975
61,0.94625625
62,0.94521875
63,0.94361875
64,0.9395375
65,0.934725
66,0.93108125
67,0.9347
68,0.93593125
69,0.93419375
70,0.9305
71,0.9305875
72,0.93166875
73,0.92850625
74,0.92428125
75,0.9243
76,0.92046875
77,0.91699375
78,0.914861217949
79,0.91124556962
80,0.908796171875
81,0.906749768519
82,0.903733003049
83,0.90189435241
84,0.898397916667
85,0.896032794118
86,0.894849491279
87,0.894121551724
88,0.89225859375
89,0.891416151685
90,0.892223888889
91,0.890493269231
92,0.889871263587
93,0.886356854839
94,0.883128125
95,0.880519013158
96,0.877575585938
97,0.873783505155
98,0.870835586735
99,0.86931729798
100,0.867594
101,0.864225804455
102,0.863406004902
103,0.860798179612
104,0.859330709135
105,0.855754345238
106,0.853813089623
107,0.850289135514
108,0.851256481481
109,0.84893016055
110,0.848262215909
111,0.844346396396
112,0.843778515625
113,0.841970077434
114,0.84079254386
115,0.838148532609
116,0.838484536638
117,0.836148397436
118,0.835377118644
119,0.83466980042
120,0.832291510417
121,0.832117716942
122,0.829075768443
123,0.827418902439
124,0.827149344758
125,0.82361155
126,0.823045882937
127,0.822165944882
128,0.822320068359
129,0.820527664729
130,0.817535144231
131,0.817871946565
132,0.816263210227
133,0.815767951128
134,0.813014552239
135,0.811449814815
136,0.813527757353
137,0.810326779197
138,0.810509012681
139,0.809688624101
140,0.809290625
141,0.807287056738
142,0.805341945423
143,0.803426311189
144,0.804039800347
145,0.802605732759
146,0.801355821918
147,0.798726020408
148,0.799171663851
149,0.796611954698
150,0.794797041667
151,0.794287086093
152,0.794708182566
153,0.792874550654
154,0.790402962662
155,0.786057379032
156,0.785045873397
157,0.785240565287
158,0.781352768987
159,0.780126611635
160,0.779086171875
161,0.776552950311
162,0.776356442901
163,0.773946779141
164,0.772970198171
165,0.770994318182
166,0.767772929217
167,0.765764258982
168,0.763695275298
169,0.762387204142
170,0.760801470588
171,0.75848128655
172,0.757912536337
173,0.755371712428
174,0.753408872126
175,0.752998392857
176,0.750629580966
177,0.750053213277
178,0.747880477528
179,0.745930132682
180,0.743604965278
181,0.74339640884
182,0.739247424451
183,0.737938387978
184,0.738879585598
185,0.736960337838
186,0.73380124328
187,0.730210394385
188,0.728843051862
189,0.726600595238
190,0.723951743421
191,0.723223985602
192,0.722970833333
193,0.720634034974
194,0.718606507732
195,0.717644166667
196,0.716805452806
197,0.715847303299
198,0.714814109848
199,0.713483982412
200,0.7119415625
201,0.711718097015
202,0.711252289604
203,0.709690024631
204,0.709109068627
205,0.708098871951
206,0.708147117718
207,0.706791092995
208,0.706558804087
209,0.705112410287
210,0.704816041667
211,0.701954917062
212,0.701056367925
213,0.700250176056
214,0.699198860981
215,0.698404273256
216,0.697604716435
217,0.696116445853
218,0.694488704128
219,0.69437451484
220,0.693842755682
221,0.693775933258
222,0.69272401464
223,0.690229372197
224,0.690703236607
225,0.689484111111
226,0.688207162611
227,0.687151734581
228,0.686394380482
229,0.685404912664
230,0.684824646739
231,0.684958170996
232,0.683784779095
233,0.682385488197
234,0.682916292735
235,0.680632765957
236,0.680555190678
237,0.680395859705
238,0.678907221639
239,0.678364095188
240,0.676756744792
241,0.675681146266
242,0.67484106405
243,0.673709927984
244,0.672897284836
245,0.671941147959
246,0.671156072154
247,0.669868016194
248,0.669325856855
249,0.668791440763
250,0.669194125
251,0.668383466135
252,0.666897544643
253,0.663926729249
254,0.663234301181
255,0.661924901961
256,0.659371655273
257,0.656523759728
258,0.653388250969
259,0.652580212355
260,0.649294735577
261,0.64794032567
262,0.644856703244
263,0.643011121673
264,0.641419767992
265,0.638486061321
266,0.635868585526
267,0.634904985955
268,0.633274067164
269,0.631431319703
270,0.629260810185
271,0.625858740775
272,0.623974839154
273,0.622273511905
274,0.619520643248
275,0.616287318182
276,0.615265149457
277,0.611104557762
278,0.608938579137
279,0.606022356631
280,0.604037366071
281,0.601268572064
282,0.597938896277
283,0.597091210247
284,0.594270290493
285,0.59107245614
286,0.589243378497
287,0.585883405923
288,0.582557096354
289,0.57975408737
290,0.576466939655
291,0.572815743127
292,0.57032223887
293,0.56601774744
294,0.564846832483
295,0.560846631356
296,0.559046684966
297,0.555304882155
298,0.552547504195
299,0.550214151338
300,0.546865979167
