300,1,0.6575
299,1,0.659280936455
298,1,0.661073825503
297,1,0.662878787879
296,1,0.664695945946
295,1,0.666525423729
294,1,0.668367346939
293,1,0.670221843003
292,1,0.672089041096
291,1,0.673969072165
290,1,0.675862068966
289,1,0.67776816609
288,1,0.6796875
287,1,0.681620209059
286,1,0.683566433566
285,1,0.685119923936
284,1,0.686684354378
283,1,0.688259840866
282,1,0.689846501017
281,1,0.691444454122
280,1,0.693053821179
279,1,0.694674724917
278,1,0.696307289832
277,1,0.697951642221
276,1,0.699607910206
275,1,0.701276223776
274,1,0.702956714818
273,1,0.704241774041
272,1,0.705536282229
271,1,0.706840343983
270,1,0.708154065453
269,1,0.70947755437
268,1,0.710810920069
267,1,0.712154273527
266,1,0.713507727386
265,1,0.714871395991
264,1,0.71624539542
263,1,0.717629843513
262,1,0.719024859912
261,1,0.720430566092
260,1,0.721847085396
259,1,0.723274543074
258,1,0.724713066315
257,1,0.726162784289
256,1,0.727623828185
255,1,0.729096331249
254,1,0.73008830284
253,1,0.731088116105
252,1,0.732095864395
251,1,0.733111642552
250,1,0.733635546935
249,1,0.734163659385
248,1,0.734696030806
247,1,0.735232712927
246,1,0.735773758317
245,1,0.736319220404
244,1,0.736869153492
243,1,0.737423612778
242,1,0.737982654373
241,1,0.738546335317
240,1,0.739114713601
239,1,0.73968784819
238,1,0.740265799036
237,1,0.740848627104
236,1,0.741436394392
235,1,0.742029163956
234,1,0.742626999926
233,1,0.743229967536
232,1,0.743838133142
231,1,0.744451564251
230,1,0.745070329544
229,1,0.7456944989
228,1,0.746324143426
227,1,0.746959335481
226,1,0.747600148705
225,1,0.748246658046
224,1,0.748898939792
223,1,0.749557071598
222,1,0.75022113252
221,1,0.750891203043
220,1,0.751567365117
219,1,0.752249702186
218,1,0.752938299228
217,1,0.753633242787
216,1,0.754334621009
215,1,0.755042523679
214,1,0.755757042262
213,1,0.75647826994
212,1,0.757206301652
211,1,0.757941234139
210,1,0.758683165982
209,1,0.759432197653
208,1,0.76018843155
207,1,0.760951972056
206,1,0.761722925576
205,1,0.762501400593
204,1,0.763287507719
203,1,0.764081359743
202,1,0.764883071687
201,1,0.765692760865
200,1,0.766510546935
199,1,0.76733655196
198,1,0.76817090047
197,1,0.769013719524
196,1,0.769865138772
195,1,0.770725290525
194,1,0.771594309821
193,1,0.7724723345
192,1,0.773359505268
191,1,0.774255965783
190,1,0.775161862724
189,1,0.776077345877
188,1,0.777002568211
187,1,0.777937685972
186,1,0.778882858763
185,1,0.779838249638
184,1,0.780804025196
183,1,0.781780355678
182,1,0.782767415067
181,1,0.783765381189
180,1,0.784774435824
179,1,0.785794764812
178,1,0.786826558171
177,1,0.787870010212
176,1,0.788925319662
175,1,0.789992689792
174,1,0.791072328544
173,1,0.792164448669
172,1,0.793269267865
171,1,0.794387008923
170,1,0.795517899876
169,1,0.796662174154
168,1,0.797820070744
167,1,0.79899183436
166,1,0.80017771561
165,1,0.801377971177
164,1,0.802592864008
163,1,0.803822663499
162,1,0.8050676457
161,1,0.806328093519
160,1,0.807604296935
159,1,0.808896553224
158,1,0.810205167188
157,1,0.811530451393
156,1,0.812872726422
155,1,0.814232321128
154,1,0.815609572909
153,1,0.817004827981
152,1,0.817596073251
151,1,0.818195149584
150,1,0.818802213601
149,1,0.819417426129
148,1,0.82004095234
147,1,0.820672961901
146,1,0.821313629127
145,1,0.821963133142
144,1,0.822621658046
143,1,0.823289393089
142,1,0.82396653285
141,1,0.824653277431
140,1,0.825349832649
139,1,0.826056410244
138,1,0.826773228094
137,1,0.827500510438
136,1,0.828238488111
135,1,0.828987398787
134,1,0.829747487233
133,1,0.830519005581
132,1,0.831302213601
131,1,0.832097378996
130,1,0.832904777704
129,1,0.833724694222
128,1,0.834557421935
127,1,0.83540326347
126,1,0.836262531062
125,1,0.837135546935
124,1,0.838022643709
123,1,0.838924164821
122,1,0.839840464968
121,1,0.840771910571
120,1,0.841718880268
119,1,0.842681765422
118,1,0.843660970664
117,1,0.844656914456
116,1,0.845670029693
115,1,0.846700764326
114,1,0.847749582023
113,1,0.848816962864
112,1,0.849903404078
111,1,0.851009420809
110,1,0.852135546935
109,1,0.853282335926
108,1,0.85445036175
107,1,0.855640219832
106,1,0.856852528067
105,1,0.858087927887
104,1,0.859347085396
103,1,0.860630692566
102,1,0.861939468503
101,1,0.863274160796
100,1,0.864635546935
99,1,0.866024435824
98,1,0.867441669384
97,1,0.868888124254
96,1,0.870364713601
95,1,0.87187238904
94,1,0.873412142679
93,1,0.8749850093
92,1,0.876592068674
91,1,0.877204228253
90,1,0.877829991379
89,1,0.878469816598
88,1,0.879124183298
87,1,0.879793592912
86,1,0.880478570191
85,1,0.881179664582
84,1,0.881897451697
83,1,0.882632534887
82,1,0.883385546935
81,1,0.884157151873
80,1,0.884948046935
79,1,0.885758964656
78,1,0.88659067514
1,1,0.887443988493
2,1,0.887443988493
3,1,0.887443988493
4,1,0.887443988493
5,1,0.887443988493
6,1,0.887443988493
7,1,0.887443988493
8,1,0.887443988493
9,1,0.887443988493
10,1,0.887443988493
11,1,0.887443988493
12,1,0.887443988493
13,1,0.887443988493
14,1,0.887443988493
15,1,0.887443988493
16,1,0.887443988493
17,1,0.887443988493
18,1,0.887443988493
19,1,0.887443988493
20,1,0.887443988493
21,1,0.887443988493
22,1,0.887443988493
23,1,0.887443988493
24,1,0.887443988493
25,1,0.887443988493
26,1,0.887443988493
27,1,0.887443988493
28,1,0.887443988493
29,1,0.887443988493
30,1,0.887443988493
31,1,0.887443988493
32,1,0.887443988493
33,1,0.887443988493
34,1,0.887443988493
35,1,0.887443988493
36,1,0.887443988493
37,1,0.887443988493
38,1,0.887443988493
39,1,0.887443988493
40,1,0.887443988493
41,1,0.887443988493
42,1,0.887443988493
43,1,0.887443988493
44,1,0.887443988493
45,1,0.887443988493
46,1,0.887443988493
47,1,0.887443988493
48,1,0.887443988493
49,1,0.887443988493
50,1,0.887443988493
51,1,0.887443988493
52,1,0.887443988493
53,1,0.887443988493
54,1,0.887443988493
55,1,0.887443988493
56,1,0.887443988493
57,1,0.887443988493
58,1,0.887443988493
59,1,0.887443988493
60,1,0.887443988493
61,1,0.887443988493
62,1,0.887443988493
63,1,0.887443988493
64,1,0.887443988493
65,1,0.887443988493
66,1,0.887443988493
67,1,0.887443988493
68,1,0.887443988493
69,1,0.887443988493
70,1,0.887443988493
71,1,0.887443988493
72,1,0.887443988493
73,1,0.887443988493
74,1,0.887443988493
75,1,0.887443988493
76,1,0.887443988493
77,1,0.887443988493
