300,1,0.6575
299,1,0.659280936455
298,1,0.661073825503
297,1,0.662878787879
296,1,0.664695945946
295,1,0.666525423729
294,1,0.668367346939
293,1,0.670221843003
292,1,0.672089041096
291,1,0.673969072165
290,1,0.675862068966
289,1,0.67776816609
288,1,0.6796875
287,1,0.681620209059
286,1,0.683566433566
285,1,0.685149659561
284,1,0.68674382563
283,1,0.688349047743
282,1,0.68996544352
281,1,0.691593132251
280,1,0.693232234933
279,1,0.694882874297
278,1,0.696545174839
277,1,0.698219262852
276,1,0.699905266463
275,1,0.70160331566
274,1,0.703313542327
273,1,0.70467281765
272,1,0.706041541937
271,1,0.707419819791
270,1,0.708807757361
269,1,0.710205462377
268,1,0.711613044176
267,1,0.713030613733
266,1,0.714458283692
265,1,0.715896168397
264,1,0.717344383925
263,1,0.718803048118
262,1,0.720272280617
261,1,0.721752202897
260,1,0.723242938301
259,1,0.724744612078
258,1,0.726257351418
257,1,0.727781285492
256,1,0.729316545488
255,1,0.730863264651
254,1,0.731929452343
253,1,0.733003481707
252,1,0.734085446097
251,1,0.735175440354
250,1,0.735773560836
249,1,0.736375889385
248,1,0.736982476906
247,1,0.737593375127
246,1,0.738208636617
245,1,0.738828314803
244,1,0.739452463991
243,1,0.740081139377
242,1,0.740714397071
241,1,0.741352294114
240,1,0.741994888499
239,1,0.742642239187
238,1,0.743294406133
237,1,0.7439514503
236,1,0.744613433689
235,1,0.745280419352
234,1,0.745952471422
233,1,0.746629655131
232,1,0.747312036837
231,1,0.747999684045
230,1,0.748692665438
229,1,0.749391050894
228,1,0.75009491152
227,1,0.750804319674
226,1,0.751519348998
225,1,0.752240074438
224,1,0.752966572284
223,1,0.75369892019
222,1,0.754437197212
221,1,0.755181483834
220,1,0.755931862007
219,1,0.756688415176
218,1,0.757451228318
217,1,0.758220387977
216,1,0.758995982298
215,1,0.759778101068
214,1,0.760566835751
213,1,0.761362279528
212,1,0.76216452734
211,1,0.762973675926
210,1,0.76378982387
209,1,0.76461307164
208,1,0.765443521637
207,1,0.766281278242
206,1,0.767126447862
205,1,0.767979138979
204,1,0.768839462204
203,1,0.769707530328
202,1,0.770583458372
201,1,0.771467363649
200,1,0.772359365819
199,1,0.773259586944
198,1,0.774168151553
197,1,0.775085186707
196,1,0.776010822054
195,1,0.776945189907
194,1,0.777888425303
193,1,0.778840666081
192,1,0.779802052949
191,1,0.780772729564
190,1,0.781752842605
189,1,0.782742541857
188,1,0.783741980291
187,1,0.784751314152
186,1,0.785770703042
185,1,0.786800310016
184,1,0.787840301674
183,1,0.788890848256
182,1,0.789952123744
181,1,0.791024305966
180,1,0.792107576701
179,1,0.793202121789
178,1,0.794308131247
177,1,0.795425799388
176,1,0.796555324938
175,1,0.797696911167
174,1,0.798850766019
173,1,0.800017102244
172,1,0.801196137539
171,1,0.802388094697
170,1,0.80359320175
169,1,0.804811692127
168,1,0.806043804817
167,1,0.807289784533
166,1,0.808549881882
165,1,0.809824353549
164,1,0.81111346248
163,1,0.812417478071
162,1,0.813736676371
161,1,0.815071340289
160,1,0.816421759805
159,1,0.817788232194
158,1,0.819171062258
157,1,0.820570562563
156,1,0.821987053691
155,1,0.823420864497
154,1,0.824872332377
153,1,0.826341803548
152,1,0.827007264918
151,1,0.827680557351
150,1,0.828361837468
149,1,0.829051266096
148,1,0.829749008406
147,1,0.830455234067
146,1,0.831170117392
145,1,0.831893837507
144,1,0.832626578511
143,1,0.837620724137
142,1,0.838346711143
141,1,0.839082302968
140,1,0.83982770543
139,1,0.840583130269
138,1,0.841348795363
137,1,0.848218749876
136,1,0.848970834568
135,1,0.849733852264
134,1,0.85050804773
133,1,0.851293673098
132,1,0.852090988138
131,1,0.852900260553
130,1,0.853721766281
129,1,0.854555789819
128,1,0.855402624552
127,1,0.856262573107
126,1,0.857135947719
125,1,0.858023070612
124,1,0.858924274406
123,1,0.859839902538
122,1,0.860770309704
121,1,0.861715862328
120,1,0.862676939045
119,1,0.863653931219
118,1,0.86464724348
117,1,0.865657294293
116,1,0.86668451655
115,1,0.867729358203
114,1,0.868792282919
113,1,0.869873770781
112,1,0.870974319014
111,1,0.872094442765
110,1,0.873234675911
109,1,0.874395571922
108,1,0.875577704766
107,1,0.876781669868
106,1,0.878008085123
105,1,0.879257591964
104,1,0.880530856493
103,1,0.881828570682
102,1,0.88315145364
101,1,0.884500252952
100,1,0.885875746111
99,1,0.88727874202
98,1,0.8887100826
97,1,0.890170644491
96,1,0.891661340858
95,1,0.893598126805
94,1,0.89514810165
93,1,0.896731189476
92,1,0.898348470055
91,1,0.900112502228
90,1,0.90099510142
89,1,0.901891762705
88,1,0.902802965472
87,1,0.903729211151
86,1,0.904671024496
85,1,0.905628954954
84,1,0.906603578135
83,1,0.907595497391
82,1,0.908605345506
81,1,0.90963378651
80,1,0.910681517638
79,1,0.911749271426
78,1,0.912837817976
77,1,0.913947967396
76,1,0.914608936351
75,1,0.915269905305
74,1,0.91593087426
73,1,0.916591843215
72,1,0.91725281217
71,1,0.917947952506
70,1,0.918608487592
69,1,0.919269022677
68,1,0.9200384525
67,1,0.920697621439
66,1,0.921356790378
65,1,0.922015959317
64,1,0.922675128257
63,1,0.923334297196
62,1,0.923993466135
61,1,0.924652635074
60,1,0.925311804014
59,1,0.925970972953
58,1,0.926630141892
57,1,0.927291995629
56,1,0.927951121803
55,1,0.928610247978
54,1,0.929282010306
53,1,0.929940934912
52,1,0.930599859518
51,1,0.931258784125
50,1,0.931917708731
49,1,0.932576633337
48,1,0.933235557943
47,1,0.933894685926
46,1,0.946272356591
45,1,0.946805340589
44,1,0.947336855775
43,1,0.947868370961
42,1,0.948399886147
41,1,0.948931401333
40,1,0.949462931779
39,1,0.949994610465
38,1,0.966072116651
37,1,0.966577385431
36,1,0.96708265421
35,1,0.967587924134
34,1,0.968093211138
33,1,0.968598479418
32,1,0.969103747699
31,1,0.969609016064
30,1,0.97396746231
29,1,0.974393119456
28,1,0.974818776608
27,1,0.975244433977
26,1,0.975670091116
25,1,0.985719686658
24,1,0.986032467439
23,1,0.987443881008
22,1,0.987724817338
21,1,0.988005753665
20,1,0.988286689992
19,1,0.993644195349
18,1,0.994113911307
17,1,0.994284090601
16,1,0.994454269896
15,1,0.9972162552
14,1,0.997314295467
13,1,0.99743180313
12,1,0.998732495899
11,1,0.999387785884
10,1,0.999418707579
9,1,0.999724382234
8,1,0.999871165741
7,1,0.999970834659
6,1,0.999986836443
5,1,0.999998625835
4,1,0.999999933882
3,1,0.999999999314
2,1,1.0
1,1,1.0
