1,0.8713
2,0.8713
3,0.8713
4,0.8713
5,0.8713
6,0.8713
7,0.8713
8,0.8713
9,0.8713
10,0.8713
11,0.8713
12,0.8713
13,0.8713
14,0.8713
15,0.8713
16,0.8713
17,0.8713
18,0.8713
19,0.8713
20,0.8713
21,0.8713
22,0.8713
23,0.8713
24,0.8713
25,0.8713
26,0.8713
27,0.8713
28,0.8713
29,0.8713
30,0.8713
31,0.8713
32,0.8713
33,0.8713
34,0.8713
35,0.8713
36,0.8713
37,0.8713
38,0.8713
39,0.8713
40,0.8713
41,0.8713
42,0.8713
43,0.8713
44,0.8713
45,0.8713
46,0.8713
47,0.8713
48,0.8713
49,0.8713
50,0.8713
51,0.8713
52,0.8713
53,0.8713
54,0.8713
55,0.8713
56,0.8713
57,0.8713
58,0.8713
59,0.8713
60,0.8713
61,0.8713
62,0.8713
63,0.8713
64,0.8713
65,0.8713
66,0.8713
67,0.8713
68,0.8713
69,0.8713
70,0.8713
71,0.8713
72,0.8713
73,0.8713
74,0.8713
75,0.8713
76,0.8713
77,0.8713
78,0.869903685897
79,0.868542721519
80,0.86721578125
81,0.865921604938
82,0.864658993902
83,0.863426807229
84,0.862223958333
85,0.861049411765
86,0.859902180233
87,0.858781321839
88,0.8576859375
89,0.856615168539
90,0.855568194444
91,0.854544230769
92,0.853542527174
93,0.851391263441
94,0.849285771277
95,0.847224605263
96,0.845206380208
97,0.843229768041
98,0.841293494898
99,0.839396338384
100,0.837537125
101,0.835714727723
102,0.833928063725
103,0.832176092233
104,0.8304578125
105,0.828772261905
106,0.827118514151
107,0.82549567757
108,0.823902893519
109,0.822339334862
110,0.820804204545
111,0.819296734234
112,0.817816183036
113,0.816361836283
114,0.814933004386
115,0.813529021739
116,0.81214924569
117,0.810793055556
118,0.809459851695
119,0.808149054622
120,0.806860104167
121,0.805592458678
122,0.804345594262
123,0.803119004065
124,0.801912197581
125,0.8007247
126,0.799556051587
127,0.798405807087
128,0.797273535156
129,0.796158817829
130,0.79506125
131,0.793980438931
132,0.792916003788
133,0.791867575188
134,0.790834794776
135,0.789817314815
136,0.788814797794
137,0.787826916058
138,0.786853351449
139,0.785893794964
140,0.784947946429
141,0.784015514184
142,0.783096214789
143,0.782189772727
144,0.781295920139
145,0.780414396552
146,0.77954494863
147,0.778687329932
148,0.777841300676
149,0.777006627517
150,0.776183083333
151,0.77537044702
152,0.774568503289
153,0.773777042484
154,0.772288636364
155,0.770819435484
156,0.769369070513
157,0.767937181529
158,0.766523417722
159,0.765127437107
160,0.76374890625
161,0.7623875
162,0.761042901235
163,0.759714800613
164,0.758402896341
165,0.757106893939
166,0.755826506024
167,0.754561452096
168,0.753311458333
169,0.752076257396
170,0.750855588235
171,0.749649195906
172,0.748456831395
173,0.747278251445
174,0.746113218391
175,0.7449615
176,0.743822869318
177,0.74269710452
178,0.741583988764
179,0.740483310056
180,0.739394861111
181,0.738318439227
182,0.737253846154
183,0.736200887978
184,0.735159375
185,0.734129121622
186,0.733109946237
187,0.732101671123
188,0.73110412234
189,0.73011712963
190,0.729140526316
191,0.728174149215
192,0.727217838542
193,0.726271437824
194,0.725334793814
195,0.72440775641
196,0.723490178571
197,0.722581916244
198,0.721682828283
199,0.720792776382
200,0.719911625
201,0.719039241294
202,0.71817549505
203,0.717320258621
204,0.716473406863
205,0.715634817073
206,0.714804368932
207,0.713981944444
208,0.713167427885
209,0.712360705742
210,0.711561666667
211,0.710770201422
212,0.70998620283
213,0.709209565728
214,0.708440186916
215,0.707677965116
216,0.706922800926
217,0.706174596774
218,0.705433256881
219,0.704698687215
220,0.703970795455
221,0.70324949095
222,0.702534684685
223,0.701826289238
224,0.70112421875
225,0.700428388889
226,0.699738716814
227,0.699055121145
228,0.69837752193
229,0.697705840611
230,0.69704
231,0.696379924242
232,0.695725538793
233,0.695076770386
234,0.694433547009
235,0.693795797872
236,0.69316345339
237,0.692536445148
238,0.691914705882
239,0.691298169456
240,0.690686770833
241,0.690080446058
242,0.689479132231
243,0.68888276749
244,0.688291290984
245,0.687704642857
246,0.687122764228
247,0.686545597166
248,0.685973084677
249,0.685405170683
250,0.6848418
251,0.684282918327
252,0.683296279762
253,0.682317440711
254,0.681346309055
255,0.680382794118
256,0.679001367187
257,0.677630690661
258,0.676270639535
259,0.674921090734
260,0.673581923077
261,0.672253017241
262,0.670934255725
263,0.669625522814
264,0.668326704545
265,0.667037688679
266,0.665758364662
267,0.664488623596
268,0.663228358209
269,0.661977462825
270,0.660735833333
271,0.659503367159
272,0.658279963235
273,0.657065521978
274,0.655859945255
275,0.654267090909
276,0.652685778986
277,0.651115884477
278,0.649557284173
279,0.648009856631
280,0.646473482143
281,0.644948042705
282,0.643433421986
283,0.6419295053
284,0.640436179577
285,0.638953333333
286,0.637480856643
287,0.635639155052
288,0.633810243056
289,0.631993987889
290,0.630190258621
291,0.628398926117
292,0.626619863014
293,0.624852943686
294,0.623098044218
295,0.621355042373
296,0.619623817568
297,0.617904250842
298,0.616196224832
299,0.614499623746
300,0.612814333333
