300,1,0.00295814662831
300,10,0.0295814662831
300,20,0.0591629325662
300,30,0.0887443988493
300,40,0.118325865132
300,50,0.147907331416
299,1,0.0029680400953
299,10,0.029680400953
299,20,0.0593608019059
299,30,0.0890412028589
299,40,0.118721603812
299,50,0.148402004765
298,1,0.00297799996139
298,10,0.0297799996139
298,20,0.0595599992277
298,30,0.0893399988416
298,40,0.119119998455
298,50,0.148899998069
297,1,0.00298802689728
297,10,0.0298802689728
297,20,0.0597605379457
297,30,0.0896408069185
297,40,0.119521075891
297,50,0.149401344864
296,1,0.00299812158275
296,10,0.0299812158275
296,20,0.0599624316549
296,30,0.0899436474824
296,40,0.11992486331
296,50,0.149906079137
295,1,0.00300828470676
295,10,0.0300828470676
295,20,0.0601656941351
295,30,0.0902485412027
295,40,0.12033138827
295,50,0.150414235338
294,1,0.00301851696766
294,10,0.0301851696766
294,20,0.0603703393533
294,30,0.0905555090299
294,40,0.120740678707
294,50,0.150925848383
293,1,0.00302881907336
293,10,0.0302881907336
293,20,0.0605763814671
293,30,0.0908645722007
293,40,0.121152762934
293,50,0.151440953668
292,1,0.00303919174142
292,10,0.0303919174142
292,20,0.0607838348283
292,30,0.0911757522425
292,40,0.121567669657
292,50,0.151959587071
291,1,0.00304963569929
291,10,0.0304963569929
291,20,0.0609927139858
291,30,0.0914890709787
291,40,0.121985427972
291,50,0.152481784964
290,1,0.00306015168446
290,10,0.0306015168446
290,20,0.0612030336892
290,30,0.0918045505338
290,40,0.122406067378
290,50,0.153007584223
289,1,0.00307074044461
289,10,0.0307074044461
289,20,0.0614148088923
289,30,0.0921222133384
289,40,0.122829617785
289,50,0.153537022231
288,1,0.00308140273782
288,10,0.0308140273782
288,20,0.0616280547565
288,30,0.0924420821347
288,40,0.123256109513
288,50,0.154070136891
287,1,0.00309213933273
287,10,0.0309213933273
287,20,0.0618427866546
287,30,0.0927641799819
287,40,0.123685573309
287,50,0.154606966636
286,1,0.00310295100872
286,10,0.0310295100872
286,20,0.0620590201744
286,30,0.0930885302615
286,40,0.124118040349
286,50,0.155147550436
285,1,0.00311383855612
285,10,0.0311383855612
285,20,0.0622767711223
285,30,0.0934151566835
285,40,0.124553542245
285,50,0.155691927806
284,1,0.00312480277638
284,10,0.0312480277638
284,20,0.0624960555277
284,30,0.0937440832915
284,40,0.124992111055
284,50,0.156240138819
283,1,0.00313584448231
283,10,0.0313584448231
283,20,0.0627168896462
283,30,0.0940753344693
283,40,0.125433779292
283,50,0.156792224115
282,1,0.0031469644982
282,10,0.031469644982
282,20,0.0629392899641
282,30,0.0944089349461
282,40,0.125878579928
282,50,0.15734822491
281,1,0.00315816366012
281,10,0.0315816366012
281,20,0.0631632732024
281,30,0.0947449098036
281,40,0.126326546405
281,50,0.157908183006
280,1,0.00316944281605
280,10,0.0316944281605
280,20,0.0633888563209
280,30,0.0950832844814
280,40,0.126777712642
280,50,0.158472140802
279,1,0.00318080282614
279,10,0.0318080282614
279,20,0.0636160565228
279,30,0.0954240847842
279,40,0.127232113046
279,50,0.159040141307
278,1,0.00319224456293
278,10,0.0319224456293
278,20,0.0638448912585
278,30,0.0957673368878
278,40,0.127689782517
278,50,0.159612228146
277,1,0.00320376891153
277,10,0.0320376891153
277,20,0.0640753782306
277,30,0.0961130673458
277,40,0.128150756461
277,50,0.160188445576
276,1,0.0032153767699
276,10,0.032153767699
276,20,0.0643075353981
276,30,0.0964613030971
276,40,0.128615070796
276,50,0.160768838495
275,1,0.00322706904907
275,10,0.0322706904907
275,20,0.0645413809813
275,30,0.096812071472
275,40,0.129082761963
275,50,0.161353452453
274,1,0.00323884667333
274,10,0.0323884667333
274,20,0.0647769334667
274,30,0.0971654002
274,40,0.129553866933
274,50,0.161942333667
273,1,0.00325071058056
273,10,0.0325071058056
273,20,0.0650142116112
273,30,0.0975213174168
273,40,0.130028423222
273,50,0.162535529028
272,1,0.0032626617224
272,10,0.032626617224
272,20,0.065253234448
272,30,0.0978798516721
272,40,0.130506468896
272,50,0.16313308612
271,1,0.00327470106455
271,10,0.0327470106455
271,20,0.065494021291
271,30,0.0982410319365
271,40,0.130988042582
271,50,0.163735053228
270,1,0.00328682958701
270,10,0.0328682958701
270,20,0.0657365917402
270,30,0.0986048876104
270,40,0.13147318348
270,50,0.164341479351
269,1,0.00329904828436
269,10,0.0329904828436
269,20,0.0659809656872
269,30,0.0989714485308
269,40,0.131961931374
269,50,0.164952414218
268,1,0.00331135816602
268,10,0.0331135816602
268,20,0.0662271633204
268,30,0.0993407449806
268,40,0.132454326641
268,50,0.165567908301
267,1,0.00332376025653
267,10,0.0332376025653
267,20,0.0664752051306
267,30,0.0997128076959
267,40,0.132950410261
267,50,0.166188012826
266,1,0.00333625559584
266,10,0.0333625559584
266,20,0.0667251119168
266,30,0.100087667875
266,40,0.133450223834
266,50,0.166812779792
265,1,0.0033488452396
265,10,0.033488452396
265,20,0.0669769047919
265,30,0.100465357188
265,40,0.133953809584
265,50,0.16744226198
264,1,0.00336153025944
264,10,0.0336153025944
264,20,0.0672306051889
264,30,0.100845907783
264,40,0.134461210378
264,50,0.168076512972
263,1,0.00337431174332
263,10,0.0337431174332
263,20,0.0674862348664
263,30,0.1012293523
263,40,0.134972469733
263,50,0.168715587166
262,1,0.00338719079578
262,10,0.0338719079578
262,20,0.0677438159155
262,30,0.101615723873
262,40,0.135487631831
262,50,0.169359539789
261,1,0.00340016853829
261,10,0.0340016853829
261,20,0.0680033707658
261,30,0.102005056149
261,40,0.136006741532
261,50,0.170008426914
260,1,0.00341324610959
260,10,0.0341324610959
260,20,0.0682649221918
260,30,0.102397383288
260,40,0.136529844384
260,50,0.170662305479
259,1,0.003426424666
259,10,0.03426424666
259,20,0.0685284933199
259,30,0.10279273998
259,40,0.13705698664
259,50,0.1713212333
258,1,0.00343970538176
258,10,0.0343970538176
258,20,0.0687941076351
258,30,0.103191161453
258,40,0.13758821527
258,50,0.171985269088
257,1,0.00345308944939
257,10,0.0345308944939
257,20,0.0690617889878
257,30,0.103592683482
257,40,0.138123577976
257,50,0.17265447247
256,1,0.00346657808005
256,10,0.0346657808005
256,20,0.069331561601
256,30,0.103997342402
256,40,0.138663123202
256,50,0.173328904003
255,1,0.0034801725039
255,10,0.034801725039
255,20,0.0696034500779
255,30,0.104405175117
255,40,0.139206900156
255,50,0.174008625195
254,1,0.00349387397045
254,10,0.0349387397045
254,20,0.0698774794089
254,30,0.104816219113
254,40,0.139754958818
254,50,0.174693698522
253,1,0.00350768374899
253,10,0.0350768374899
253,20,0.0701536749797
253,30,0.10523051247
253,40,0.140307349959
253,50,0.175384187449
252,1,0.00352160312894
252,10,0.0352160312894
252,20,0.0704320625788
252,30,0.105648093868
252,40,0.140864125158
252,50,0.176080156447
251,1,0.00353563342029
251,10,0.0353563342029
251,20,0.0707126684058
251,30,0.106069002609
251,40,0.141425336812
251,50,0.176781671015
250,1,0.00354977595397
250,10,0.0354977595397
250,20,0.0709955190795
250,30,0.106493278619
250,40,0.141991038159
250,50,0.177488797699
249,1,0.0035640320823
249,10,0.035640320823
249,20,0.071280641646
249,30,0.106920962469
249,40,0.142561283292
249,50,0.178201604115
248,1,0.00357840317941
248,10,0.0357840317941
248,20,0.0715680635882
248,30,0.107352095382
248,40,0.143136127176
248,50,0.17892015897
247,1,0.00359289064167
247,10,0.0359289064167
247,20,0.0718578128335
247,30,0.10778671925
247,40,0.143715625667
247,50,0.179644532084
246,1,0.00360749588818
246,10,0.0360749588818
246,20,0.0721499177637
246,30,0.108224876646
246,40,0.144299835527
246,50,0.180374794409
245,1,0.0036222203612
245,10,0.036222203612
245,20,0.0724444072239
245,30,0.108666610836
245,40,0.144888814448
245,50,0.18111101806
244,1,0.00363706552661
244,10,0.0363706552661
244,20,0.0727413105322
244,30,0.109111965798
244,40,0.145482621064
244,50,0.181853276331
243,1,0.00365203287446
243,10,0.0365203287446
243,20,0.0730406574892
243,30,0.109560986234
243,40,0.146081314978
243,50,0.182601643723
242,1,0.00366712391939
242,10,0.0366712391939
242,20,0.0733424783879
242,30,0.110013717582
242,40,0.146684956776
242,50,0.18335619597
241,1,0.00368234020122
241,10,0.0368234020122
241,20,0.0736468040243
241,30,0.110470206037
241,40,0.147293608049
241,50,0.184117010061
240,1,0.00369768328539
240,10,0.0369768328539
240,20,0.0739536657078
240,30,0.110930498562
240,40,0.147907331416
240,50,0.184884164269
239,1,0.00371315476357
239,10,0.0371315476357
239,20,0.0742630952714
239,30,0.111394642907
239,40,0.148526190543
239,50,0.185657738179
238,1,0.00372875625417
238,10,0.0372875625417
238,20,0.0745751250835
238,30,0.111862687625
238,40,0.149150250167
238,50,0.186437812709
237,1,0.00374448940293
237,10,0.0374448940293
237,20,0.0748897880585
237,30,0.112334682088
237,40,0.149779576117
237,50,0.187224470146
236,1,0.00376035588345
236,10,0.0376035588345
236,20,0.0752071176689
236,30,0.112810676503
236,40,0.150414235338
236,50,0.188017794172
235,1,0.00377635739784
235,10,0.0377635739784
235,20,0.0755271479569
235,30,0.113290721935
235,40,0.151054295914
235,50,0.188817869892
234,1,0.00379249567732
234,10,0.0379249567732
234,20,0.0758499135464
234,30,0.11377487032
234,40,0.151699827093
234,50,0.189624783866
233,1,0.0038087724828
233,10,0.038087724828
233,20,0.0761754496561
233,30,0.114263174484
233,40,0.152350899312
233,50,0.19043862414
232,1,0.00382518960557
232,10,0.0382518960557
232,20,0.0765037921115
232,30,0.114755688167
232,40,0.153007584223
232,50,0.191259480279
231,1,0.00384174886794
231,10,0.0384174886794
231,20,0.0768349773587
231,30,0.115252466038
231,40,0.153669954717
231,50,0.192087443397
230,1,0.00385845212388
230,10,0.0385845212388
230,20,0.0771690424777
230,30,0.115753563717
230,40,0.154338084955
230,50,0.192922606194
229,1,0.0038753012598
229,10,0.038753012598
229,20,0.0775060251959
229,30,0.116259037794
229,40,0.155012050392
229,50,0.19376506299
228,1,0.00389229819515
228,10,0.0389229819515
228,20,0.0778459639029
228,30,0.116768945854
228,40,0.155691927806
228,50,0.194614909757
227,1,0.00390944488323
227,10,0.0390944488323
227,20,0.0781888976646
227,30,0.117283346497
227,40,0.156377795329
227,50,0.195472244162
226,1,0.00392674331192
226,10,0.0392674331192
226,20,0.0785348662383
226,30,0.117802299358
226,40,0.157069732477
226,50,0.196337165596
225,1,0.00394419550441
225,10,0.0394419550441
225,20,0.0788839100883
225,30,0.118325865132
225,40,0.157767820177
225,50,0.197209775221
224,1,0.00396180352006
224,10,0.0396180352006
224,20,0.0792360704012
224,30,0.118854105602
224,40,0.158472140802
224,50,0.198090176003
223,1,0.00397956945513
223,10,0.0397956945513
223,20,0.0795913891025
223,30,0.119387083654
223,40,0.159182778205
223,50,0.198978472756
222,1,0.00399749544366
222,10,0.0399749544366
222,20,0.0799499088733
222,30,0.11992486331
222,40,0.159899817747
222,50,0.199874772183
221,1,0.00401558365834
221,10,0.0401558365834
221,20,0.0803116731668
221,30,0.12046750975
221,40,0.160623346334
221,50,0.200779182917
220,1,0.00403383631133
220,10,0.0403383631133
220,20,0.0806767262267
220,30,0.12101508934
220,40,0.161353452453
220,50,0.201691815567
219,1,0.00405225565522
219,10,0.0405225565522
219,20,0.0810451131044
219,30,0.121567669657
219,40,0.162090226209
219,50,0.202612782761
218,1,0.00407084398391
218,10,0.0407084398391
218,20,0.0814168796783
218,30,0.122125319517
218,40,0.162833759357
218,50,0.203542199196
217,1,0.00408960363361
217,10,0.0408960363361
217,20,0.0817920726722
217,30,0.122688109008
217,40,0.163584145344
217,50,0.20448018168
216,1,0.00410853698377
216,10,0.0410853698377
216,20,0.0821707396753
216,30,0.123256109513
216,40,0.164341479351
216,50,0.205426849188
215,1,0.00412764645811
215,10,0.0412764645811
215,20,0.0825529291622
215,30,0.123829393743
215,40,0.165105858324
215,50,0.206382322905
214,1,0.00414693452567
214,10,0.0414693452567
214,20,0.0829386905134
214,30,0.12440803577
214,40,0.165877381027
214,50,0.207346726283
213,1,0.00416640370185
213,10,0.0416640370185
213,20,0.0833280740369
213,30,0.124992111055
213,40,0.166656148074
213,50,0.208320185092
212,1,0.0041860565495
212,10,0.041860565495
212,20,0.0837211309899
212,30,0.125581696485
212,40,0.16744226198
212,50,0.209302827475
211,1,0.00420589568006
211,10,0.0420589568006
211,20,0.0841179136013
211,30,0.126176870402
211,40,0.168235827203
211,50,0.210294784003
210,1,0.00422592375473
210,10,0.0422592375473
210,20,0.0845184750946
210,30,0.126777712642
210,40,0.169036950189
210,50,0.211296187736
209,1,0.00424614348561
209,10,0.0424614348561
209,20,0.0849228697123
209,30,0.127384304568
209,40,0.169845739425
209,50,0.212307174281
208,1,0.00426655763699
208,10,0.0426655763699
208,20,0.0853311527397
208,30,0.12799672911
208,40,0.170662305479
208,50,0.213327881849
207,1,0.00428716902654
207,10,0.0428716902654
207,20,0.0857433805307
207,30,0.128615070796
207,40,0.171486761061
207,50,0.214358451327
206,1,0.00430798052667
206,10,0.0430798052667
206,20,0.0861596105333
206,30,0.1292394158
206,40,0.172319221067
206,50,0.215399026333
205,1,0.00432899506582
205,10,0.0432899506582
205,20,0.0865799013164
205,30,0.129869851975
205,40,0.173159802633
205,50,0.216449753291
204,1,0.00435021562987
204,10,0.0435021562987
204,20,0.0870043125974
204,30,0.130506468896
204,40,0.174008625195
204,50,0.217510781493
203,1,0.00437164526351
203,10,0.0437164526351
203,20,0.0874329052703
203,30,0.131149357905
203,40,0.174865810541
203,50,0.218582263176
202,1,0.00439328707175
202,10,0.0439328707175
202,20,0.087865741435
202,30,0.131798612152
202,40,0.17573148287
202,50,0.219664353587
201,1,0.00441514422136
201,10,0.0441514422136
201,20,0.0883028844272
201,30,0.132454326641
201,40,0.176605768854
201,50,0.220757211068
200,1,0.00443721994247
200,10,0.0443721994247
200,20,0.0887443988493
200,30,0.133116598274
200,40,0.177488797699
200,50,0.221860997123
199,1,0.00445951753012
199,10,0.0445951753012
199,20,0.0891903506023
199,30,0.133785525904
199,40,0.178380701205
199,50,0.222975876506
198,1,0.00448204034593
198,10,0.0448204034593
198,20,0.0896408069185
198,30,0.134461210378
198,40,0.179281613837
198,50,0.224102017296
197,1,0.00450479181976
197,10,0.0450479181976
197,20,0.0900958363953
197,30,0.135143754593
197,40,0.180191672791
197,50,0.225239590988
196,1,0.0045277754515
196,10,0.045277754515
196,20,0.0905555090299
196,30,0.135833263545
196,40,0.18111101806
196,50,0.226388772575
195,1,0.00455099481279
195,10,0.0455099481279
195,20,0.0910198962557
195,30,0.136529844384
195,40,0.182039792511
195,50,0.227549740639
194,1,0.00457445354893
194,10,0.0457445354893
194,20,0.0914890709787
194,30,0.137233606468
194,40,0.182978141957
194,50,0.228722677447
193,1,0.00459815538079
193,10,0.0459815538079
193,20,0.0919631076159
193,30,0.137944661424
193,40,0.183926215232
193,50,0.22990776904
192,1,0.00462210410674
192,10,0.0462210410674
192,20,0.0924420821347
192,30,0.138663123202
192,40,0.184884164269
192,50,0.231105205337
191,1,0.00464630360468
191,10,0.0464630360468
191,20,0.0929260720935
191,30,0.13938910814
191,40,0.185852144187
191,50,0.232315180234
190,1,0.00467075783418
190,10,0.0467075783418
190,20,0.0934151566835
190,30,0.140122735025
190,40,0.186830313367
190,50,0.233537891709
189,1,0.00469547083859
189,10,0.0469547083859
189,20,0.0939094167718
189,30,0.140864125158
189,40,0.187818833544
189,50,0.234773541929
188,1,0.0047204467473
188,10,0.047204467473
188,20,0.0944089349461
188,30,0.141613402419
188,40,0.188817869892
188,50,0.236022337365
187,1,0.00474568977804
187,10,0.0474568977804
187,20,0.0949137955608
187,30,0.142370693341
187,40,0.189827591122
187,50,0.237284488902
186,1,0.00477120423921
186,10,0.0477120423921
186,20,0.0954240847842
186,30,0.143136127176
186,40,0.190848169568
186,50,0.238560211961
185,1,0.0047969945324
185,10,0.047969945324
185,20,0.0959398906479
185,30,0.143909835972
185,40,0.191879781296
185,50,0.23984972662
184,1,0.00482306515485
184,10,0.0482306515485
184,20,0.0964613030971
184,30,0.144691954646
184,40,0.192922606194
184,50,0.241153257743
183,1,0.00484942070215
183,10,0.0484942070215
183,20,0.096988414043
183,30,0.145482621064
183,40,0.193976828086
183,50,0.242471035107
182,1,0.00487606587084
182,10,0.0487606587084
182,20,0.0975213174168
182,30,0.146281976125
182,40,0.195042634834
182,50,0.243803293542
181,1,0.00490300546129
181,10,0.0490300546129
181,20,0.0980601092258
181,30,0.147090163839
181,40,0.196120218452
181,50,0.245150273064
180,1,0.00493024438052
180,10,0.0493024438052
180,20,0.0986048876104
180,30,0.147907331416
180,40,0.197209775221
180,50,0.246512219026
179,1,0.00495778764521
179,10,0.0495778764521
179,20,0.0991557529043
179,30,0.148733629356
179,40,0.198311505809
179,50,0.247889382261
178,1,0.00498564038479
178,10,0.0498564038479
178,20,0.0997128076959
178,30,0.149569211544
178,40,0.199425615392
178,50,0.24928201924
177,1,0.00501380784459
177,10,0.0501380784459
177,20,0.100276156892
177,30,0.150414235338
177,40,0.200552313784
177,50,0.25069039223
176,1,0.00504229538917
176,10,0.0504229538917
176,20,0.100845907783
176,30,0.151268861675
176,40,0.201691815567
176,50,0.252114769458
175,1,0.00507110850568
175,10,0.0507110850568
175,20,0.101422170114
175,30,0.15213325517
175,40,0.202844340227
175,50,0.253555425284
174,1,0.00510025280743
174,10,0.0510025280743
174,20,0.102005056149
174,30,0.153007584223
174,40,0.204010112297
174,50,0.255012640372
173,1,0.00512973403753
173,10,0.0512973403753
173,20,0.102594680751
173,30,0.153892021126
173,40,0.205189361501
173,50,0.256486701877
172,1,0.00515955807264
172,10,0.0515955807264
172,20,0.103191161453
172,30,0.154786742179
172,40,0.206382322905
172,50,0.257977903632
171,1,0.00518973092686
171,10,0.0518973092686
171,20,0.103794618537
171,30,0.155691927806
171,40,0.207589237074
171,50,0.259486546343
170,1,0.00522025875584
170,10,0.0522025875584
170,20,0.104405175117
170,30,0.156607762675
170,40,0.208810350234
170,50,0.261012937792
169,1,0.00525114786091
169,10,0.0525114786091
169,20,0.105022957218
169,30,0.157534435827
169,40,0.210045914436
169,50,0.262557393045
168,1,0.00528240469341
168,10,0.0528240469341
168,20,0.105648093868
168,30,0.158472140802
168,40,0.211296187736
168,50,0.264120234671
167,1,0.00531403585924
167,10,0.0531403585924
167,20,0.106280717185
167,30,0.159421075777
167,40,0.21256143437
167,50,0.265701792962
166,1,0.00534604812345
166,10,0.0534604812345
166,20,0.106920962469
166,30,0.160381443704
166,40,0.213841924938
166,50,0.267302406173
165,1,0.00537844841511
165,10,0.0537844841511
165,20,0.107568968302
165,30,0.161353452453
165,40,0.215137936604
165,50,0.268922420756
164,1,0.00541124383228
164,10,0.0541124383228
164,20,0.108224876646
164,30,0.162337314968
164,40,0.216449753291
164,50,0.270562191614
163,1,0.0054444416472
163,10,0.054444416472
163,20,0.108888832944
163,30,0.163333249416
163,40,0.217777665888
163,50,0.27222208236
162,1,0.00547804931169
162,10,0.0547804931169
162,20,0.109560986234
162,30,0.164341479351
162,40,0.219121972467
162,50,0.273902465584
161,1,0.00551207446269
161,10,0.0551207446269
161,20,0.110241489254
161,30,0.165362233881
161,40,0.220482978508
161,50,0.275603723135
160,1,0.00554652492808
160,10,0.0554652492808
160,20,0.110930498562
160,30,0.166395747842
160,40,0.221860997123
160,50,0.277326246404
159,1,0.00558140873266
159,10,0.0558140873266
159,20,0.111628174653
159,30,0.16744226198
159,40,0.223256349306
159,50,0.279070436633
158,1,0.00561673410439
158,10,0.0561673410439
158,20,0.112334682088
158,30,0.168502023132
158,40,0.224669364176
158,50,0.280836705219
157,1,0.00565250948085
157,10,0.0565250948085
157,20,0.113050189617
157,30,0.169575284425
157,40,0.226100379234
157,50,0.282625474042
156,1,0.00568874351598
156,10,0.0568874351598
156,20,0.11377487032
156,30,0.170662305479
156,40,0.227549740639
156,50,0.284437175799
155,1,0.00572544508705
155,10,0.0572544508705
155,20,0.114508901741
155,30,0.171763352612
155,40,0.229017803482
155,50,0.286272254353
154,1,0.0057626233019
154,10,0.057626233019
154,20,0.115252466038
154,30,0.172878699057
154,40,0.230504932076
154,50,0.288131165095
153,1,0.00580028750649
153,10,0.0580028750649
153,20,0.11600575013
153,30,0.174008625195
153,40,0.23201150026
153,50,0.290014375325
152,1,0.00583844729272
152,10,0.0583844729272
152,20,0.116768945854
152,30,0.175153418782
152,40,0.233537891709
152,50,0.291922364636
151,1,0.00587711250658
151,10,0.0587711250658
151,20,0.117542250132
151,30,0.176313375197
151,40,0.235084500263
151,50,0.293855625329
150,1,0.00591629325662
150,10,0.0591629325662
150,20,0.118325865132
150,30,0.177488797699
150,40,0.236651730265
150,50,0.295814662831
149,1,0.00595599992277
149,10,0.0595599992277
149,20,0.119119998455
149,30,0.178679997683
149,40,0.238239996911
149,50,0.297799996139
148,1,0.00599624316549
148,10,0.0599624316549
148,20,0.11992486331
148,30,0.179887294965
148,40,0.23984972662
148,50,0.299812158275
147,1,0.00603703393533
147,10,0.0603703393533
147,20,0.120740678707
147,30,0.18111101806
147,40,0.241481357413
147,50,0.301851696766
146,1,0.00607838348283
146,10,0.0607838348283
146,20,0.121567669657
146,30,0.182351504485
146,40,0.243135339313
146,50,0.303919174142
145,1,0.00612030336892
145,10,0.0612030336892
145,20,0.122406067378
145,30,0.183609101068
145,40,0.244812134757
145,50,0.306015168446
144,1,0.00616280547565
144,10,0.0616280547565
144,20,0.123256109513
144,30,0.184884164269
144,40,0.246512219026
144,50,0.308140273782
143,1,0.00620590201744
143,10,0.0620590201744
143,20,0.124118040349
143,30,0.186177060523
143,40,0.248236080697
143,50,0.310295100872
142,1,0.00624960555277
142,10,0.0624960555277
142,20,0.124992111055
142,30,0.187488166583
142,40,0.249984222111
142,50,0.312480277638
141,1,0.00629392899641
141,10,0.0629392899641
141,20,0.125878579928
141,30,0.188817869892
141,40,0.251757159856
141,50,0.31469644982
140,1,0.00633888563209
140,10,0.0633888563209
140,20,0.126777712642
140,30,0.190166568963
140,40,0.253555425284
140,50,0.316944281605
139,1,0.00638448912585
139,10,0.0638448912585
139,20,0.127689782517
139,30,0.191534673776
139,40,0.255379565034
139,50,0.319224456293
138,1,0.00643075353981
138,10,0.0643075353981
138,20,0.128615070796
138,30,0.192922606194
138,40,0.257230141592
138,50,0.32153767699
137,1,0.00647769334667
137,10,0.0647769334667
137,20,0.129553866933
137,30,0.1943308004
137,40,0.259107733867
137,50,0.323884667333
136,1,0.0065253234448
136,10,0.065253234448
136,20,0.130506468896
136,30,0.195759703344
136,40,0.261012937792
136,50,0.32626617224
135,1,0.00657365917402
135,10,0.0657365917402
135,20,0.13147318348
135,30,0.197209775221
135,40,0.262946366961
135,50,0.328682958701
134,1,0.00662271633204
134,10,0.0662271633204
134,20,0.132454326641
134,30,0.198681489961
134,40,0.264908653282
134,50,0.331135816602
133,1,0.00667251119168
133,10,0.0667251119168
133,20,0.133450223834
133,30,0.20017533575
133,40,0.266900447667
133,50,0.333625559584
132,1,0.00672306051889
132,10,0.0672306051889
132,20,0.134461210378
132,30,0.201691815567
132,40,0.268922420756
132,50,0.336153025944
131,1,0.00677438159155
131,10,0.0677438159155
131,20,0.135487631831
131,30,0.203231447747
131,40,0.270975263662
131,50,0.338719079578
130,1,0.00682649221918
130,10,0.0682649221918
130,20,0.136529844384
130,30,0.204794766575
130,40,0.273059688767
130,50,0.341324610959
129,1,0.00687941076351
129,10,0.0687941076351
129,20,0.13758821527
129,30,0.206382322905
129,40,0.275176430541
129,50,0.343970538176
128,1,0.0069331561601
128,10,0.069331561601
128,20,0.138663123202
128,30,0.207994684803
128,40,0.277326246404
128,50,0.346657808005
127,1,0.00698774794089
127,10,0.0698774794089
127,20,0.139754958818
127,30,0.209632438227
127,40,0.279509917636
127,50,0.349387397045
126,1,0.00704320625788
126,10,0.0704320625788
126,20,0.140864125158
126,30,0.211296187736
126,40,0.281728250315
126,50,0.352160312894
125,1,0.00709955190795
125,10,0.0709955190795
125,20,0.141991038159
125,30,0.212986557238
125,40,0.283982076318
125,50,0.354977595397
124,1,0.00715680635882
124,10,0.0715680635882
124,20,0.143136127176
124,30,0.214704190764
124,40,0.286272254353
124,50,0.357840317941
123,1,0.00721499177637
123,10,0.0721499177637
123,20,0.144299835527
123,30,0.216449753291
123,40,0.288599671055
123,50,0.360749588818
122,1,0.00727413105322
122,10,0.0727413105322
122,20,0.145482621064
122,30,0.218223931597
122,40,0.290965242129
122,50,0.363706552661
121,1,0.00733424783879
121,10,0.0733424783879
121,20,0.146684956776
121,30,0.220027435164
121,40,0.293369913551
121,50,0.366712391939
120,1,0.00739536657078
120,10,0.0739536657078
120,20,0.147907331416
120,30,0.221860997123
120,40,0.295814662831
120,50,0.369768328539
119,1,0.00745751250835
119,10,0.0745751250835
119,20,0.149150250167
119,30,0.22372537525
119,40,0.298300500334
119,50,0.372875625417
118,1,0.00752071176689
118,10,0.0752071176689
118,20,0.150414235338
118,30,0.225621353007
118,40,0.300828470676
118,50,0.376035588345
117,1,0.00758499135464
117,10,0.0758499135464
117,20,0.151699827093
117,30,0.227549740639
117,40,0.303399654186
117,50,0.379249567732
116,1,0.00765037921115
116,10,0.0765037921115
116,20,0.153007584223
116,30,0.229511376334
116,40,0.306015168446
116,50,0.382518960557
115,1,0.00771690424777
115,10,0.0771690424777
115,20,0.154338084955
115,30,0.231507127433
115,40,0.308676169911
115,50,0.385845212388
114,1,0.00778459639029
114,10,0.0778459639029
114,20,0.155691927806
114,30,0.233537891709
114,40,0.311383855612
114,50,0.389229819515
113,1,0.00785348662383
113,10,0.0785348662383
113,20,0.157069732477
113,30,0.235604598715
113,40,0.314139464953
113,50,0.392674331192
112,1,0.00792360704012
112,10,0.0792360704012
112,20,0.158472140802
112,30,0.237708211204
112,40,0.316944281605
112,50,0.396180352006
111,1,0.00799499088733
111,10,0.0799499088733
111,20,0.159899817747
111,30,0.23984972662
111,40,0.319799635493
111,50,0.399749544366
110,1,0.00806767262267
110,10,0.0806767262267
110,20,0.161353452453
110,30,0.24203017868
110,40,0.322706904907
110,50,0.403383631133
109,1,0.00814168796783
109,10,0.0814168796783
109,20,0.162833759357
109,30,0.244250639035
109,40,0.325667518713
109,50,0.407084398391
108,1,0.00821707396753
108,10,0.0821707396753
108,20,0.164341479351
108,30,0.246512219026
108,40,0.328682958701
108,50,0.410853698377
107,1,0.00829386905134
107,10,0.0829386905134
107,20,0.165877381027
107,30,0.24881607154
107,40,0.331754762054
107,50,0.414693452567
106,1,0.00837211309899
106,10,0.0837211309899
106,20,0.16744226198
106,30,0.25116339297
106,40,0.33488452396
106,50,0.41860565495
105,1,0.00845184750946
105,10,0.0845184750946
105,20,0.169036950189
105,30,0.253555425284
105,40,0.338073900378
105,50,0.422592375473
104,1,0.00853311527397
104,10,0.0853311527397
104,20,0.170662305479
104,30,0.255993458219
104,40,0.341324610959
104,50,0.426655763699
103,1,0.00861596105333
103,10,0.0861596105333
103,20,0.172319221067
103,30,0.2584788316
103,40,0.344638442133
103,50,0.430798052667
102,1,0.00870043125974
102,10,0.0870043125974
102,20,0.174008625195
102,30,0.261012937792
102,40,0.34801725039
102,50,0.435021562987
101,1,0.0087865741435
101,10,0.087865741435
101,20,0.17573148287
101,30,0.263597224305
101,40,0.35146296574
101,50,0.439328707175
100,1,0.00887443988493
100,10,0.0887443988493
100,20,0.177488797699
100,30,0.266233196548
100,40,0.354977595397
100,50,0.443721994247
99,1,0.00896408069185
99,10,0.0896408069185
99,20,0.179281613837
99,30,0.268922420756
99,40,0.358563227674
99,50,0.448204034593
98,1,0.00905555090299
98,10,0.0905555090299
98,20,0.18111101806
98,30,0.27166652709
98,40,0.36222203612
98,50,0.45277754515
97,1,0.00914890709787
97,10,0.0914890709787
97,20,0.182978141957
97,30,0.274467212936
97,40,0.365956283915
97,50,0.457445354893
96,1,0.00924420821347
96,10,0.0924420821347
96,20,0.184884164269
96,30,0.277326246404
96,40,0.369768328539
96,50,0.462210410674
95,1,0.00934151566835
95,10,0.0934151566835
95,20,0.186830313367
95,30,0.280245470051
95,40,0.373660626734
95,50,0.467075783418
94,1,0.00944089349461
94,10,0.0944089349461
94,20,0.188817869892
94,30,0.283226804838
94,40,0.377635739784
94,50,0.47204467473
93,1,0.00954240847842
93,10,0.0954240847842
93,20,0.190848169568
93,30,0.286272254353
93,40,0.381696339137
93,50,0.477120423921
92,1,0.00964613030971
92,10,0.0964613030971
92,20,0.192922606194
92,30,0.289383909291
92,40,0.385845212388
92,50,0.482306515485
91,1,0.00975213174168
91,10,0.0975213174168
91,20,0.195042634834
91,30,0.292563952251
91,40,0.390085269667
91,50,0.487606587084
90,1,0.00986048876104
90,10,0.0986048876104
90,20,0.197209775221
90,30,0.295814662831
90,40,0.394419550441
90,50,0.493024438052
89,1,0.00997128076959
89,10,0.0997128076959
89,20,0.199425615392
89,30,0.299138423088
89,40,0.398851230783
89,50,0.498564038479
88,1,0.0100845907783
88,10,0.100845907783
88,20,0.201691815567
88,30,0.30253772335
88,40,0.403383631133
88,50,0.504229538917
87,1,0.0102005056149
87,10,0.102005056149
87,20,0.204010112297
87,30,0.306015168446
87,40,0.408020224595
87,50,0.510025280743
86,1,0.0103191161453
86,10,0.103191161453
86,20,0.206382322905
86,30,0.309573484358
86,40,0.412764645811
86,50,0.515955807264
85,1,0.0104405175117
85,10,0.104405175117
85,20,0.208810350234
85,30,0.313215525351
85,40,0.417620700467
85,50,0.522025875584
84,1,0.0105648093868
84,10,0.105648093868
84,20,0.211296187736
84,30,0.316944281605
84,40,0.422592375473
84,50,0.528240469341
83,1,0.0106920962469
83,10,0.106920962469
83,20,0.213841924938
83,30,0.320762887407
83,40,0.427683849876
83,50,0.534604812345
82,1,0.0108224876646
82,10,0.108224876646
82,20,0.216449753291
82,30,0.324674629937
82,40,0.432899506582
82,50,0.541124383228
81,1,0.0109560986234
81,10,0.109560986234
81,20,0.219121972467
81,30,0.328682958701
81,40,0.438243944935
81,50,0.547804931169
80,1,0.0110930498562
80,10,0.110930498562
80,20,0.221860997123
80,30,0.332791495685
80,40,0.443721994247
80,50,0.554652492808
79,1,0.0112334682088
79,10,0.112334682088
79,20,0.224669364176
79,30,0.337004046263
79,40,0.449338728351
79,50,0.561673410439
78,1,0.011377487032
78,10,0.11377487032
78,20,0.227549740639
78,30,0.341324610959
78,40,0.455099481279
78,50,0.568874351598
77,1,0.0115252466038
77,10,0.115252466038
77,20,0.230504932076
77,30,0.345757398114
77,40,0.461009864152
77,50,0.57626233019
76,1,0.0116768945854
76,10,0.116768945854
76,20,0.233537891709
76,30,0.350306837563
76,40,0.467075783418
76,50,0.583844729272
75,1,0.0118325865132
75,10,0.118325865132
75,20,0.236651730265
75,30,0.354977595397
75,40,0.47330346053
75,50,0.591629325662
74,1,0.011992486331
74,10,0.11992486331
74,20,0.23984972662
74,30,0.35977458993
74,40,0.47969945324
74,50,0.599624316549
73,1,0.0121567669657
73,10,0.121567669657
73,20,0.243135339313
73,30,0.36470300897
73,40,0.486270678626
73,50,0.607838348283
72,1,0.0123256109513
72,10,0.123256109513
72,20,0.246512219026
72,30,0.369768328539
72,40,0.493024438052
72,50,0.616280547565
71,1,0.0124992111055
71,10,0.124992111055
71,20,0.249984222111
71,30,0.374976333166
71,40,0.499968444222
71,50,0.624960555277
70,1,0.0126777712642
70,10,0.126777712642
70,20,0.253555425284
70,30,0.380333137926
70,40,0.507110850568
70,50,0.633888563209
69,1,0.0128615070796
69,10,0.128615070796
69,20,0.257230141592
69,30,0.385845212388
69,40,0.514460283184
69,50,0.643075353981
68,1,0.0130506468896
68,10,0.130506468896
68,20,0.261012937792
68,30,0.391519406688
68,40,0.522025875584
68,50,0.65253234448
67,1,0.0132454326641
67,10,0.132454326641
67,20,0.264908653282
67,30,0.397362979922
67,40,0.529817306563
67,50,0.662271633204
66,1,0.0134461210378
66,10,0.134461210378
66,20,0.268922420756
66,30,0.403383631133
66,40,0.537844841511
66,50,0.672306051889
65,1,0.0136529844384
65,10,0.136529844384
65,20,0.273059688767
65,30,0.409589533151
65,40,0.546119377534
65,50,0.682649221918
64,1,0.0138663123202
64,10,0.138663123202
64,20,0.277326246404
64,30,0.415989369606
64,40,0.554652492808
64,50,0.69331561601
63,1,0.0140864125158
63,10,0.140864125158
63,20,0.281728250315
63,30,0.422592375473
63,40,0.563456500631
63,50,0.704320625788
62,1,0.0143136127176
62,10,0.143136127176
62,20,0.286272254353
62,30,0.429408381529
62,40,0.572544508705
62,50,0.715680635882
61,1,0.0145482621064
61,10,0.145482621064
61,20,0.290965242129
61,30,0.436447863193
61,40,0.581930484258
61,50,0.727413105322
60,1,0.0147907331416
60,10,0.147907331416
60,20,0.295814662831
60,30,0.443721994247
60,40,0.591629325662
60,50,0.739536657078
59,1,0.0150414235338
59,10,0.150414235338
59,20,0.300828470676
59,30,0.451242706014
59,40,0.601656941351
59,50,0.752071176689
58,1,0.0153007584223
58,10,0.153007584223
58,20,0.306015168446
58,30,0.459022752669
58,40,0.612030336892
58,50,0.765037921115
57,1,0.0155691927806
57,10,0.155691927806
57,20,0.311383855612
57,30,0.467075783418
57,40,0.622767711223
57,50,0.778459639029
56,1,0.0158472140802
56,10,0.158472140802
56,20,0.316944281605
56,30,0.475416422407
56,40,0.633888563209
56,50,0.792360704012
55,1,0.0161353452453
55,10,0.161353452453
55,20,0.322706904907
55,30,0.48406035736
55,40,0.645413809813
55,50,0.806767262267
54,1,0.0164341479351
54,10,0.164341479351
54,20,0.328682958701
54,30,0.493024438052
54,40,0.657365917402
54,50,0.821707396753
53,1,0.016744226198
53,10,0.16744226198
53,20,0.33488452396
53,30,0.50232678594
53,40,0.669769047919
53,50,0.837211309899
52,1,0.0170662305479
52,10,0.170662305479
52,20,0.341324610959
52,30,0.511986916438
52,40,0.682649221918
52,50,0.853311527397
51,1,0.0174008625195
51,10,0.174008625195
51,20,0.34801725039
51,30,0.522025875584
51,40,0.696034500779
51,50,0.870043125974
50,1,0.0177488797699
50,10,0.177488797699
50,20,0.354977595397
50,30,0.532466393096
50,40,0.709955190795
50,50,0.887443988493
49,1,0.018111101806
49,10,0.18111101806
49,20,0.36222203612
49,30,0.54333305418
49,40,0.724444072239
49,50,0.887443988493
48,1,0.0184884164269
48,10,0.184884164269
48,20,0.369768328539
48,30,0.554652492808
48,40,0.739536657078
48,50,0.887443988493
47,1,0.0188817869892
47,10,0.188817869892
47,20,0.377635739784
47,30,0.566453609677
47,40,0.755271479569
47,50,0.887443988493
46,1,0.0192922606194
46,10,0.192922606194
46,20,0.385845212388
46,30,0.578767818583
46,40,0.771690424777
46,50,0.887443988493
45,1,0.0197209775221
45,10,0.197209775221
45,20,0.394419550441
45,30,0.591629325662
45,40,0.788839100883
45,50,0.887443988493
44,1,0.0201691815567
44,10,0.201691815567
44,20,0.403383631133
44,30,0.6050754467
44,40,0.806767262267
44,50,0.887443988493
43,1,0.0206382322905
43,10,0.206382322905
43,20,0.412764645811
43,30,0.619146968716
43,40,0.825529291622
43,50,0.887443988493
42,1,0.0211296187736
42,10,0.211296187736
42,20,0.422592375473
42,30,0.633888563209
42,40,0.845184750946
42,50,0.887443988493
41,1,0.0216449753291
41,10,0.216449753291
41,20,0.432899506582
41,30,0.649349259873
41,40,0.865799013164
41,50,0.887443988493
40,1,0.0221860997123
40,10,0.221860997123
40,20,0.443721994247
40,30,0.66558299137
40,40,0.887443988493
40,50,0.887443988493
39,1,0.0227549740639
39,10,0.227549740639
39,20,0.455099481279
39,30,0.682649221918
39,40,0.887443988493
39,50,0.887443988493
38,1,0.0233537891709
38,10,0.233537891709
38,20,0.467075783418
38,30,0.700613675126
38,40,0.887443988493
38,50,0.887443988493
37,1,0.023984972662
37,10,0.23984972662
37,20,0.47969945324
37,30,0.719549179859
37,40,0.887443988493
37,50,0.887443988493
36,1,0.0246512219026
36,10,0.246512219026
36,20,0.493024438052
36,30,0.739536657078
36,40,0.887443988493
36,50,0.887443988493
35,1,0.0253555425284
35,10,0.253555425284
35,20,0.507110850568
35,30,0.760666275851
35,40,0.887443988493
35,50,0.887443988493
34,1,0.0261012937792
34,10,0.261012937792
34,20,0.522025875584
34,30,0.783038813376
34,40,0.887443988493
34,50,0.887443988493
33,1,0.0268922420756
33,10,0.268922420756
33,20,0.537844841511
33,30,0.806767262267
33,40,0.887443988493
33,50,0.887443988493
32,1,0.0277326246404
32,10,0.277326246404
32,20,0.554652492808
32,30,0.831978739212
32,40,0.887443988493
32,50,0.887443988493
31,1,0.0286272254353
31,10,0.286272254353
31,20,0.572544508705
31,30,0.858816763058
31,40,0.887443988493
31,50,0.887443988493
30,1,0.0295814662831
30,10,0.295814662831
30,20,0.591629325662
30,40,0.887443988493
30,50,0.887443988493
30,30,0.887443988493
29,1,0.0306015168446
29,10,0.306015168446
29,20,0.612030336892
29,40,0.887443988493
29,50,0.887443988493
29,30,0.887443988493
28,1,0.0316944281605
28,10,0.316944281605
28,20,0.633888563209
28,40,0.887443988493
28,50,0.887443988493
28,30,0.887443988493
27,1,0.0328682958701
27,10,0.328682958701
27,20,0.657365917402
27,40,0.887443988493
27,50,0.887443988493
27,30,0.887443988493
26,1,0.0341324610959
26,10,0.341324610959
26,20,0.682649221918
26,40,0.887443988493
26,50,0.887443988493
26,30,0.887443988493
25,1,0.0354977595397
25,10,0.354977595397
25,20,0.709955190795
25,40,0.887443988493
25,50,0.887443988493
25,30,0.887443988493
24,1,0.0369768328539
24,10,0.369768328539
24,20,0.739536657078
24,40,0.887443988493
24,50,0.887443988493
24,30,0.887443988493
23,1,0.0385845212388
23,10,0.385845212388
23,20,0.771690424777
23,40,0.887443988493
23,50,0.887443988493
23,30,0.887443988493
22,1,0.0403383631133
22,10,0.403383631133
22,20,0.806767262267
22,40,0.887443988493
22,50,0.887443988493
22,30,0.887443988493
21,1,0.0422592375473
21,10,0.422592375473
21,20,0.845184750946
21,40,0.887443988493
21,50,0.887443988493
21,30,0.887443988493
20,1,0.0443721994247
20,10,0.443721994247
20,40,0.887443988493
20,50,0.887443988493
20,20,0.887443988493
20,30,0.887443988493
19,1,0.0467075783418
19,10,0.467075783418
19,40,0.887443988493
19,50,0.887443988493
19,20,0.887443988493
19,30,0.887443988493
18,1,0.0493024438052
18,10,0.493024438052
18,40,0.887443988493
18,50,0.887443988493
18,20,0.887443988493
18,30,0.887443988493
17,1,0.0522025875584
17,10,0.522025875584
17,40,0.887443988493
17,50,0.887443988493
17,20,0.887443988493
17,30,0.887443988493
16,1,0.0554652492808
16,10,0.554652492808
16,40,0.887443988493
16,50,0.887443988493
16,20,0.887443988493
16,30,0.887443988493
15,1,0.0591629325662
15,10,0.591629325662
15,40,0.887443988493
15,50,0.887443988493
15,20,0.887443988493
15,30,0.887443988493
14,1,0.0633888563209
14,10,0.633888563209
14,40,0.887443988493
14,50,0.887443988493
14,20,0.887443988493
14,30,0.887443988493
13,1,0.0682649221918
13,10,0.682649221918
13,40,0.887443988493
13,50,0.887443988493
13,20,0.887443988493
13,30,0.887443988493
12,1,0.0739536657078
12,10,0.739536657078
12,40,0.887443988493
12,50,0.887443988493
12,20,0.887443988493
12,30,0.887443988493
11,1,0.0806767262267
11,10,0.806767262267
11,40,0.887443988493
11,50,0.887443988493
11,20,0.887443988493
11,30,0.887443988493
10,1,0.0887443988493
10,40,0.887443988493
10,10,0.887443988493
10,50,0.887443988493
10,20,0.887443988493
10,30,0.887443988493
9,1,0.0986048876104
9,40,0.887443988493
9,10,0.887443988493
9,50,0.887443988493
9,20,0.887443988493
9,30,0.887443988493
8,1,0.110930498562
8,40,0.887443988493
8,10,0.887443988493
8,50,0.887443988493
8,20,0.887443988493
8,30,0.887443988493
7,1,0.126777712642
7,40,0.887443988493
7,10,0.887443988493
7,50,0.887443988493
7,20,0.887443988493
7,30,0.887443988493
6,1,0.147907331416
6,40,0.887443988493
6,10,0.887443988493
6,50,0.887443988493
6,20,0.887443988493
6,30,0.887443988493
5,1,0.177488797699
5,40,0.887443988493
5,10,0.887443988493
5,50,0.887443988493
5,20,0.887443988493
5,30,0.887443988493
4,1,0.221860997123
4,40,0.887443988493
4,10,0.887443988493
4,50,0.887443988493
4,20,0.887443988493
4,30,0.887443988493
3,1,0.295814662831
3,40,0.887443988493
3,10,0.887443988493
3,50,0.887443988493
3,20,0.887443988493
3,30,0.887443988493
2,1,0.443721994247
2,40,0.887443988493
2,10,0.887443988493
2,50,0.887443988493
2,20,0.887443988493
2,30,0.887443988493
1,1,0.887443988493
1,40,0.887443988493
1,10,0.887443988493
1,50,0.887443988493
1,20,0.887443988493
1,30,0.887443988493
