1,1.0
2,1.0
3,1.0
4,1.0
5,1.0
6,1.0
7,1.0
8,1.0
9,1.0
10,1.0
11,1.0
12,0.9894125
13,1.0
14,1.0
15,1.0
16,1.0
17,1.0
18,1.0
19,0.99315
20,0.9938875
21,1.0
22,0.9938625
23,0.994675
24,0.97965
25,0.9846875
26,0.9814125
27,0.985925
28,0.9871
29,0.99515
30,0.9830875
31,0.9788625
32,0.975925
33,0.9886875
34,0.9887875
35,0.9825625
36,0.972525
37,0.973025
38,0.9724875
39,0.9713
40,0.9725
41,0.975375
42,0.9726375
43,0.959275
44,0.960425
45,0.9604375
46,0.9598875
47,0.9548125
48,0.9585125
49,0.9600875
50,0.9567625
51,0.9485
52,0.9575875
53,0.95975
54,0.950925
55,0.9476125
56,0.952075
57,0.956675
58,0.9531375
59,0.94745
60,0.944575
61,0.946725
62,0.94605
63,0.942925
64,0.940125
65,0.934275
66,0.9326
67,0.9346625
68,0.9354
69,0.9339375
70,0.9311375
71,0.9317375
72,0.9319
73,0.9298375
74,0.9239
75,0.9239875
76,0.9218375
77,0.9171625
78,0.9140125
79,0.91235
80,0.9116875
81,0.9083375
82,0.90785
83,0.904475
84,0.9030875
85,0.9010625
86,0.9021125
87,0.8996875
88,0.9009125
89,0.9011125
90,0.9014375
91,0.90115
92,0.8979375
93,0.89705
94,0.8933125
95,0.8968875
96,0.8922375
97,0.8901125
98,0.887725
99,0.8865375
100,0.886925
101,0.8847125
102,0.88385
103,0.882675
104,0.8803875
105,0.8790125
106,0.8789375
107,0.874725
108,0.877775
109,0.874825
110,0.8747875
111,0.872175
112,0.8710125
113,0.8716375
114,0.8678875
115,0.8692875
116,0.8696625
117,0.866975
118,0.8677
119,0.866125
120,0.864525
121,0.864375
122,0.8619375
123,0.8616875
124,0.8616125
125,0.8591375
126,0.8572375
127,0.858675
128,0.85885
129,0.85545
130,0.853125
131,0.8545375
132,0.8536625
133,0.8514625
134,0.84875
135,0.84935
136,0.8502125
137,0.84745
138,0.84645
139,0.8466125
140,0.84705
141,0.8459125
142,0.84315
143,0.8410375
144,0.84385
145,0.84055
146,0.8400375
147,0.8387
148,0.8381875
149,0.836975
150,0.834025
151,0.831575
152,0.834725
153,0.8320875
154,0.8306375
155,0.8299625
156,0.82775
157,0.8269
158,0.8241125
159,0.8260125
160,0.8249125
161,0.82245
162,0.82215
163,0.8205375
164,0.820975
165,0.81845
166,0.8156375
167,0.813775
168,0.814675
169,0.81295
170,0.8092
171,0.8105875
172,0.8103375
173,0.8089625
174,0.806375
175,0.806475
176,0.8072375
177,0.8014625
178,0.8017
179,0.8003125
180,0.79825
181,0.7984125
182,0.796075
183,0.7947
184,0.7968875
185,0.7945375
186,0.789775
187,0.7890625
188,0.7874375
189,0.7863375
190,0.783575
191,0.7823375
192,0.7822875
193,0.78015
194,0.7787875
195,0.77735
196,0.777275
197,0.776725
198,0.775525
199,0.7771
200,0.77305
201,0.7735875
202,0.7744125
203,0.7731125
204,0.772
205,0.77255
206,0.77085
207,0.770575
208,0.76915
209,0.7685625
210,0.7666875
211,0.7644375
212,0.764225
213,0.765
214,0.7643375
215,0.7615125
216,0.7602375
217,0.7624125
218,0.759375
219,0.7574
220,0.757325
221,0.7583
222,0.75595
223,0.755825
224,0.755025
225,0.7541125
226,0.7531875
227,0.750675
228,0.75225
229,0.75065
230,0.7486875
231,0.7508
232,0.747825
233,0.7477375
234,0.74815
235,0.7478125
236,0.745925
237,0.74525
238,0.7440375
239,0.74235
240,0.7431375
241,0.7410625
242,0.7395375
243,0.7378
244,0.738225
245,0.737375
246,0.736775
247,0.7355875
248,0.73565
249,0.735875
250,0.7350125
251,0.73425
252,0.732725
253,0.7307375
254,0.731
255,0.729875
256,0.7271875
257,0.7251375
258,0.723325
259,0.722675
260,0.722625
261,0.7199625
262,0.7200125
263,0.7181625
264,0.7164875
265,0.7148375
266,0.7145625
267,0.7134625
268,0.7098375
269,0.7081
270,0.70825
271,0.706475
272,0.70465
273,0.7059875
274,0.7029125
275,0.7018
276,0.7000375
277,0.6985625
278,0.6976625
279,0.6957125
280,0.69205
281,0.6909375
282,0.68845
283,0.6899375
284,0.6843
285,0.68635
286,0.6827375
287,0.6824
288,0.6813625
289,0.6780625
290,0.6736625
291,0.67375
292,0.6716
293,0.6719375
294,0.6695875
295,0.6680625
296,0.6654
297,0.663375
298,0.6635375
299,0.6591375
300,0.656275
