1,0.6176,0.705,311,12.599972
2,0.6302,0.705,311,311,12.333305,12.333312
3,0.6278,0.705,311,311,311,12.199908,12.199918,12.199932
4,0.6269,0.705,311,311,311,311,11.833241,11.83325,11.83326,11.833263
5,0.631,0.705,311,311,311,311,311,11.766509,11.76651,11.766523,11.766533,11.766586
6,0.6227,0.705,311,311,311,311,311,311,11.733166,11.733173,11.73318,11.733202,11.73321,11.73326
7,0.6281,0.705,311,311,311,311,311,311,311,11.633094,11.633098,11.6331,11.63311,11.633118,11.633167,11.63325
8,0.6364,0.705,311,311,311,311,311,311,311,311,11.699734,11.699743,11.699745,11.699747,11.699755,11.699775,11.699832,11.69991
9,0.6342,0.705,311,311,311,311,311,311,311,311,311,11.266349,11.266357,11.266365,11.26639,11.266407,11.266418,11.266479,11.266541,11.2666
10,0.6322,0.705,311,311,311,311,311,311,311,311,311,311,11.566282,11.56629,11.5663,11.56631,11.566332,11.566351,11.566356,11.566411,11.566494,11.566581
1,0.6359,0.705,311,12.033326
2,0.6248,0.705,311,311,11.933322,11.933327
3,0.6275,0.705,311,311,311,11.66665,11.666652,11.666658
4,0.6305,0.705,311,311,311,311,11.799972,11.799977,11.79998,11.799983
5,0.6318,0.705,311,311,311,311,311,11.766636,11.766637,11.766643,11.766647,11.766656
6,0.6317,0.705,311,311,311,311,311,311,11.499879,11.499884,11.499887,11.49989,11.499901,11.499948
7,0.6288,0.705,311,311,311,311,311,311,311,11.633204,11.633209,11.633211,11.633214,11.633223,11.633231,11.633279
8,0.6328,0.705,311,311,311,311,311,311,311,311,11.566446,11.566447,11.56645,11.566453,11.566464,11.566512,11.56656,11.56661
9,0.6308,0.705,311,311,311,311,311,311,311,311,311,11.63314,11.633141,11.633148,11.633159,11.63317,11.633177,11.633182,11.63323,11.633278
10,0.6319,0.705,311,311,311,311,311,311,311,311,311,311,11.399546,11.399554,11.399556,11.399558,11.399584,11.399595,11.399672,11.399751,11.399827,11.399907
1,0.6376,0.705,311,11.966663
2,0.6372,0.705,311,311,11.733325,11.733326
3,0.626,0.705,311,311,311,11.833323,11.833324,11.833326
4,0.6284,0.705,311,311,311,311,11.566643,11.566644,11.566647,11.56665
5,0.6284,0.705,311,311,311,311,311,11.733306,11.733307,11.733309,11.733312,11.73332
6,0.6286,0.705,311,311,311,311,311,311,11.499876,11.499877,11.499883,11.499886,11.499897,11.499946
7,0.6332,0.705,311,311,311,311,311,311,311,11.499866,11.499867,11.499875,11.499877,11.499891,11.499897,11.499947
8,0.6383,0.705,311,311,311,311,311,311,311,311,11.5331,11.533104,11.533106,11.533109,11.53312,11.53317,11.533226,11.533275
9,0.6357,0.705,311,311,311,311,311,311,311,311,311,11.333149,11.299815,11.299818,11.299829,11.299837,11.299842,11.299849,11.299896,11.299943
10,0.635,0.705,311,311,311,311,311,311,311,311,311,311,11.532898,11.532906,11.532913,11.532915,11.532939,11.532959,11.533013,11.533088,11.533172,11.533248
