2,0.1166,0.0,14,14,6.433324,6.433329
3,0.3892,0.0,14,14,14,4.433326,4.399996,4.366664
4,0.6459,0.0,14,14,14,14,3.366659,3.366662,3.299996,3.366664
5,0.779,0.0,14,14,14,14,14,2.666659,2.666661,2.633328,2.633329,2.63333
6,0.8519,0.0,14,14,14,14,14,14,2.133291,2.199958,2.166626,2.199959,2.133294,2.166629
7,0.8906,0.0,14,14,14,14,14,14,14,1.833312,1.899979,1.866648,1.866648,1.833316,1.86665,1.866658
8,0.9163,0.0,14,14,14,14,14,14,14,14,1.599752,1.66641,1.666411,1.599755,1.633084,1.633085,1.633092,1.599771
9,0.9325,0.0,14,14,14,14,14,14,14,14,14,1.466637,1.466638,1.466639,1.499972,1.399974,1.466641,1.466647,1.466653,1.466659
10,0.9477,0.0,14,14,14,14,14,14,14,14,14,14,1.299953,1.333287,1.399952,1.266624,1.333289,1.233297,1.299964,1.233311,1.233321,1.23333
2,0.1166,0.0,14,14,6.49999,6.499995
3,0.4106,0.0,14,14,14,4.299992,4.299995,4.366663
4,0.6546,0.0,14,14,14,14,3.36666,3.299996,3.299997,3.266665
5,0.7812,0.0,14,14,14,14,14,2.666659,2.666662,2.633329,2.63333,2.566663
6,0.8457,0.0,14,14,14,14,14,14,2.233317,2.199985,2.199982,2.233316,2.199983,2.199986
7,0.8895,0.0,14,14,14,14,14,14,14,1.833312,1.866646,1.833314,1.89998,1.866648,1.899983,1.899991
8,0.9167,0.0,14,14,14,14,14,14,14,14,1.633003,1.633004,1.633005,1.599679,1.633006,1.633007,1.633014,1.599694
9,0.9338,0.0,14,14,14,14,14,14,14,14,14,1.432679,1.366044,1.399362,1.499317,1.465999,1.432683,1.499326,1.432695,1.499338
10,0.9519,0.0,14,14,14,14,14,14,14,14,14,14,1.166633,1.233299,1.266633,1.199968,1.3333,1.233306,1.333304,1.166649,1.233323,1.166664
2,0.1166,0.0,14,14,6.366658,6.366663
3,0.4107,0.0,14,14,14,4.299603,4.332936,4.332939
4,0.6616,0.0,14,14,14,14,3.299992,3.266663,3.23333,3.299998
5,0.7812,0.0,14,14,14,14,14,2.633326,2.599994,2.633328,2.666663,2.63333
6,0.8526,0.0,14,14,14,14,14,14,2.133308,2.166644,2.133312,2.233312,2.166646,2.133323
7,0.8889,0.0,14,14,14,14,14,14,14,1.866645,1.866647,1.89998,1.899981,1.866649,1.86665,1.866658
8,0.9167,0.0,14,14,14,14,14,14,14,14,1.59997,1.633304,1.633304,1.633304,1.633305,1.633312,1.633319,1.599992
9,0.9345,0.0,14,14,14,14,14,14,14,14,14,1.466638,1.399973,1.433306,1.466639,1.399974,1.433308,1.466647,1.466653,1.433326
10,0.9482,0.0,14,14,14,14,14,14,14,14,14,14,1.233294,1.29996,1.233296,1.26663,1.166635,1.299966,1.299972,1.29998,1.333321,1.366665
