2,0.016,0.0155,197,197,10.933305,10.933321,471.859
3,0.0707,0.1755,280,280,280,10.899965,10.899973,10.89998,461.4614
4,0.1033,0.0404,249,249,249,249,9.499932,9.499934,9.499949,9.499956,512.2952
5,0.118,0.0404,249,249,249,249,249,8.733252,8.733258,8.733266,8.733273,8.733288,537.8422
6,0.2,0.1755,280,280,280,280,280,280,9.366526,9.366531,9.366538,9.366539,9.366551,9.366603,556.5401
7,0.2144,0.1755,280,280,280,280,280,280,280,8.899907,8.866575,8.866577,8.866579,8.899919,8.86659,8.866626,578.539
8,0.219,0.1755,280,280,280,280,280,280,280,280,8.733231,8.733232,8.733234,8.733236,8.733242,8.73325,8.733254,8.733289,618.3629
9,0.2381,0.1755,280,280,280,280,280,280,280,280,280,8.233229,8.199897,8.233239,8.199908,8.199916,8.19992,8.233258,8.199928,8.199962,628.7001
10,0.2492,0.1755,280,280,280,280,280,280,280,280,280,280,7.966528,7.966531,7.933201,7.933203,7.933211,7.966548,7.966554,7.933227,7.933262,7.933295,653.6587
2,0.076,0.0155,197,197,10.366657,10.366658,447.4032
3,0.0698,0.1755,280,280,280,10.999985,10.99999,10.999993,465.6956
4,0.1046,0.0404,249,249,249,249,9.433313,9.433318,9.43332,9.399989,508.4468
5,0.1152,0.0404,249,249,249,249,249,8.866643,8.866645,8.866647,8.866649,8.86666,546.0564
6,0.2,0.1755,280,280,280,280,280,280,9.366603,9.366604,9.366606,9.366609,9.366619,9.366624,556.5428
7,0.2247,0.1755,280,280,280,280,280,280,280,8.566571,8.566574,8.566576,8.566578,8.566587,8.566591,8.566627,557.7852
8,0.2147,0.1755,280,280,280,280,280,280,280,280,8.866552,8.866555,8.866557,8.866561,8.866569,8.866574,8.866578,8.866615,627.8031
9,0.2295,0.1755,280,280,280,280,280,280,280,280,280,8.433218,8.433222,8.433231,8.433234,8.433241,8.433245,8.43325,8.433253,8.433295,645.1394
10,0.2412,0.1755,280,280,280,280,280,280,280,280,280,280,8.133201,8.133205,8.133206,8.133209,8.133216,8.13322,8.133224,8.133229,8.133262,8.133296,668.4985
2,0.0764,0.0155,197,197,10.333325,10.333326,445.9646
3,0.0716,0.1755,280,280,280,10.799991,10.799991,10.799994,457.2285
4,0.1062,0.0404,249,249,249,249,9.333314,9.333314,9.333317,9.333319,503.3094
5,0.1199,0.0404,249,249,249,249,249,8.633309,8.63331,8.666648,8.66665,8.633325,532.9731
6,0.1991,0.1755,280,280,280,280,280,280,9.399933,9.399934,9.399939,9.399942,9.399952,9.399957,558.5233
7,0.2047,0.1755,280,280,280,280,280,280,280,9.199894,9.199895,9.1999,9.199904,9.199914,9.199918,9.199956,599.0221
8,0.2259,0.1755,280,280,280,280,280,280,280,280,8.533228,8.533231,8.533233,8.533235,8.533243,8.533248,8.533252,8.533288,604.2018
9,0.2357,0.1755,280,280,280,280,280,280,280,280,280,8.26656,8.299894,8.266569,8.266573,8.26658,8.266584,8.266588,8.266594,8.266628,633.4196
10,0.2385,0.1755,280,280,280,280,280,280,280,280,280,280,8.199863,8.199864,8.199866,8.19987,8.199876,8.19988,8.199884,8.199891,8.199925,8.19996,673.9777
