1,0.0336,0.0,14,13.266637
2,0.2989,0.0,14,14,6.666641,6.699993
3,0.6866,0.0,14,14,14,4.46663,4.466638,4.433309
4,0.8256,0.0,14,14,14,14,3.299968,3.333305,3.333308,3.333309
5,0.8864,0.0,14,14,14,14,14,2.766642,2.666646,2.666648,2.633316,2.666649
6,0.9226,0.0,14,14,14,14,14,14,2.233297,2.199967,2.266634,2.233303,2.16664,2.199985
7,0.9442,0.0,14,14,14,14,14,14,14,1.899958,1.866629,1.866631,1.866631,1.899965,1.866644,1.899988
8,0.9582,0.0,14,14,14,14,14,14,14,14,1.633294,1.633297,1.633298,1.633299,1.599968,1.633304,1.633312,1.633323
9,0.968,0.0,14,14,14,14,14,14,14,14,14,1.399957,1.433292,1.366628,1.433295,1.466628,1.466629,1.366639,1.433313,1.433322
10,0.9741,0.0,14,14,14,14,14,14,14,14,14,14,1.266636,1.266638,1.233307,1.233308,1.299974,1.33331,1.299978,1.233318,1.39999,1.233331
1,0.089,0.0,14,11.833316
2,0.3674,0.0,14,14,6.333322,6.333327
3,0.6942,0.0,14,14,14,4.433325,4.366661,4.399997
4,0.8338,0.0,14,14,14,14,3.199992,3.266662,3.233329,3.299998
5,0.8955,0.0,14,14,14,14,14,2.533324,2.633326,2.599994,2.533328,2.566661
6,0.9232,0.0,14,14,14,14,14,14,2.233131,2.166472,2.199804,2.199804,2.199805,2.199807
7,0.9448,0.0,14,14,14,14,14,14,14,1.899977,1.866646,1.866647,1.866647,1.866648,1.86665,1.866658
8,0.958,0.0,14,14,14,14,14,14,14,14,1.632541,1.632543,1.632543,1.632543,1.632544,1.632545,1.632553,1.599242
9,0.9682,0.0,14,14,14,14,14,14,14,14,14,1.366646,1.399979,1.433313,1.499979,1.433313,1.433314,1.399987,1.433326,1.399994
10,0.9755,0.0,14,14,14,14,14,14,14,14,14,14,1.26643,1.266432,1.199779,1.166452,1.299763,1.199783,1.366422,1.266446,1.199798,1.199807
1,0.0882,0.0,14,11.966654
2,0.3464,0.0,14,14,6.433325,6.433329
3,0.7043,0.0,14,14,14,4.333326,4.366663,4.266664
4,0.8274,0.0,14,14,14,14,3.299991,3.333327,3.299996,3.266664
5,0.8887,0.0,14,14,14,14,14,2.633324,2.633326,2.699994,2.666662,2.633329
6,0.9274,0.0,14,14,14,14,14,14,2.133318,2.166653,2.133321,2.133321,2.166655,2.133323
7,0.9477,0.0,14,14,14,14,14,14,14,1.833312,1.799981,1.799981,1.799982,1.833315,1.799984,1.866658
8,0.9613,0.0,14,14,14,14,14,14,14,14,1.56664,1.566642,1.566642,1.566643,1.566643,1.566644,1.566651,1.599991
9,0.9681,0.0,14,14,14,14,14,14,14,14,14,1.366645,1.433311,1.399979,1.499978,1.466645,1.399981,1.366654,1.433326,1.399993
10,0.9756,0.0,14,14,14,14,14,14,14,14,14,14,1.299972,1.26664,1.233308,1.166643,1.233309,1.299976,1.266644,1.199984,1.266655,1.199994
