3,0.7394,0.705,311,311,311,12.633298,12.6333,12.633323
4,0.7394,0.705,311,311,311,311,12.633244,12.633248,12.633264,12.633269
5,0.7394,0.705,311,311,311,311,311,12.39988,12.399885,12.399888,12.39989,12.399946
6,0.7394,0.705,311,311,311,311,311,311,12.499822,12.499823,12.499829,12.499833,12.499887,12.499943
7,0.7394,0.705,311,311,311,311,311,311,311,12.366435,12.366436,12.366442,12.366446,12.3665,12.366551,12.366604
8,0.7394,0.705,311,311,311,311,311,311,311,311,12.299718,12.29972,12.299726,12.29973,12.299784,12.299835,12.299885,12.299938
9,0.7394,0.705,311,311,311,311,311,311,311,311,311,12.299667,12.299669,12.299675,12.299678,12.299731,12.299782,12.299834,12.299886,12.29994
10,0.7394,0.705,311,311,311,311,311,311,311,311,311,311,12.199419,12.19942,12.199426,12.199431,12.19951,12.199594,12.199673,12.199769,12.199843,12.199926
3,0.7394,0.705,311,311,311,12.766651,12.766653,12.766659
4,0.7394,0.705,311,311,311,311,12.699956,12.699958,12.699961,12.699964
5,0.7394,0.705,311,311,311,311,311,12.599956,12.599958,12.599964,12.599968,12.599988
6,0.7394,0.705,311,311,311,311,311,311,12.433198,12.433206,12.43321,12.433214,12.433227,12.433278
7,0.7394,0.705,311,311,311,311,311,311,311,12.299865,12.299866,12.299872,12.299876,12.299889,12.299895,12.299943
8,0.7394,0.705,311,311,311,311,311,311,311,311,12.433088,12.433089,12.433096,12.433112,12.43312,12.43317,12.433221,12.433273
9,0.7394,0.705,311,311,311,311,311,311,311,311,311,12.199672,12.199681,12.199696,12.199713,12.199734,12.19974,12.19976,12.199832,12.199917
10,0.7394,0.705,311,311,311,311,311,311,311,311,311,311,12.132873,12.132883,12.132897,12.132907,12.132938,12.132948,12.132999,12.133077,12.133168,12.133243
