3,0.1438,0.0,14,14,14,4.733325,4.766662,4.766663
4,0.5206,0.0,14,14,14,14,3.599988,3.533324,3.533328,3.566663
5,0.6932,0.0,14,14,14,14,14,2.866648,2.833317,2.866651,2.866652,2.799986
6,0.7859,0.0,14,14,14,14,14,14,2.366639,2.399973,2.433307,2.366642,2.333313,2.366656
7,0.8479,0.0,14,14,14,14,14,14,14,1.999332,1.999336,1.999337,1.999338,2.032661,1.999348,1.999356
8,0.8846,0.0,14,14,14,14,14,14,14,14,1.76663,1.766631,1.699968,1.766635,1.766636,1.733311,1.733318,1.733325
9,0.9088,0.0,14,14,14,14,14,14,14,14,14,1.599961,1.599962,1.566631,1.566632,1.5333,1.533307,1.533313,1.533319,1.499992
10,0.9253,0.0,14,14,14,14,14,14,14,14,14,14,1.399962,1.36663,1.499961,1.433296,1.399964,1.433302,1.33331,1.49998,1.299988,1.36666
3,0.1166,0.0,14,14,14,5.233276,5.266628,5.133304
4,0.4533,0.0,14,14,14,14,3.799949,3.799957,3.799961,3.799967
5,0.6577,0.0,14,14,14,14,14,3.066633,2.96664,2.999976,2.999979,2.999982
6,0.7708,0.0,14,14,14,14,14,14,2.465641,2.399006,2.465648,2.498979,2.46566,2.465661
7,0.8368,0.0,14,14,14,14,14,14,14,2.066621,2.066623,2.066625,2.066626,2.066628,2.099972,2.099985
8,0.8779,0.0,14,14,14,14,14,14,14,14,1.766631,1.833301,1.799969,1.766638,1.799976,1.799979,1.799979,1.79999
9,0.9043,0.0,14,14,14,14,14,14,14,14,14,1.633283,1.666617,1.566622,1.566627,1.633292,1.599961,1.599968,1.566644,1.466656
10,0.9236,0.0,14,14,14,14,14,14,14,14,14,14,1.433295,1.366633,1.433301,1.39997,1.466637,1.333309,1.533306,1.399977,1.433316,1.399991
