1,0.3672,0.5956,0.2584,81,11.666548
2,0.3672,0.5956,0.2584,81,81,12.399893,12.399938
3,0.3672,0.5956,0.2584,81,81,81,12.399903,12.399926,12.399936
4,0.3672,0.5956,0.2584,81,81,81,81,12.066437,12.066466,12.066508,12.066519
5,0.3672,0.5956,0.2584,81,81,81,81,81,12.599747,12.599761,12.599773,12.599802,12.533162
6,0.3672,0.5956,0.2584,81,81,81,81,81,81,12.399783,12.399809,12.399841,12.399868,12.39991,12.333256
7,0.3672,0.5956,0.2584,81,81,81,81,81,81,81,12.533078,12.5331,12.53311,12.533124,12.533139,12.533155,12.533184
8,0.3672,0.5956,0.2584,81,81,81,81,81,81,81,81,12.466281,12.466325,12.466367,12.46638,12.466407,12.46645,12.466476,12.466506
9,0.3672,0.5956,0.2584,81,81,81,81,81,81,81,81,81,12.599679,12.599704,12.599714,12.599736,12.599748,12.599776,12.599799,12.59982,12.59983
10,0.3672,0.5956,0.2584,81,81,81,81,81,81,81,81,81,81,12.533053,12.533098,12.533115,12.533134,12.533154,12.533171,12.533188,12.533216,12.533232,12.533249
11,0.3672,0.5956,0.2584,81,81,81,81,81,81,81,81,81,81,81,12.466259,12.466282,12.466323,12.466362,12.466372,12.466383,12.466407,12.466417,12.466441,12.466468,12.466478
12,0.3672,0.5956,0.2584,81,81,81,81,81,81,81,81,81,81,81,81,12.399354,12.39938,12.399392,12.399421,12.399447,12.399476,12.399489,12.399502,12.399514,12.399552,12.399564,12.399578
13,0.3672,0.5956,0.2584,81,81,81,81,81,81,81,81,81,81,81,81,81,12.399635,12.399645,12.399671,12.399683,12.399693,12.399738,12.39975,12.399773,12.399798,12.39981,12.399834,12.39986,12.399874
14,0.3672,0.5956,0.2584,81,81,81,81,81,81,81,81,81,81,81,81,81,81,12.466113,12.466156,12.466188,12.46622,12.46626,12.466291,12.46632,12.466352,12.46638,12.466407,12.466433,12.466461,12.466493,12.466522
15,0.3672,0.5956,0.2584,81,81,81,81,81,81,81,81,81,81,81,81,81,81,81,12.332694,12.332737,12.332767,12.3328,12.332844,12.332888,12.332929,12.332975,12.333018,12.333047,12.333074,12.33309,12.333106,12.333132,12.333148
16,0.3672,0.5956,0.2584,81,81,81,81,81,81,81,81,81,81,81,81,81,81,81,81,12.532748,12.532762,12.532779,12.532808,12.532853,12.532885,12.532903,12.532941,12.532959,12.532975,12.532991,12.533007,12.533024,12.533041,12.533059,12.533077
17,0.3672,0.5956,0.2584,81,81,81,81,81,81,81,81,81,81,81,81,81,81,81,81,81,12.46597,12.465979,12.466017,12.466038,12.466079,12.466117,12.466145,12.466185,12.466207,12.466247,12.466274,12.466314,12.466348,12.466362,12.466374,12.466387,12.46641
18,0.3672,0.5956,0.2584,81,81,81,81,81,81,81,81,81,81,81,81,81,81,81,81,81,81,12.466163,12.466207,12.466218,12.466229,12.466239,12.466251,12.466274,12.466297,12.466307,12.466318,12.466328,12.46634,12.466351,12.466362,12.466372,12.466383,12.466394,12.466407
19,0.3672,0.5956,0.2584,81,81,81,81,81,81,81,81,81,81,81,81,81,81,81,81,81,81,81,12.466252,12.466264,12.466275,12.466288,12.4663,12.466312,12.466324,12.466336,12.466348,12.466361,12.466387,12.4664,12.466412,12.466425,12.466436,12.466448,12.46646,12.466473,12.466486
20,0.3672,0.5956,0.2584,81,81,81,81,81,81,81,81,81,81,81,81,81,81,81,81,81,81,81,81,12.465812,12.465838,12.465875,12.465902,12.465929,12.465947,12.465963,12.46598,12.466019,12.466046,12.466074,12.466092,12.466121,12.466149,12.466166,12.466194,12.46621,12.466229,12.466264,12.466279
21,0.3672,0.5956,0.2584,81,81,81,81,81,81,81,81,81,81,81,81,81,81,81,81,81,81,81,81,81,12.53277,12.532784,12.532796,12.532809,12.532824,12.532837,12.53285,12.532863,12.532876,12.532902,12.532917,12.532931,12.532943,12.532957,12.532969,12.532983,12.532997,12.533009,12.533023,12.533035,12.533048
1,0.1186,0.6071,0.2584,81,11.532993
2,0.1164,0.6076,0.2584,81,81,11.93323,11.933259
3,0.1152,0.6079,0.2584,81,81,81,12.1996,12.199625,12.133003
4,0.0999,0.6112,0.2584,81,81,81,81,12.26653,12.266556,12.1999,12.199911
5,0.0906,0.6131,0.2584,81,81,81,81,81,12.332893,12.332934,12.332954,12.332981,12.199675
6,0.0841,0.6145,0.2584,81,81,81,81,81,81,12.399843,12.46652,12.399863,12.399873,12.399898,12.399908
7,0.0842,0.6145,0.2584,81,81,81,81,81,81,81,12.399692,12.399716,12.399743,12.399779,12.399792,12.399803,12.399817
8,0.0847,0.6144,0.2584,81,81,81,81,81,81,81,81,12.266421,12.266444,12.266454,12.266464,12.266474,12.266501,12.266526,12.266565
9,0.0839,0.6146,0.2584,81,81,81,81,81,81,81,81,81,12.466337,12.466361,12.46639,12.466413,12.466437,12.466476,12.466489,12.466515,12.466528
10,0.0839,0.6146,0.2584,81,81,81,81,81,81,81,81,81,81,12.466303,12.46635,12.466377,12.466415,12.466442,12.466453,12.466463,12.46649,12.466512,12.466537
11,0.0842,0.6145,0.2584,81,81,81,81,81,81,81,81,81,81,81,12.399598,12.399621,12.399662,12.399691,12.399716,12.399729,12.399742,12.399782,12.399807,12.399831,12.399842
12,0.0836,0.6147,0.2584,81,81,81,81,81,81,81,81,81,81,81,81,12.532746,12.532787,12.532808,12.532832,12.532842,12.532854,12.532886,12.532909,12.532919,12.532951,12.532986,12.533013
13,0.0836,0.6147,0.2584,81,81,81,81,81,81,81,81,81,81,81,81,81,12.532608,12.532632,12.532656,12.532666,12.532707,12.532734,12.532775,12.532787,12.532812,12.53284,12.53285,12.532861,12.532873
14,0.0842,0.6145,0.2584,81,81,81,81,81,81,81,81,81,81,81,81,81,81,12.39964,12.39965,12.39966,12.399683,12.399708,12.399719,12.399754,12.399778,12.399788,12.399817,12.399828,12.399853,12.399864,12.399887
15,0.0842,0.6145,0.2584,81,81,81,81,81,81,81,81,81,81,81,81,81,81,81,12.399521,12.399533,12.399545,12.399575,12.399602,12.399615,12.399644,12.39967,12.399699,12.399727,12.399769,12.399792,12.399804,12.399816,12.399851
16,0.0836,0.6147,0.2584,81,81,81,81,81,81,81,81,81,81,81,81,81,81,81,81,12.531956,12.531968,12.531997,12.532011,12.532023,12.532048,12.532063,12.532105,12.532129,12.532142,12.532154,12.532166,12.53218,12.532193,12.532218,12.53223
17,0.0839,0.6146,0.2584,81,81,81,81,81,81,81,81,81,81,81,81,81,81,81,81,81,12.46629,12.4663,12.466322,12.466333,12.466344,12.466367,12.466378,12.466389,12.4664,12.466411,12.466421,12.466432,12.466442,12.466453,12.466464,12.466475,12.466485
18,0.0842,0.6145,0.2584,81,81,81,81,81,81,81,81,81,81,81,81,81,81,81,81,81,81,12.399447,12.399459,12.399503,12.399547,12.399585,12.399599,12.399627,12.399665,12.399677,12.399705,12.399718,12.399745,12.399758,12.399771,12.399812,12.399838,12.39985,12.399864
19,0.084,0.6146,0.2584,81,81,81,81,81,81,81,81,81,81,81,81,81,81,81,81,81,81,81,12.466172,12.466184,12.466195,12.466232,12.466244,12.466255,12.466268,12.399616,12.466293,12.466305,12.466318,12.466347,12.399695,12.399721,12.466398,12.466412,12.399761,12.399773,12.399786
20,0.0836,0.6147,0.2584,81,81,81,81,81,81,81,81,81,81,81,81,81,81,81,81,81,81,81,81,12.532728,12.532769,12.532793,12.532826,12.532853,12.532892,12.532921,12.532934,12.532947,12.532961,12.53299,12.533002,12.533015,12.533057,12.533083,12.533112,12.533124,12.533139,12.533152,12.533165
21,0.0841,0.6146,0.2584,81,81,81,81,81,81,81,81,81,81,81,81,81,81,81,81,81,81,81,81,81,12.465769,12.465784,12.465841,12.465886,12.46593,12.46596,12.465994,12.332706,12.46606,12.4661,12.399474,12.399514,12.399554,12.399592,12.399619,12.399649,12.399664,12.399705,12.399721,12.399747,12.399767
1,0.1194,0.607,0.2584,81,11.399811
2,0.115,0.6079,0.2584,81,81,12.19985,12.199931
3,0.1155,0.6078,0.2584,81,81,81,12.133244,12.133254,12.066597
