1,0.0,0.0,0.0,3,12.39999
2,0.0023,0.0001,0.0,3,3,8.166582,8.166596
3,0.0372,0.0074,0.0,3,3,3,5.533305,5.433307,5.499983
4,0.0979,0.0288,0.0,3,3,3,3,4.333224,4.333235,4.333236,4.366571
5,0.1609,0.0589,0.0,3,3,3,3,3,3.699908,3.66658,3.699914,3.733255,3.699928
6,0.183,0.0699,0.0,3,3,3,3,3,3,3.099923,3.099926,3.099929,3.133265,3.13327,3.06661
7,0.2429,0.1251,0.0,3,3,3,3,3,3,3,2.666585,2.666586,2.699921,2.666593,2.699929,2.6666,2.63327
8,0.4079,0.3157,0.0,3,3,3,3,3,3,3,3,2.366581,2.333251,2.366587,2.36659,2.366591,2.366594,2.366597,2.366598
9,0.5287,0.4554,0.0,3,3,3,3,3,3,3,3,3,2.09991,2.166575,2.06658,2.099916,2.066588,2.166588,2.099928,2.099933,2.099937
10,0.6273,0.5693,0.0,3,3,3,3,3,3,3,3,3,3,1.866597,1.899931,1.866601,1.966601,1.899938,1.966604,1.833276,1.866609,1.766613,1.799946
11,0.694,0.6463,0.0,3,3,3,3,3,3,3,3,3,3,3,1.699938,1.633277,1.66661,1.63328,1.833275,1.633284,1.633285,1.83328,1.733283,1.699952,1.66662
12,0.7422,0.702,0.0,3,3,3,3,3,3,3,3,3,3,3,3,1.433251,1.733234,1.466585,1.499918,1.499921,1.533255,1.666585,1.633256,1.499931,1.533264,1.43327,1.733259
13,0.7754,0.7404,0.0,3,3,3,3,3,3,3,3,3,3,3,3,3,1.433251,1.466586,1.399925,1.499921,1.399928,1.566589,1.433264,1.433265,1.533261,1.233276,1.666591,1.299942,1.499935
14,0.8068,0.7768,0.0,3,3,3,3,3,3,3,3,3,3,3,3,3,3,1.366597,1.333266,1.233272,1.233273,1.466597,1.466598,1.166613,1.299941,1.333274,1.233279,1.466604,1.533269,1.299946,1.399943
15,0.8382,0.813,0.0,3,3,3,3,3,3,3,3,3,3,3,3,3,3,3,1.133263,1.199927,1.166598,1.166601,1.399923,1.133273,1.299933,1.433261,1.133276,1.333267,1.299937,1.233274,1.166611,1.13328,1.233277
16,0.8569,0.8346,0.0,3,3,3,3,3,3,3,3,3,3,3,3,3,3,3,3,1.066587,1.066589,1.099922,1.333242,0.966602,1.16659,1.166591,1.299918,1.166595,1.133268,0.966612,1.199933,1.166603,1.233268,1.366596,1.099945
17,0.8709,0.8508,0.0,3,3,3,3,3,3,3,3,3,3,3,3,3,3,3,3,3,0.899938,1.099925,1.133256,1.066595,1.099927,1.13326,1.066599,1.0666,0.866614,1.333254,1.066605,1.133269,1.033275,1.166603,1.166604,1.099942,1.233269
18,0.8865,0.8688,0.0,3,3,3,3,3,3,3,3,3,3,3,3,3,3,3,3,3,3,1.166582,1.066589,1.233246,1.199917,0.999932,1.066596,1.13326,1.133261,0.766619,1.066601,1.033271,0.99994,0.933278,0.933279,0.866617,0.966613,0.999946,0.933284
19,0.8974,0.8815,0.0,3,3,3,3,3,3,3,3,3,3,3,3,3,3,3,3,3,3,3,0.933256,1.03325,1.133245,0.999923,0.999924,0.933264,1.066589,0.799943,0.899938,0.999932,0.93327,1.19992,1.033266,1.13326,0.933274,0.766619,1.133265,0.833284,0.766622
20,0.9072,0.8928,0.0,3,3,3,3,3,3,3,3,3,3,3,3,3,3,3,3,3,3,3,3,1.133249,1.066589,1.06659,0.933267,0.799944,1.199917,0.899939,0.766616,0.866609,0.933272,0.933273,0.999936,1.199924,0.666625,1.166594,0.799951,0.699957,0.76662,0.733289,0.766622
21,0.9123,0.8986,0.0,3,3,3,3,3,3,3,3,3,3,3,3,3,3,3,3,3,3,3,3,3,1.033251,0.933261,0.933261,0.566623,0.766609,1.13325,0.633288,0.799943,0.99993,0.933269,0.566629,1.133258,0.86661,1.133261,0.833281,1.033269,0.999938,0.966608,0.966609,0.766621,0.766622
