1,0.5711,0.1121,0.5579,81,8.399862
2,0.5738,0.1154,0.5579,81,81,8.166627,8.166641
3,0.573,0.1145,0.5579,81,81,81,8.233308,8.233313,8.233317
4,0.5715,0.1126,0.5579,81,81,81,81,8.366621,8.366626,8.366631,8.366636
5,0.5718,0.113,0.5579,81,81,81,81,81,8.333174,8.333179,8.333183,8.333187,8.333191
6,0.5722,0.1135,0.5579,81,81,81,81,81,81,8.299822,8.299826,8.29983,8.299834,8.299838,8.299843
7,0.5726,0.114,0.5579,81,81,81,81,81,81,81,8.266587,8.266591,8.266596,8.2666,8.266605,8.26661,8.266614
8,0.5726,0.114,0.5579,81,81,81,81,81,81,81,81,8.266448,8.266452,8.266456,8.26646,8.266464,8.266468,8.266472,8.266477
9,0.5734,0.1149,0.5579,81,81,81,81,81,81,81,81,81,8.199922,8.199926,8.199929,8.199934,8.199937,8.199941,8.199945,8.199949,8.199954
10,0.575,0.1169,0.5579,81,81,81,81,81,81,81,81,81,81,8.066578,8.066582,8.066585,8.066589,8.066593,8.066597,8.066601,8.066605,8.066609,8.066613
11,0.5742,0.1159,0.5579,81,81,81,81,81,81,81,81,81,81,81,8.133227,8.133232,8.133236,8.133241,8.133246,8.13325,8.133254,8.133258,8.133262,8.133266,8.13327
12,0.5746,0.1164,0.5579,81,81,81,81,81,81,81,81,81,81,81,81,8.099856,8.099861,8.099865,8.099869,8.099872,8.099877,8.099881,8.099884,8.099888,8.099893,8.099901,8.099905
13,0.5772,0.1196,0.5579,81,81,81,81,81,81,81,81,81,81,81,81,81,7.899905,7.899909,7.899913,7.899918,7.899922,7.899927,7.899931,7.899936,7.89994,7.899944,7.899949,7.899953,7.899958
14,0.5776,0.1201,0.5579,81,81,81,81,81,81,81,81,81,81,81,81,81,81,7.866582,7.866585,7.866589,7.866593,7.866597,7.866601,7.866605,7.866608,7.866612,7.866616,7.86662,7.866625,7.86663,7.866634
15,0.5772,0.1196,0.5579,81,81,81,81,81,81,81,81,81,81,81,81,81,81,81,7.899849,7.899852,7.899858,7.899863,7.899867,7.899872,7.899877,7.899882,7.899887,7.899893,7.899899,7.899905,7.899911,7.899917,7.899922
16,0.5754,0.1175,0.5579,81,81,81,81,81,81,81,81,81,81,81,81,81,81,81,81,8.033235,8.033239,8.033243,8.033246,8.03325,8.033254,8.033258,8.033263,8.033266,8.03327,8.033274,8.033278,8.033282,8.033286,8.033289,8.033293
17,0.5759,0.118,0.5579,81,81,81,81,81,81,81,81,81,81,81,81,81,81,81,81,81,7.999735,7.999739,7.999744,7.99975,7.999755,7.999759,7.999764,7.999769,7.999773,7.999778,7.999782,7.999788,7.999792,7.999797,7.999801,7.999807,7.999813
18,0.5776,0.1201,0.5579,81,81,81,81,81,81,81,81,81,81,81,81,81,81,81,81,81,81,7.866549,7.866553,7.866558,7.866562,7.866567,7.866571,7.866576,7.866581,7.866585,7.86659,7.866595,7.866599,7.866604,7.866609,7.866612,7.866617,7.866621,7.866626
19,0.5763,0.1185,0.5579,81,81,81,81,81,81,81,81,81,81,81,81,81,81,81,81,81,81,81,7.96628,7.966286,7.966291,7.966298,7.966304,7.966309,7.966315,7.966321,7.966327,7.966333,7.966339,7.966345,7.966352,7.966358,7.966362,7.966369,7.966375,7.966381,7.966387
20,0.5767,0.1191,0.5579,81,81,81,81,81,81,81,81,81,81,81,81,81,81,81,81,81,81,81,81,7.933198,7.933202,7.933206,7.933211,7.933215,7.93322,7.933224,7.933228,7.933233,7.933238,7.933242,7.933246,7.933251,7.933256,7.933259,7.933264,7.933268,7.933273,7.933277,7.933282
21,0.5767,0.1191,0.5579,81,81,81,81,81,81,81,81,81,81,81,81,81,81,81,81,81,81,81,81,81,7.933203,7.933207,7.933211,7.933215,7.933219,7.933223,7.933227,7.93323,7.933235,7.933239,7.933243,7.933247,7.933251,7.933255,7.933258,7.933262,7.933267,7.933271,7.933275,7.933279,7.933282
1,0.5722,0.1135,0.5579,81,8.29994
2,0.5726,0.114,0.5579,81,81,8.266633,8.266642
3,0.573,0.1145,0.5579,81,81,81,8.233279,8.233283,8.233288
