1,0.0,0.0,0.0,51,15
2,0.0,0.0,0.0067,57,57,13,13
3,0.0,0.0,0.0067,57,57,57,13,13,13
4,0.0,0.0,0.0067,57,57,57,57,13,13,13,13
5,0.0,0.0,0.0067,57,57,57,57,57,13,13,13,13,13
6,0.0,0.0,0.0067,57,57,57,57,57,57,13,13,13,13,13,13
7,0.0,0.0,0.0067,57,57,57,57,57,57,57,13,13,13,13,13,13,13
8,0.0777,0.0632,0.0235,57,57,57,57,57,57,57,75,13,13,13,13,13,13,13,2
9,0.1382,0.1123,0.0366,57,57,57,57,57,57,57,75,75,13,13,13,13,13,13,13,2,2
10,0.1806,0.1503,0.0336,57,57,57,57,57,57,57,75,57,75,13,13,13,13,13,13,13,2,2,2
11,0.2207,0.1826,0.0434,57,57,57,57,57,57,57,75,57,75,75,13,13,13,13,13,13,13,2,2,2,2
12,0.2541,0.2095,0.0515,57,57,57,57,57,57,57,75,57,75,75,75,13,13,13,13,13,13,13,2,2,2,2,2
13,0.2824,0.2322,0.0584,57,57,57,57,57,57,57,75,57,75,75,75,75,13,13,13,13,13,13,13,2,2,2,2,2,2
14,0.3066,0.2518,0.0643,57,57,57,57,57,57,57,75,57,75,75,75,75,75,13,13,13,13,13,13,13,2,2,2,2,2,2,2
15,0.3277,0.2687,0.0694,57,57,57,57,57,57,57,75,57,75,75,75,75,75,75,13,13,13,13,13,13,13,2,2,2,2,2,2,2,2
16,0.346,0.2835,0.0739,57,57,57,57,57,57,57,75,57,75,75,75,75,75,75,75,13,13,13,13,13,13,13,2,2,2,2,2,2,2,2,2
17,0.3623,0.2965,0.0779,57,57,57,57,57,57,57,75,57,75,75,75,75,75,75,75,75,13,13,13,13,13,13,13,2,2,2,2,2,2,2,2,2,2
18,0.3767,0.3081,0.0814,57,57,57,57,57,57,57,75,57,75,75,75,75,75,75,75,75,75,13,13,13,13,13,13,13,2,2,2,2,2,2,2,2,2,2,2
19,0.4223,0.3451,0.0916,57,57,57,57,57,57,75,75,57,75,75,75,75,75,75,75,75,75,75,13,13,13,13,13,13,2,2,2,2,2,2,2,2,2,2,2,2,2
20,0.4323,0.3531,0.0941,57,57,57,57,57,57,75,75,57,75,75,75,75,75,75,75,75,75,75,75,13,13,13,13,13,13,2,2,2,2,2,2,2,2,2,2,2,2,2,2
21,0.4413,0.3604,0.0964,57,57,57,57,57,57,75,75,57,75,75,75,75,75,75,75,75,75,75,75,75,13,13,13,13,13,13,2,2,2,2,2,2,2,2,2,2,2,2,2,2,2
1,0.0,0.0,0.0,51,15
2,0.0,0.0,0.0067,57,57,13,13
3,0.0,0.0,0.0067,57,57,57,13,13,13
4,0.0,0.0,0.0067,57,57,57,57,13,13,13,13
5,0.0,0.0,0.0067,57,57,57,57,57,13,13,13,13,13
6,0.0,0.0,0.0067,57,57,57,57,57,57,13,13,13,13,13,13
7,0.0,0.0,0.0067,57,57,57,57,57,57,57,13,13,13,13,13,13,13
8,0.0777,0.0632,0.0235,57,57,57,57,57,57,57,75,13,13,13,13,13,13,13,2
9,0.1382,0.1123,0.0366,57,57,57,57,57,57,57,75,75,13,13,13,13,13,13,13,2,2
10,0.1806,0.1503,0.0336,57,57,57,57,57,57,57,75,57,75,13,13,13,13,13,13,13,2,2,2
11,0.2207,0.1826,0.0434,57,57,57,57,57,57,57,75,57,75,75,13,13,13,13,13,13,13,2,2,2,2
12,0.2541,0.2095,0.0515,57,57,57,57,57,57,57,75,57,75,75,75,13,13,13,13,13,13,13,2,2,2,2,2
13,0.2824,0.2322,0.0584,57,57,57,57,57,57,57,75,57,75,75,75,75,13,13,13,13,13,13,13,2,2,2,2,2,2
14,0.3066,0.2518,0.0643,57,57,57,57,57,57,57,75,57,75,75,75,75,75,13,13,13,13,13,13,13,2,2,2,2,2,2,2
15,0.3277,0.2687,0.0694,57,57,57,57,57,57,57,75,57,75,75,75,75,75,75,13,13,13,13,13,13,13,2,2,2,2,2,2,2,2
16,0.346,0.2835,0.0739,57,57,57,57,57,57,57,75,57,75,75,75,75,75,75,75,13,13,13,13,13,13,13,2,2,2,2,2,2,2,2,2
17,0.3623,0.2965,0.0779,57,57,57,57,57,57,57,75,57,75,75,75,75,75,75,75,75,13,13,13,13,13,13,13,2,2,2,2,2,2,2,2,2,2
18,0.3767,0.3081,0.0814,57,57,57,57,57,57,57,75,57,75,75,75,75,75,75,75,75,75,13,13,13,13,13,13,13,2,2,2,2,2,2,2,2,2,2,2
19,0.4223,0.3451,0.0916,57,57,57,57,57,57,75,75,57,75,75,75,75,75,75,75,75,75,75,13,13,13,13,13,13,2,2,2,2,2,2,2,2,2,2,2,2,2
20,0.4323,0.3531,0.0941,57,57,57,57,57,57,75,75,57,75,75,75,75,75,75,75,75,75,75,75,13,13,13,13,13,13,2,2,2,2,2,2,2,2,2,2,2,2,2,2
21,0.4413,0.3604,0.0964,57,57,57,57,57,57,75,75,57,75,75,75,75,75,75,75,75,75,75,75,75,13,13,13,13,13,13,2,2,2,2,2,2,2,2,2,2,2,2,2,2,2
