3,0.0655,0.7223,0.0,3,3,3,5.566597,5.566598,5.533277
6,0.6891,0.7221,0.0,3,3,3,3,3,3,3.166578,3.166581,3.133254,3.133256,3.166592,3.199928
9,0.8588,0.7221,0.0,3,3,3,3,3,3,3,3,3,2.099926,2.133259,2.133262,2.099933,2.166599,2.133267,2.099936,2.23327,2.06661
12,0.9225,0.7221,0.0,3,3,3,3,3,3,3,3,3,3,3,3,1.533245,1.533247,1.73324,1.633247,1.633251,1.599923,1.466598,1.599928,1.566598,1.599933,1.533271,1.499941
15,0.9515,0.7221,0.0,3,3,3,3,3,3,3,3,3,3,3,3,3,3,3,1.233261,1.333256,1.466584,1.166602,1.366591,1.133271,1.233267,1.266602,1.166608,1.199941,1.299939,1.199945,1.133282,1.099951,1.399939
18,0.9662,0.7221,0.0,3,3,3,3,3,3,3,3,3,3,3,3,3,3,3,3,3,3,1.199919,1.033265,1.099929,0.933274,0.966605,1.099931,0.833282,1.099935,0.999942,0.766623,1.166601,1.199934,1.066608,0.933284,1.199937,0.933286,1.133278,1.033283
21,0.9749,0.7221,0.0,3,3,3,3,3,3,3,3,3,3,3,3,3,3,3,3,3,3,3,3,3,1.099953,1.233281,0.699971,0.733304,0.833301,1.033294,0.499982,0.866636,0.699976,0.766641,1.066632,0.966637,1.066634,0.899973,1.066635,0.466653,0.766646,0.933308,0.766646,1.133304,0.833312
3,0.0658,0.7222,0.0,3,3,3,5.533238,5.499911,5.533262
6,0.6879,0.7221,0.0,3,3,3,3,3,3,3.166591,3.199927,3.133265,3.166599,3.13327,3.199939
9,0.8593,0.7221,0.0,3,3,3,3,3,3,3,3,3,2.166595,2.099934,2.13327,2.066608,2.099941,2.099944,2.16661,2.133279,2.166612
12,0.9201,0.7221,0.0,3,3,3,3,3,3,3,3,3,3,3,3,1.633254,1.69992,1.599926,1.499932,1.733258,1.533268,1.666597,1.499938,1.666599,1.533271,1.599937,1.533275
15,0.9503,0.7221,0.0,3,3,3,3,3,3,3,3,3,3,3,3,3,3,3,1.199925,1.233257,1.333252,1.266591,1.466581,1.366588,1.1666,1.033275,1.299928,1.133271,1.233266,1.466587,1.333262,1.199936,1.199937
18,0.9653,0.7221,0.0,3,3,3,3,3,3,3,3,3,3,3,3,3,3,3,3,3,3,0.899938,1.366574,0.999933,0.86661,1.066598,1.066599,0.866613,0.999938,0.933276,1.199928,1.299923,0.866616,1.066606,0.999944,1.166603,0.966615,1.099942,1.099944
21,0.9745,0.7221,0.0,3,3,3,3,3,3,3,3,3,3,3,3,3,3,3,3,3,3,3,3,3,0.933122,0.833146,0.933124,0.933124,0.96645,0.56654,0.866473,0.766496,1.133082,0.733171,0.899802,0.733173,0.733173,0.999783,0.933132,1.233068,0.799828,1.133091,0.766503,1.066439,0.766504
3,0.0687,0.7222,0.0,3,3,3,5.499977,5.466646,5.466656
6,0.6869,0.7221,0.0,3,3,3,3,3,3,3.16659,3.166596,3.19993,3.166599,3.166603,3.166606
9,0.8603,0.7221,0.0,3,3,3,3,3,3,3,3,3,2.166594,2.099934,2.099937,2.133272,2.066611,2.166611,2.099949,2.133284,2.099953
12,0.9213,0.7221,0.0,3,3,3,3,3,3,3,3,3,3,3,3,1.599922,1.599923,1.599925,1.566595,1.699926,1.599931,1.633264,1.566601,1.599935,1.533273,1.566607,1.499945
15,0.9502,0.7221,0.0,3,3,3,3,3,3,3,3,3,3,3,3,3,3,3,1.033271,1.399917,1.266594,1.199932,1.13327,1.566581,1.266598,1.266599,1.533252,1.133274,1.199938,0.933286,1.233271,1.39993,1.299935
