4,0.4045,0.6061,0.4524,81,81,81,81,9.266547,9.299884,9.266572,9.266626
8,0.4053,0.6061,0.4524,81,81,81,81,81,81,81,81,9.233175,9.233179,9.233184,9.199869,9.166549,9.133223,9.066564,9.066568
12,0.4064,0.606,0.4524,81,81,81,81,81,81,81,81,81,81,81,81,9.166521,9.166533,9.166544,9.133219,9.066559,8.999908,8.933251,8.999934,8.999941,8.999946,8.866624,8.833297
16,0.4079,0.6059,0.4524,81,81,81,81,81,81,81,81,81,81,81,81,81,81,81,81,9.099761,9.099766,9.066437,9.066445,9.033127,9.033143,8.899823,8.866502,8.799847,8.699855,8.733195,8.733203,8.666551,8.533225,8.566574,8.633251
20,0.4099,0.6058,0.4524,81,81,81,81,81,81,81,81,81,81,81,81,81,81,81,81,81,81,81,81,8.933147,8.899818,8.833158,8.79983,8.799831,8.666508,8.666519,8.63319,8.633199,8.666536,8.599875,8.599879,8.566555,8.433228,8.533243,8.533248,8.433253,8.466595,8.366605,8.399943
4,0.4061,0.606,0.4524,81,81,81,81,9.099968,9.133306,9.066643,8.999981
8,0.404,0.6061,0.4524,81,81,81,81,81,81,81,81,9.39994,9.333279,9.399951,9.366623,9.299962,9.299967,9.333305,9.33331
12,0.4067,0.606,0.4524,81,81,81,81,81,81,81,81,81,81,81,81,9.066339,9.033012,9.033016,8.99969,8.966365,9.033036,9.033043,8.999717,8.999724,8.966398,8.933072,8.966411
16,0.4066,0.606,0.4524,81,81,81,81,81,81,81,81,81,81,81,81,81,81,81,81,9.166221,9.166226,9.166231,9.099572,9.066246,8.966256,8.932929,9.032929,8.966271,8.999608,8.932949,8.932954,8.966291,8.732972,8.932968,8.932973
20,0.4081,0.6059,0.4524,81,81,81,81,81,81,81,81,81,81,81,81,81,81,81,81,81,81,81,81,9.199556,9.19956,9.199565,9.099575,9.066248,8.932926,8.899599,8.899604,8.866277,8.732953,8.732958,8.732964,8.666305,8.599645,8.632984,8.666321,8.699657,8.599666,8.599671,8.633008
4,0.4061,0.606,0.4524,81,81,81,81,9.099963,9.099969,9.099974,9.033312
8,0.4039,0.6061,0.4524,81,81,81,81,81,81,81,81,9.433246,9.433251,9.399921,9.399926,9.2666,9.333272,9.333277,9.333283
12,0.4062,0.606,0.4524,81,81,81,81,81,81,81,81,81,81,81,81,9.266579,9.299916,9.166589,9.166593,9.066599,9.066603,9.066607,8.966612,8.933284,8.933289,8.89996,8.899966
16,0.4062,0.606,0.4524,81,81,81,81,81,81,81,81,81,81,81,81,81,81,81,81,9.366507,9.366512,9.366521,9.333194,9.2332,9.066541,9.033214,9.066552,8.999891,8.966562,8.999901,8.866574,8.866579,8.866584,8.866589,8.833261
20,0.4062,0.606,0.4524,81,81,81,81,81,81,81,81,81,81,81,81,81,81,81,81,81,81,81,81,9.466475,9.46648,9.433153,9.33316,9.199836,9.199841,9.099847,9.166517,9.033192,8.999866,8.833208,8.999879,8.999885,8.933231,8.866568,8.833241,8.833248,8.766588,8.799927,8.733267
