1,0.0343,0.0229,0.0,39,7.466659
2,0.5578,0.0231,0.0,33,39,3.73332,3.733329
3,0.0299,0.0409,0.0435,57,75,75,6.26665,9.933312,9.933317
4,0.4708,0.3752,0.5579,81,81,81,81,9.933299,9.933303,9.933308,9.933313
2,0.0001,0.0221,0.0,33,39,14.833235,14.833273
3,0.0026,0.0233,0.0048,33,51,51,11.966563,11.966579,11.966597
4,0.0023,0.0339,0.0326,75,51,51,75,12.366564,12.399919,12.399942,12.366614
5,0.0003,0.0436,0.0579,75,75,75,75,75,15.666506,15.63319,15.666529,15.666556,15.63323
6,0.0006,0.0437,0.0579,75,75,75,75,75,75,15.199858,15.233206,15.233228,15.233235,15.233251,15.233265
7,0.0006,0.0437,0.0579,75,75,75,75,75,75,75,14.833149,14.833156,14.833164,14.833172,14.833179,14.833187,14.833195
8,0.0006,0.0437,0.0579,75,75,75,75,75,75,75,75,14.666572,14.666578,14.666583,14.666589,14.666596,14.666603,14.666609,14.666615
9,0.0014,0.0438,0.0579,75,75,75,75,75,75,75,75,75,13.999807,13.999814,13.99983,13.999851,13.999869,13.999877,13.999891,13.999898,13.999905
10,0.0015,0.0438,0.0579,75,75,75,75,75,75,75,75,75,75,13.699486,13.732826,13.732832,13.732839,13.699516,13.699526,13.699535,13.732876,13.732886,13.732896
11,0.3161,0.2838,0.417,57,69,69,81,81,81,81,81,81,81,81,9.565107,9.19851,9.231842,11.731445,11.73145,11.731457,11.731462,11.731468,11.698148,11.731482,11.731488
12,0.0034,0.0441,0.0579,75,75,75,75,75,75,75,75,75,75,75,75,12.766523,12.766529,12.766535,12.76654,12.766547,12.766553,12.766559,12.766564,12.76657,12.766576,12.766582,12.766588
13,0.0033,0.0441,0.0579,75,75,75,75,75,75,75,75,75,75,75,75,75,12.799714,12.799735,12.799768,12.799783,12.799798,12.799806,12.799823,12.799846,12.799861,12.799878,12.799901,12.799925,12.799933
14,0.3374,0.2796,0.4112,57,69,69,69,81,81,81,81,81,81,81,81,81,81,10.499879,10.433221,10.433225,10.433231,10.466569,10.466574,10.499913,10.499918,10.499923,10.499928,10.499933,10.499937,10.499942,10.499946
15,0.0912,0.1097,0.155,57,75,75,75,75,75,75,75,75,75,75,75,81,81,81,10.26646,11.666456,11.666468,11.666473,11.666491,11.666496,11.666501,11.666506,11.666512,11.666522,11.666528,11.666533,11.666538,11.666541,11.666547
16,0.1124,0.1263,0.1802,57,75,75,75,75,75,75,75,75,75,75,75,81,81,81,81,10.966318,11.366323,11.366328,11.333002,11.36634,11.333013,11.333019,11.333025,11.333031,11.333037,11.333048,11.333054,11.33306,11.333064,11.333076,11.366415
17,0.1318,0.141,0.2024,57,75,75,75,75,75,75,75,75,75,75,75,81,81,81,81,81,10.999688,10.99971,10.999724,10.99975,10.999763,10.999777,10.999791,10.999805,10.999818,10.999832,10.999845,10.99986,10.999872,10.999882,10.999905,10.999921,10.999928
18,0.1653,0.1543,0.2222,57,75,75,75,75,75,75,75,75,75,75,75,81,81,81,81,81,81,10.799847,10.83319,10.833194,10.833199,10.833204,10.833209,10.833213,10.833218,10.833222,10.833227,10.833232,10.833237,10.833242,10.833244,10.833248,10.833253,10.833258,10.833263
19,0.2054,0.1833,0.2662,57,75,75,75,75,75,75,75,75,75,75,81,81,81,81,81,81,81,81,10.632515,10.632538,10.632543,10.599226,10.599237,10.599241,10.599246,10.599258,10.599268,10.599274,10.63261,10.599289,10.599294,10.599303,10.599313,10.63265,10.599324,10.599329,10.599345
20,0.2194,0.1929,0.2808,57,75,75,75,75,75,75,75,75,75,75,81,81,81,81,81,81,81,81,81,10.36645,10.366459,10.366463,10.366468,10.366477,10.366487,10.366491,10.366496,10.3665,10.366505,10.366509,10.366514,10.366518,10.366523,10.366528,10.366532,10.366537,10.366541,10.366546,10.366551
21,0.2307,0.2016,0.294,57,75,75,75,75,75,75,75,75,75,75,81,81,81,81,81,81,81,81,81,81,10.4664,10.499747,10.466419,10.466425,10.466429,10.466434,10.499772,10.499777,10.499783,10.499788,10.499798,10.499803,10.499808,10.49981,10.499821,10.499827,10.499831,10.499841,10.499847,10.499852,10.499858
