1,0.0163,0.6783,0.0,3,8.433295
2,0.3576,0.6824,0.0,3,3,4.499972,4.499973
3,0.7038,0.6824,0.0,3,3,3,3.066652,3.033322,3.066659
4,0.8198,0.6824,0.0,3,3,3,3,2.399987,2.366657,2.333326,2.433327
5,0.8806,0.6824,0.0,3,3,3,3,3,1.933301,1.966635,1.933303,1.933305,1.933306
6,0.9177,0.6824,0.0,3,3,3,3,3,3,1.599967,1.599968,1.633302,1.59997,1.599971,1.633305
7,0.9399,0.6824,0.0,3,3,3,3,3,3,3,1.366635,1.366636,1.399969,1.39997,1.366638,1.366639,1.36664
8,0.954,0.6824,0.0,3,3,3,3,3,3,3,3,1.199966,1.233299,1.199968,1.199969,1.19997,1.199971,1.199971,1.199972
9,0.9626,0.6824,0.0,3,3,3,3,3,3,3,3,3,1.066635,1.066636,1.133301,1.09997,1.033305,1.099971,1.066639,1.099973,1.099973
10,0.9703,0.6824,0.0,3,3,3,3,3,3,3,3,3,3,1.033223,0.966564,0.999894,0.999895,0.933235,0.933236,0.933237,0.899907,0.999898,0.966568
11,0.9759,0.6824,0.0,3,3,3,3,3,3,3,3,3,3,3,0.766637,0.933297,0.833302,0.79997,0.899967,0.966632,0.799972,0.899969,0.933302,0.866638,0.866639
12,0.9797,0.6824,0.0,3,3,3,3,3,3,3,3,3,3,3,3,0.866605,0.799943,0.699951,0.933268,0.699951,0.833276,0.866607,0.766615,0.699953,0.799946,0.733285,0.86661
13,0.9827,0.6824,0.0,3,3,3,3,3,3,3,3,3,3,3,3,3,0.833298,0.733303,0.666639,0.766636,0.633308,0.633308,0.766637,0.799969,0.733306,0.699974,0.799971,0.666643,0.833304
14,0.9851,0.6824,0.0,3,3,3,3,3,3,3,3,3,3,3,3,3,3,0.799987,0.599991,0.733322,0.599991,0.766656,0.666658,0.733324,0.56666,0.699992,0.699992,0.633327,0.533328,0.699994,0.799993
15,0.9871,0.6824,0.0,3,3,3,3,3,3,3,3,3,3,3,3,3,3,3,0.533306,0.733296,0.733296,0.59997,0.633302,0.766629,0.733298,0.766631,0.599972,0.499977,0.566641,0.466646,0.633306,0.633306,0.566643
16,0.9886,0.6824,0.0,3,3,3,3,3,3,3,3,3,3,3,3,3,3,3,3,0.566639,0.799961,0.599971,0.599971,0.633303,0.666636,0.533309,0.466645,0.699968,0.666637,0.53331,0.566642,0.466647,0.733302,0.433315,0.499979
17,0.9897,0.6824,0.0,3,3,3,3,3,3,3,3,3,3,3,3,3,3,3,3,3,0.666424,0.433176,0.53314,0.566461,0.666425,0.499819,0.433177,0.399856,0.766391,0.599785,0.666428,0.433178,0.633107,0.4665,0.433179,0.633108,0.66643
18,0.9909,0.6824,0.0,3,3,3,3,3,3,3,3,3,3,3,3,3,3,3,3,3,3,0.733288,0.466638,0.633295,0.599964,0.566633,0.433308,0.499971,0.46664,0.46664,0.733292,0.466641,0.599967,0.499973,0.399979,0.299984,0.566637,0.333316,0.633301
19,0.9919,0.6824,0.0,3,3,3,3,3,3,3,3,3,3,3,3,3,3,3,3,3,3,3,0.366657,0.566652,0.566652,0.66665,0.433323,0.499988,0.299993,0.633319,0.466656,0.466657,0.399992,0.366659,0.666654,0.433325,0.499991,0.566657,0.533324,0.499992,0.466659
20,0.9925,0.6824,0.0,3,3,3,3,3,3,3,3,3,3,3,3,3,3,3,3,3,3,3,3,0.333314,0.399976,0.466639,0.499971,0.69996,0.566635,0.399978,0.699961,0.366646,0.499973,0.333315,0.533305,0.399979,0.566637,0.399979,0.366648,0.466643,0.366648,0.333317,0.699966
21,0.9934,0.6824,0.0,3,3,3,3,3,3,3,3,3,3,3,3,3,3,3,3,3,3,3,3,3,0.433304,0.29998,0.466635,0.466636,0.366643,0.299981,0.533299,0.5333,0.333312,0.666625,0.633294,0.466638,0.299982,0.366645,0.566633,0.566634,0.46664,0.499971,0.333315,0.299983,0.399978
