1,0.0001,0.0221,0.0,39,15,312.0435
2,0.0001,0.0221,0.0,33,39,15,15,348.3
3,0.0001,0.0221,0.0,33,39,39,15,15,15,382.3245
4,0.0003,0.0233,0.0054,33,51,51,51,13,15,15,15,397.9968
5,0.0002,0.0307,0.0148,57,57,57,57,57,15,15,15,15,15,399.7215
6,0.0018,0.023,0.0036,33,33,33,51,51,51,12,11,11,13,13,13,399.8793
7,0.0026,0.0229,0.0031,33,33,33,33,51,51,51,11,11,11,11,12,12,12,399.612
8,0.0122,0.0342,0.0326,75,51,51,51,51,75,75,75,15,9,9,9,8,15,15,15,408.5535
9,0.009,0.0374,0.041,75,51,51,51,75,75,75,75,75,15,9,9,8,15,15,15,15,15,408.1152
10,0.0065,0.04,0.0478,75,51,51,75,75,75,75,75,75,75,15,9,8,15,15,15,15,15,15,15,407.6769
11,0.0013,0.0426,0.054,75,57,75,75,75,75,75,75,75,75,75,15,11,15,15,15,15,15,15,15,15,15,403.4847
12,0.0006,0.0437,0.0579,75,75,75,75,75,75,75,75,75,75,75,75,15,15,15,15,15,15,15,15,15,15,15,15,399.609
13,0.0054,0.0409,0.0501,75,51,51,75,75,75,75,75,75,75,75,75,75,14,9,9,14,14,14,14,14,14,14,14,14,14,404.6922
14,0.0025,0.0425,0.0543,75,51,75,75,75,75,75,75,75,75,75,75,75,75,14,10,14,14,14,14,14,14,14,14,14,14,14,14,403.7232
15,0.0014,0.0438,0.0579,75,75,75,75,75,75,75,75,75,75,75,75,75,75,75,14,14,14,14,14,14,14,14,14,14,14,14,14,14,14,395.2578
16,0.0021,0.0439,0.0579,75,75,75,75,75,75,75,75,75,75,75,75,75,75,75,75,14,14,14,14,14,14,14,14,14,14,13,13,13,13,13,13,399.5034
17,0.006,0.0418,0.0519,75,51,51,75,75,75,75,75,75,75,75,75,75,75,75,75,75,13,9,9,13,13,13,13,13,13,13,13,13,13,13,13,13,13,404.8917
18,0.004,0.043,0.0551,75,51,75,75,75,75,75,75,75,75,75,75,75,75,75,75,75,75,13,10,13,13,13,13,13,13,13,13,13,13,13,13,13,13,13,13,402.8613
19,0.0033,0.0441,0.0579,75,75,75,75,75,75,75,75,75,75,75,75,75,75,75,75,75,75,75,13,13,13,13,13,13,13,13,13,13,13,13,13,13,13,13,13,13,13,394.6215
20,0.0039,0.0441,0.0579,75,75,75,75,75,75,75,75,75,75,75,75,75,75,75,75,75,75,75,75,13,13,13,13,13,13,13,13,13,13,13,13,13,13,13,13,13,12,12,12,399.9285
21,0.0064,0.0443,0.0579,75,75,75,75,75,75,75,75,75,75,75,75,75,75,75,75,75,75,75,75,75,13,13,13,13,13,12,12,12,12,12,12,12,12,12,12,12,12,12,12,12,12,399.9285
