1,0.0012,0.1428,0.0,3,8.466638
2,0.0957,0.1547,0.0,3,3,4.466655,4.466657
3,0.1827,0.169,0.0,3,3,3,3.133291,3.099959,3.099963
4,0.3846,0.173,0.0,3,3,3,3,2.399967,2.399969,2.39997,2.433305
5,0.6089,0.173,0.0,3,3,3,3,3,1.899967,1.933301,1.89997,1.933304,1.933305
6,0.7208,0.173,0.0,3,3,3,3,3,3,1.6333,1.633301,1.599969,1.633303,1.599971,1.633304
7,0.7921,0.173,0.0,3,3,3,3,3,3,3,1.399967,1.399968,1.399969,1.39997,1.39997,1.399971,1.399972
8,0.842,0.173,0.0,3,3,3,3,3,3,3,3,1.199589,1.19959,1.232913,1.199591,1.232914,1.232915,1.232915,1.232916
9,0.8785,0.173,0.0,3,3,3,3,3,3,3,3,3,1.099454,1.099454,1.066138,1.032822,1.06614,1.099457,1.032824,1.066142,1.066143
10,0.9,0.173,0.0,3,3,3,3,3,3,3,3,3,3,0.966631,0.899967,0.999964,0.966633,1.033298,1.033298,0.966634,0.966635,0.933303,0.933303
11,0.9191,0.173,0.0,3,3,3,3,3,3,3,3,3,3,3,0.866547,0.899876,0.833219,0.799891,0.899877,0.83322,0.899879,0.86655,0.89988,0.89988,0.89988
12,0.9313,0.173,0.0,3,3,3,3,3,3,3,3,3,3,3,3,0.733235,0.799893,0.833223,0.766566,0.766566,0.833225,0.799897,0.733239,0.899885,0.899886,0.733241,0.833229
13,0.9403,0.173,0.0,3,3,3,3,3,3,3,3,3,3,3,3,3,0.699971,0.699971,0.799968,0.699973,0.766637,0.833302,0.733306,0.79997,0.666642,0.766639,0.699975,0.76664,0.799973
14,0.9499,0.173,0.0,3,3,3,3,3,3,3,3,3,3,3,3,3,3,0.733303,0.666639,0.49998,0.733304,0.833301,0.533313,0.699973,0.733306,0.79997,0.666642,0.766639,0.599979,0.633311,0.633312
15,0.9554,0.173,0.0,3,3,3,3,3,3,3,3,3,3,3,3,3,3,3,0.699967,0.733299,0.799963,0.633305,0.766632,0.499978,0.599974,0.533311,0.833298,0.633307,0.633307,0.566644,0.566644,0.466648,0.633309
16,0.9616,0.173,0.0,3,3,3,3,3,3,3,3,3,3,3,3,3,3,3,3,0.799961,0.466644,0.433313,0.533308,0.733299,0.633304,0.566641,0.633305,0.466646,0.733301,0.733301,0.566642,0.599975,0.499979,0.466647,0.599976
17,0.9663,0.173,0.0,3,3,3,3,3,3,3,3,3,3,3,3,3,3,3,3,3,0.566637,0.599969,0.566638,0.633301,0.633302,0.533307,0.599971,0.599971,0.399981,0.666635,0.399982,0.333318,0.633305,0.466646,0.766634,0.466647,0.533311
18,0.9692,0.173,0.0,3,3,3,3,3,3,3,3,3,3,3,3,3,3,3,3,3,3,0.633292,0.333312,0.499968,0.633293,0.533299,0.633294,0.466638,0.299982,0.666626,0.299982,0.73329,0.566633,0.366645,0.69996,0.566634,0.499972,0.533304,0.433309
19,0.9719,0.173,0.0,3,3,3,3,3,3,3,3,3,3,3,3,3,3,3,3,3,3,3,0.666627,0.533302,0.466639,0.433308,0.433309,0.46664,0.699961,0.766624,0.333315,0.333315,0.43331,0.433311,0.333316,0.666632,0.299985,0.533307,0.299985,0.666634,0.599971
20,0.9758,0.173,0.0,3,3,3,3,3,3,3,3,3,3,3,3,3,3,3,3,3,3,3,3,0.466637,0.399975,0.333312,0.566631,0.566631,0.566632,0.366644,0.49997,0.333313,0.399976,0.599965,0.366645,0.599965,0.46664,0.499972,0.433309,0.599967,0.499973,0.466641,0.333315
21,0.977,0.173,0.0,3,3,3,3,3,3,3,3,3,3,3,3,3,3,3,3,3,3,3,3,3,0.399973,0.433305,0.666623,0.666623,0.533299,0.466637,0.633293,0.366644,0.333313,0.5333,0.49997,0.433307,0.333313,0.366645,0.299982,0.299983,0.399977,0.46664,0.46664,0.566635,0.333315
