2,0.0134,0.6461,0.2584,81,81,17.599854,17.599897
3,0.0134,0.6461,0.2584,81,81,81,17.633233,17.63326,17.633269
4,0.0135,0.646,0.2584,81,81,81,81,17.566541,17.56656,17.566588,17.56662
5,0.019,0.6416,0.2584,81,81,81,81,81,17.299848,17.299855,17.299864,17.299871,17.299878
6,0.0191,0.6415,0.2584,81,81,81,81,81,81,17.099867,17.099888,17.099896,17.099904,17.099911,17.099943
7,0.019,0.6415,0.2584,81,81,81,81,81,81,81,17.233102,17.233117,17.233144,17.233151,17.233182,17.233199,17.233226
8,0.0192,0.6414,0.2584,81,81,81,81,81,81,81,81,17.032792,17.032809,17.032842,17.032863,17.032893,17.032924,17.032944,17.032952
9,0.0193,0.6413,0.2584,81,81,81,81,81,81,81,81,81,16.833125,16.833139,16.833166,16.833186,16.833216,16.833231,16.833237,16.833245,16.833251
10,0.0191,0.6414,0.2584,81,81,81,81,81,81,81,81,81,81,17.066371,17.06641,17.06642,17.066442,17.066462,17.066491,17.066501,17.066531,17.066559,17.06658
11,0.0194,0.6412,0.2584,81,81,81,81,81,81,81,81,81,81,81,16.632983,16.633012,16.633029,16.633057,16.633085,16.633103,16.63311,16.63313,16.633139,16.633156,16.633182
12,0.0193,0.6413,0.2584,81,81,81,81,81,81,81,81,81,81,81,81,16.866134,16.866141,16.86616,16.866166,16.86619,16.866197,16.866228,16.866247,16.866266,16.866294,16.866322,16.866349
13,0.0195,0.6412,0.2584,81,81,81,81,81,81,81,81,81,81,81,81,81,16.599614,16.599633,16.599653,16.599679,16.599688,16.599696,16.599718,16.599734,16.599759,16.599779,16.599799,16.59983,16.599847
14,0.0195,0.6411,0.2584,81,81,81,81,81,81,81,81,81,81,81,81,81,81,16.499731,16.499738,16.499744,16.499759,16.499766,16.499787,16.499806,16.499814,16.499842,16.499862,16.499879,16.499898,16.499907,16.499913
15,0.0273,0.6361,0.2584,81,81,81,81,81,81,81,81,81,81,81,81,81,81,81,16.366174,16.366188,16.366214,16.366229,16.366237,16.366244,16.366252,16.366259,16.366266,16.366273,16.366282,16.3663,16.366307,16.366312,16.366319
16,0.0274,0.6361,0.2584,81,81,81,81,81,81,81,81,81,81,81,81,81,81,81,81,16.333067,16.333085,16.333101,16.333118,16.333132,16.33314,16.333147,16.333154,16.333169,16.333177,16.333184,16.333191,16.333206,16.333211,16.333219,16.333226
17,0.0275,0.636,0.2584,81,81,81,81,81,81,81,81,81,81,81,81,81,81,81,81,81,16.199616,16.199637,16.199662,16.199673,16.199684,16.199711,16.19974,16.199759,16.199771,16.199796,16.199807,16.199833,16.199843,16.19986,16.199871,16.199889,16.199908
18,0.0275,0.636,0.2584,81,81,81,81,81,81,81,81,81,81,81,81,81,81,81,81,81,81,16.232814,16.23283,16.232847,16.232861,16.23287,16.232878,16.232885,16.232909,16.232925,16.232934,16.232952,16.232971,16.232979,16.232998,16.233006,16.233023,16.233031,16.233047
19,0.0276,0.6359,0.2584,81,81,81,81,81,81,81,81,81,81,81,81,81,81,81,81,81,81,81,16.099601,16.099618,16.099636,16.099662,16.099677,16.099685,16.099694,16.099702,16.099712,16.099736,16.099755,16.099763,16.099778,16.099783,16.099791,16.099799,16.099807,16.099815,16.099825
20,0.0278,0.6358,0.2584,81,81,81,81,81,81,81,81,81,81,81,81,81,81,81,81,81,81,81,81,15.933056,15.933062,15.933069,15.933076,15.933091,15.933105,15.933113,15.933128,15.933135,15.933142,15.933149,15.933156,15.933164,15.933167,15.933174,15.933182,15.93319,15.933197,15.933204,15.933219
21,0.0276,0.6359,0.2584,81,81,81,81,81,81,81,81,81,81,81,81,81,81,81,81,81,81,81,81,81,16.066187,16.066196,16.066234,16.066264,16.066293,16.066322,16.06633,16.066358,16.066379,16.066399,16.06642,16.066439,16.06646,16.066471,16.066482,16.066492,16.066503,16.066514,16.066532,16.066543,16.066562
